60	1360
61	391
62	233
63	230
64	205
65	266
66	500
67	4182
68	7020
69	12920
70	7607
71	12910
72	5979
73	802
74	390
75	225
76	194
77	258
78	476
79	882
80	4770
81	7906
82	12730
83	11950
84	10920
85	7782
86	842
87	565
88	277
89	218
90	198
91	449
92	641
93	2632
94	7028
95	8466
96	15010
97	13950
98	41290
99	7247
100	891
101	564
102	316
103	291
104	363
105	541
106	980
107	1785
108	6594
109	6881
110	12500
111	11670
112	12680
113	3408
114	1199
115	646
116	2065
117	794
118	676
119	1254
120	1890
121	4210
122	6882
123	6874
124	9702
125	6905
126	7222
127	2303
128	733
129	3797
130	595
131	630
132	777
133	1703
134	3945
135	5746
136	6838
137	7728
138	7761
139	7307
140	2455
141	1422
142	671
143	701
144	610
145	672
146	873
147	1704
148	3663
149	5371
150	7795
151	9099
152	9156
153	3697
154	3192
155	2954
156	659
157	652
158	668
159	711
160	863
161	1345
162	1968
163	2203
164	5065
165	4945
166	5292
167	1642
168	1109
169	780
170	625
171	815
172	1050
173	750
174	792
175	943
176	1153
177	1499
178	2821
179	1579
180	1803
181	830
182	879
183	663
184	674
185	1767
186	797
187	640
188	679
189	740
190	827
191	1220
192	1147
193	997
194	1043
195	710
196	755
197	592
198	562
199	620
200	615
201	522
202	567
203	595
204	664
205	776
206	818
207	6991
208	2015
209	1006
210	736
211	541
212	485
213	527
214	522
215	447
216	487
217	520
218	603
219	687
220	939
221	788
222	807
223	610
224	559
225	466
226	458
227	457
228	475
229	426
230	408
231	416
232	512
233	471
234	706
235	770
236	773
237	559
238	545
239	592
240	543
241	441
242	440
243	393
244	380
245	433
246	562
247	534
248	484
249	552
250	480
251	410
252	412
253	424
254	387
255	356
256	463
257	442
258	378
259	489
260	758
261	767
262	8238
263	1916
264	10230
265	3659
266	835
267	623
268	380
269	327
270	303
271	311
272	312
273	351
274	391
275	437
276	476
277	571
278	788
279	895
280	3243
281	3003
282	1283
283	757
284	430
285	360
286	295
287	256
288	300
289	288
290	327
291	325
292	378
293	438
294	349
295	365
296	299
297	239
298	224
299	208
300	215
301	213
302	211
303	214
304	219
305	234
306	234
307	242
308	251
309	223
310	239
311	203
312	206
313	276
314	310
315	207
316	193
317	198
318	245
319	277
320	249
321	289
322	239
323	258
324	273
325	184
326	175
327	160
328	148
329	147
330	152
331	162
332	197
333	243
334	321
335	412
336	606
337	1038
338	748
339	1391
340	802
341	428
342	269
343	178
344	140
345	153
346	147
347	173
348	186
349	181
350	215
351	195
352	212
353	181
354	180
355	297
356	223
357	195
358	164
359	142
360	139
361	138
362	141
363	147
364	154
365	145
366	166
367	192
368	181
369	158
370	147
371	127
372	144
373	125
374	127
375	134
376	139
377	141
378	141
379	163
380	160
381	230
382	194
383	216
384	164
385	127
386	120
387	124
388	128
389	130
390	129
391	141
392	144
393	172
394	216
395	197
396	185
397	281
398	191
399	151
400	121
401	139
402	134
403	144
404	138
405	135
406	131
407	132
408	149
409	151
410	167
411	181
412	144
413	156
414	131
415	164
416	151
417	181
418	136
419	134
420	123
421	124
422	142
423	145
424	168
425	151
426	133
427	112
428	114
429	170
430	170
431	187
432	140
433	127
434	128
435	132
436	133
437	157
438	134
439	136
440	116
441	103
442	106
443	104
444	102
445	105
446	114
447	149
448	182
449	178
450	261
451	169
452	146
453	125
454	109
455	100
456	94
457	96
458	99
459	100
460	94
461	109
462	123
463	153
464	151
465	165
466	154
467	132
468	109
469	96
470	89
471	95
472	96
473	106
474	112
475	136
476	143
477	183
478	180
479	187
480	166
481	195
482	129
483	108
484	96
485	100
486	102
487	101
488	121
489	132
490	161
491	192
492	182
493	192
494	146
495	168
496	119
497	108
498	100
499	127
500	121
501	171
502	165
503	192
504	186
505	215
506	225
507	347
508	187
509	156
510	112
511	99
512	100
513	97
514	110
515	98
516	107
517	111
518	128
519	157
520	160
521	264
522	180
523	145
524	109
525	108
526	97
527	110
528	115
529	116
530	124
531	117
532	117
533	133
534	139
535	151
536	114
537	114
538	95
539	90
540	91
541	94
542	98
543	97
544	99
545	109
546	116
547	124
548	119
549	120
550	121
551	138
552	273
553	151
554	96
555	88
556	84
557	91
558	89
559	98
560	111
561	107
562	109
563	109
564	112
565	105
566	90
567	84
568	108
569	80
570	82
571	91
572	100
573	157
574	180
575	1044
576	712
577	1642
578	1892
579	790
580	342
581	158
582	95
583	86
584	77
585	82
586	87
587	97
588	108
589	123
590	150
591	148
592	133
593	115
594	92
595	104
596	106
597	148
598	189
599	698
600	535
601	2701
602	1874
603	4242
604	3851
605	1846
606	994
607	360
608	199
609	116
610	88
611	82
612	87
613	89
614	110
615	140
616	210
617	306
618	290
619	316
620	199
621	216
622	140
623	87
624	75
625	69
626	71
627	74
628	78
629	142
630	129
631	244
632	220
633	223
634	217
635	143
636	130
637	91
638	73
639	66
640	62
641	60
642	65
643	71
644	73
645	86
646	83
647	93
648	82
649	81
650	71
651	68
652	67
653	66
654	66
655	67
656	64
657	79
658	81
659	171
660	136
661	207
662	227
663	154
664	108
665	82
666	63
667	59
668	57
669	59
670	66
671	66
672	70
673	77
674	77
675	81
676	73
677	71
678	66
679	59
680	57
681	58
682	59
683	59
684	59
685	71
686	72
687	100
688	91
689	110
690	110
691	92
692	69
693	62
694	57
695	59
696	57
697	59
698	62
699	69
700	66
701	74
702	74
703	75
704	70
705	65
706	64
707	57
708	54
709	55
710	56
711	53
712	65
713	68
714	71
715	85
716	78
717	83
718	75
719	72
720	64
721	57
722	58
723	54
724	52
725	60
726	60
727	69
728	78
729	89
730	90
731	95
732	82
733	85
734	71
735	57
736	55
737	55
738	54
739	57
740	64
741	76
742	84
743	98
744	106
745	117
746	93
747	86
748	72
749	62
750	56
751	55
752	59
753	61
754	76
755	85
756	109
757	124
758	118
759	140
760	108
761	89
762	71
763	63
764	55
765	58
766	62
767	65
768	89
769	99
770	136
771	137
772	129
773	123
774	107
775	85
776	71
777	65
778	57
779	56
780	61
781	67
782	80
783	90
784	117
785	122
786	116
787	114
788	91
789	75
790	63
791	56
792	59
793	57
794	66
795	66
796	82
797	95
798	103
799	102
800	90
801	87
802	74
803	65
804	65
805	62
806	58
807	55
808	67
809	73
810	87
811	89
812	89
813	91
814	80
815	78
816	73
817	62
818	56
819	55
820	56
821	59
822	60
823	62
824	63
825	68
826	71
827	78
828	71
829	81
830	73
831	71
832	65
833	58
834	59
835	53
836	55
837	59
838	60
839	76
840	83
841	92
842	114
843	78
844	67
845	60
846	56
847	55
848	56
849	55
850	53
851	62
852	62
853	93
854	112
855	286
856	324
857	366
858	340
859	265
860	209
861	124
862	77
863	64
864	62
865	83
866	93
867	124
868	135
869	101
870	94
871	77
872	75
873	65
874	65
875	67
876	62
877	89
878	105
879	228
880	280
881	741
882	729
883	942
884	780
885	755
886	542
887	325
888	166
889	99
890	63
891	59
892	51
893	57
894	59
895	65
896	72
897	66
898	72
899	67
900	62
901	60
902	53
903	46
904	44
905	46
906	41
907	43
908	46
909	65
910	80
911	90
912	103
913	95
914	88
915	72
916	61
917	54
918	50
919	45
920	47
921	46
922	45
923	47
924	47
925	49
926	52
927	49
928	46
929	44
930	43
931	43
932	42
933	41
934	41
935	41
936	43
937	44
938	48
939	59
940	81
941	74
942	74
943	63
944	58
945	52
946	46
947	43
948	42
949	39
950	42
951	40
952	40
953	40
954	42
955	46
956	43
957	42
958	43
959	40
960	41
961	40
962	39
963	39
964	37
965	42
966	41
967	46
968	53
969	47
970	51
971	47
972	44
973	44
974	41
975	39
976	42
977	40
978	43
979	38
980	41
981	42
982	41
983	41
984	38
985	41
986	40
987	39
988	41
989	38
990	37
991	37
992	37
993	39
994	36
995	38
996	38
997	37
998	37
999	39
