60	715
61	334
62	243
63	238
64	215
65	265
66	507
67	4165
68	5069
69	12550
70	6064
71	11550
72	3613
73	590
74	321
75	228
76	221
77	264
78	496
79	856
80	3541
81	6254
82	9940
83	10100
84	7184
85	5984
86	733
87	465
88	260
89	225
90	220
91	467
92	616
93	1756
94	5497
95	6864
96	10550
97	11530
98	20920
99	3828
100	706
101	472
102	285
103	285
104	345
105	542
106	866
107	1645
108	7431
109	6173
110	8699
111	8843
112	7936
113	2087
114	901
115	530
116	665
117	529
118	605
119	985
120	1185
121	3502
122	6133
123	5661
124	6999
125	5388
126	5414
127	2138
128	694
129	1133
130	465
131	604
132	752
133	1266
134	3112
135	4649
136	6037
137	5996
138	6257
139	5246
140	1998
141	1263
142	679
143	631
144	540
145	686
146	811
147	1363
148	3310
149	4094
150	5746
151	6916
152	7320
153	3622
154	3545
155	3022
156	785
157	653
158	615
159	706
160	813
161	1100
162	1435
163	2463
164	4470
165	4538
166	5214
167	2759
168	1596
169	964
170	698
171	799
172	834
173	796
174	783
175	1039
176	1179
177	1572
178	3496
179	2576
180	3001
181	1566
182	1111
183	848
184	782
185	1349
186	881
187	747
188	737
189	965
190	1133
191	1665
192	2197
193	1942
194	2383
195	1022
196	998
197	712
198	673
199	751
200	687
201	655
202	682
203	912
204	980
205	1110
206	1790
207	4491
208	2764
209	1686
210	897
211	671
212	578
213	656
214	670
215	596
216	656
217	752
218	943
219	950
220	2940
221	2164
222	2488
223	932
224	752
225	617
226	573
227	610
228	616
229	590
230	614
231	673
232	959
233	842
234	1930
235	1904
236	2595
237	983
238	917
239	734
240	665
241	668
242	711
243	609
244	574
245	697
246	1444
247	944
248	807
249	953
250	698
251	653
252	574
253	597
254	549
255	523
256	865
257	650
258	661
259	950
260	2400
261	2549
262	10160
263	6393
264	13970
265	4901
266	809
267	721
268	511
269	470
270	496
271	493
272	552
273	593
274	651
275	787
276	802
277	954
278	1593
279	3400
280	4336
281	4686
282	2725
283	660
284	550
285	428
286	413
287	421
288	440
289	432
290	467
291	468
292	565
293	419
294	446
295	451
296	373
297	332
298	303
299	262
300	297
301	287
302	280
303	298
304	280
305	293
306	310
307	306
308	273
309	276
310	253
311	243
312	250
313	345
314	262
315	236
316	285
317	247
318	354
319	272
320	342
321	269
322	270
323	287
324	223
325	226
326	195
327	193
328	176
329	185
330	203
331	199
332	284
333	288
334	413
335	347
336	736
337	409
338	1379
339	1492
340	421
341	342
342	216
343	181
344	166
345	168
346	169
347	216
348	185
349	203
350	179
351	198
352	178
353	175
354	188
355	298
356	234
357	206
358	163
359	150
360	152
361	150
362	150
363	150
364	151
365	160
366	164
367	181
368	162
369	152
370	171
371	138
372	135
373	138
374	138
375	142
376	151
377	144
378	156
379	165
380	294
381	262
382	396
383	342
384	235
385	160
386	135
387	135
388	137
389	140
390	138
391	154
392	149
393	292
394	249
395	210
396	354
397	414
398	285
399	172
400	153
401	146
402	145
403	136
404	143
405	134
406	134
407	152
408	160
409	156
410	166
411	148
412	149
413	138
414	139
415	163
416	164
417	159
418	136
419	133
420	131
421	141
422	142
423	151
424	147
425	135
426	125
427	121
428	120
429	196
430	161
431	158
432	130
433	139
434	141
435	137
436	160
437	153
438	138
439	130
440	119
441	109
442	109
443	117
444	109
445	120
446	155
447	200
448	177
449	243
450	226
451	163
452	137
453	118
454	110
455	106
456	103
457	107
458	108
459	108
460	111
461	122
462	132
463	151
464	161
465	160
466	140
467	127
468	116
469	106
470	104
471	108
472	108
473	114
474	117
475	139
476	156
477	175
478	180
479	186
480	174
481	138
482	116
483	107
484	102
485	113
486	109
487	121
488	123
489	149
490	171
491	193
492	197
493	181
494	155
495	141
496	119
497	113
498	111
499	129
500	127
501	146
502	167
503	183
504	189
505	213
506	257
507	312
508	198
509	154
510	123
511	117
512	112
513	113
514	115
515	118
516	121
517	124
518	144
519	167
520	199
521	268
522	189
523	160
524	135
525	130
526	121
527	137
528	133
529	144
530	149
531	137
532	142
533	143
534	156
535	167
536	130
537	118
538	109
539	106
540	109
541	115
542	121
543	128
544	130
545	132
546	135
547	142
548	132
549	133
550	129
551	121
552	127
553	113
554	102
555	99
556	109
557	102
558	106
559	112
560	132
561	122
562	121
563	117
564	111
565	111
566	97
567	97
568	94
569	102
570	112
571	117
572	141
573	190
574	218
575	426
576	391
577	739
578	830
579	394
580	206
581	119
582	96
583	89
584	92
585	96
586	103
587	112
588	126
589	142
590	172
591	140
592	130
593	112
594	115
595	136
596	175
597	282
598	455
599	866
600	959
601	1972
602	1965
603	3670
604	3422
605	1702
606	958
607	392
608	208
609	128
610	108
611	102
612	113
613	129
614	167
615	231
616	344
617	376
618	360
619	315
620	233
621	277
622	182
623	112
624	93
625	87
626	93
627	96
628	113
629	144
630	141
631	239
632	227
633	192
634	178
635	117
636	95
637	83
638	78
639	74
640	75
641	75
642	78
643	83
644	91
645	105
646	105
647	106
648	98
649	94
650	81
651	79
652	76
653	76
654	79
655	85
656	88
657	106
658	105
659	135
660	124
661	132
662	129
663	135
664	104
665	85
666	77
667	77
668	72
669	78
670	77
671	85
672	89
673	101
674	97
675	106
676	97
677	108
678	91
679	79
680	72
681	68
682	74
683	72
684	77
685	88
686	93
687	102
688	98
689	98
690	87
691	79
692	79
693	68
694	70
695	70
696	69
697	75
698	76
699	91
700	89
701	97
702	91
703	91
704	80
705	76
706	69
707	63
708	66
709	69
710	70
711	73
712	81
713	94
714	95
715	103
716	98
717	97
718	86
719	81
720	73
721	68
722	65
723	69
724	66
725	78
726	80
727	94
728	104
729	112
730	109
731	126
732	101
733	89
734	75
735	72
736	72
737	64
738	70
739	74
740	89
741	106
742	118
743	139
744	138
745	165
746	125
747	107
748	79
749	70
750	68
751	72
752	76
753	83
754	106
755	135
756	154
757	166
758	156
759	212
760	145
761	105
762	84
763	72
764	68
765	73
766	84
767	95
768	129
769	148
770	193
771	188
772	167
773	196
774	139
775	104
776	84
777	73
778	75
779	74
780	88
781	91
782	111
783	136
784	167
785	167
786	146
787	168
788	127
789	100
790	84
791	72
792	69
793	74
794	90
795	94
796	116
797	125
798	140
799	142
800	127
801	131
802	100
803	85
804	75
805	72
806	74
807	77
808	111
809	111
810	157
811	148
812	162
813	136
814	111
815	102
816	80
817	74
818	70
819	68
820	67
821	78
822	79
823	96
824	97
825	120
826	115
827	109
828	95
829	94
830	80
831	76
832	68
833	67
834	66
835	69
836	71
837	75
838	79
839	92
840	92
841	102
842	90
843	79
844	71
845	69
846	65
847	68
848	65
849	72
850	78
851	116
852	112
853	208
854	188
855	370
856	282
857	320
858	221
859	224
860	153
861	101
862	72
863	83
864	80
865	117
866	115
867	220
868	176
869	131
870	101
871	95
872	87
873	85
874	82
875	105
876	118
877	291
878	278
879	681
880	615
881	1461
882	1072
883	1527
884	1028
885	1310
886	862
887	397
888	199
889	103
890	81
891	67
892	71
893	68
894	78
895	79
896	89
897	86
898	92
899	82
900	81
901	70
902	58
903	52
904	50
905	51
906	50
907	64
908	60
909	92
910	89
911	117
912	97
913	106
914	84
915	73
916	61
917	52
918	47
919	48
920	45
921	46
922	48
923	47
924	48
925	47
926	48
927	47
928	46
929	48
930	45
931	45
932	47
933	43
934	46
935	45
936	45
937	50
938	51
939	54
940	51
941	52
942	49
943	51
944	47
945	46
946	45
947	47
948	46
949	46
950	46
951	45
952	45
953	46
954	45
955	44
956	43
957	45
958	45
959	45
960	44
961	45
962	44
963	45
964	44
965	46
966	46
967	47
968	48
969	49
970	46
971	48
972	44
973	45
974	45
975	39
976	42
977	42
978	41
979	45
980	42
981	41
982	43
983	44
984	45
985	39
986	41
987	43
988	43
989	45
990	40
991	42
992	44
993	43
994	45
995	42
996	44
997	44
998	46
999	44
