60	15420
61	3207
62	444
63	365
64	317
65	404
66	670
67	6797
68	9229
69	14560
70	14030
71	29500
72	13480
73	9754
74	1606
75	365
76	291
77	362
78	509
79	1157
80	5075
81	8514
82	15090
83	19970
84	44540
85	17370
86	5517
87	4372
88	627
89	366
90	291
91	471
92	787
93	4695
94	7290
95	10320
96	15880
97	28230
98	236900
99	20520
100	5353
101	5386
102	1457
103	549
104	544
105	725
106	1099
107	3764
108	6255
109	8425
110	13890
111	18320
112	56210
113	8603
114	4014
115	4690
116	7534
117	2103
118	1107
119	2413
120	3943
121	5092
122	6472
123	6652
124	10500
125	8702
126	12230
127	10150
128	3911
129	9326
130	1578
131	821
132	1130
133	3213
134	4131
135	5206
136	6301
137	6888
138	8519
139	7790
140	5841
141	4593
142	1961
143	3416
144	1353
145	1106
146	1358
147	3124
148	3653
149	4440
150	5138
151	5649
152	7398
153	4648
154	5299
155	7058
156	2537
157	4481
158	3557
159	1725
160	1288
161	2251
162	3373
163	3565
164	4407
165	4515
166	4561
167	4069
168	3109
169	3325
170	1985
171	4396
172	2395
173	1579
174	1197
175	1219
176	2443
177	2260
178	3230
179	2583
180	5306
181	2847
182	5928
183	42490
184	6545
185	4293
186	1857
187	1483
188	1045
189	1150
190	1239
191	2553
192	2416
193	3703
194	2333
195	4800
196	2542
197	6315
198	2426
199	3782
200	6082
201	4063
202	1335
203	907
204	1019
205	987
206	1838
207	3995
208	3230
209	1627
210	3025
211	7739
212	2340
213	1647
214	1149
215	841
216	700
217	746
218	800
219	1040
220	951
221	999
222	832
223	1236
224	1570
225	2427
226	808
227	2617
228	2708
229	2016
230	632
231	564
232	601
233	556
234	698
235	693
236	798
237	788
238	1680
239	2514
240	766
241	743
242	2137
243	2232
244	534
245	492
246	510
247	516
248	482
249	550
250	472
251	541
252	581
253	814
254	534
255	3029
256	2484
257	6329
258	1185
259	510
260	474
261	668
262	991
263	768
264	3263
265	676
266	560
267	534
268	401
269	499
270	1056
271	587
272	364
273	343
274	361
275	433
276	343
277	379
278	369
279	509
280	463
281	804
282	499
283	1224
284	595
285	1361
286	413
287	288
288	284
289	270
290	274
291	242
292	251
293	238
294	264
295	276
296	271
297	362
298	4005
299	2941
300	488
301	305
302	250
303	235
304	221
305	204
306	196
307	198
308	235
309	246
310	236
311	1517
312	606
313	396
314	289
315	219
316	215
317	279
318	238
319	197
320	204
321	211
322	208
323	210
324	230
325	370
326	1215
327	826
328	361
329	222
330	211
331	181
332	172
333	184
334	201
335	196
336	284
337	292
338	327
339	1002
340	531
341	406
342	283
343	210
344	186
345	205
346	188
347	179
348	176
349	168
350	181
351	196
352	208
353	378
354	874
355	1443
356	710
357	338
358	237
359	187
360	164
361	155
362	157
363	155
364	182
365	238
366	223
367	976
368	817
369	917
370	644
371	313
372	292
373	195
374	200
375	174
376	157
377	159
378	175
379	199
380	237
381	407
382	1908
383	4681
384	2634
385	914
386	402
387	266
388	181
389	158
390	154
391	160
392	176
393	239
394	240
395	492
396	770
397	758
398	589
399	309
400	209
401	288
402	355
403	208
404	158
405	144
406	157
407	172
408	203
409	342
410	1452
411	3537
412	2257
413	908
414	379
415	271
416	180
417	150
418	144
419	144
420	142
421	172
422	169
423	272
424	486
425	927
426	957
427	460
428	245
429	287
430	356
431	213
432	148
433	137
434	159
435	177
436	188
437	340
438	2014
439	5222
440	4005
441	1408
442	525
443	313
444	180
445	136
446	368
447	346
448	206
449	159
450	147
451	171
452	354
453	702
454	710
455	386
456	216
457	222
458	385
459	197
460	128
461	120
462	143
463	195
464	230
465	644
466	1422
467	3031
468	2787
469	1065
470	398
471	330
472	163
473	119
474	107
475	111
476	107
477	110
478	124
479	133
480	268
481	673
482	540
483	296
484	189
485	170
486	267
487	146
488	105
489	103
490	113
491	132
492	147
493	356
494	436
495	1526
496	1402
497	645
498	265
499	362
500	180
501	120
502	129
503	126
504	112
505	102
506	110
507	108
508	216
509	562
510	395
511	213
512	152
513	137
514	156
515	107
516	93
517	90
518	108
519	221
520	308
521	1095
522	731
523	857
524	685
525	320
526	158
527	314
528	159
529	100
530	83
531	77
532	77
533	79
534	85
535	86
536	130
537	392
538	266
539	161
540	120
541	120
542	105
543	86
544	80
545	83
546	82
547	132
548	129
549	425
550	277
551	279
552	248
553	137
554	101
555	211
556	118
557	96
558	77
559	78
560	74
561	71
562	73
563	86
564	108
565	282
566	224
567	136
568	97
569	96
570	81
571	73
572	71
573	67
574	74
575	126
576	120
577	310
578	233
579	181
580	123
581	98
582	84
583	146
584	96
585	75
586	65
587	67
588	63
589	68
590	66
591	76
592	86
593	228
594	175
595	112
596	84
597	88
598	73
599	78
600	78
601	114
602	97
603	208
604	153
605	128
606	100
607	111
608	84
609	79
610	73
611	119
612	87
613	72
614	67
615	64
616	63
617	68
618	66
619	73
620	83
621	217
622	150
623	98
624	76
625	78
626	69
627	60
628	61
629	61
630	61
631	62
632	65
633	67
634	63
635	80
636	72
637	73
638	70
639	115
640	84
641	62
642	61
643	62
644	60
645	62
646	66
647	81
648	83
649	165
650	120
651	87
652	77
653	71
654	69
655	64
656	62
657	60
658	62
659	64
660	59
661	65
662	66
663	79
664	70
665	93
666	77
667	100
668	79
669	63
670	61
671	61
672	59
673	60
674	59
675	74
676	71
677	109
678	88
679	73
680	62
681	64
682	59
683	56
684	58
685	56
686	61
687	57
688	60
689	64
690	62
691	64
692	65
693	72
694	67
695	78
696	72
697	57
698	59
699	57
700	56
701	59
702	64
703	73
704	68
705	78
706	68
707	62
708	57
709	61
710	57
711	57
712	55
713	55
714	56
715	59
716	59
717	62
718	61
719	65
720	67
721	73
722	67
723	63
724	58
725	57
726	53
727	53
728	58
729	60
730	56
731	64
732	59
733	62
734	59
735	59
736	53
737	50
738	55
739	53
740	54
741	56
742	56
743	56
744	58
745	64
746	60
747	69
748	63
749	65
750	61
751	59
752	54
753	56
754	56
755	56
756	53
757	58
758	53
759	58
760	58
761	54
762	57
763	54
764	55
765	52
766	54
767	52
768	51
769	54
770	52
771	56
772	55
773	57
774	54
775	62
776	56
777	55
778	54
779	50
780	57
781	52
782	52
783	49
784	56
785	55
786	58
787	56
788	51
789	51
790	50
791	55
792	51
793	52
794	53
795	55
796	55
797	51
798	55
799	56
800	54
801	58
802	58
803	60
804	60
805	58
806	54
807	52
808	49
809	49
810	54
811	51
812	52
813	53
814	55
815	52
816	54
817	51
818	52
819	55
820	51
821	55
822	47
823	49
824	51
825	52
826	51
827	53
828	53
829	56
830	57
831	56
832	55
833	53
834	53
835	51
836	47
837	49
838	50
839	51
840	54
841	54
842	56
843	48
844	50
845	48
846	52
847	53
848	50
849	53
850	48
851	50
852	51
853	49
854	51
855	54
856	56
857	56
858	57
859	58
860	57
861	53
862	50
863	48
864	48
865	53
866	53
867	50
868	53
869	46
870	50
871	51
872	48
873	50
874	49
875	49
876	47
877	51
878	51
879	54
880	56
881	57
882	56
883	59
884	56
885	61
886	56
887	56
888	50
889	53
890	51
891	49
892	53
893	50
894	48
895	51
896	48
897	49
898	47
899	45
900	50
901	48
902	49
903	47
904	47
905	50
906	47
907	50
908	49
909	50
910	49
911	47
912	50
913	49
914	50
915	47
916	49
917	51
918	50
919	52
920	50
921	48
922	51
923	49
924	51
925	48
926	52
927	51
928	50
929	45
930	46
931	47
932	46
933	49
934	49
935	46
936	48
937	48
938	50
939	50
940	47
941	50
942	48
943	48
944	49
945	48
946	50
947	47
948	50
949	48
950	48
951	51
952	48
953	50
954	50
955	49
956	50
957	46
958	51
959	48
960	48
961	48
962	48
963	49
964	46
965	45
966	47
967	48
968	47
969	46
970	45
971	47
972	45
973	48
974	50
975	44
976	49
977	49
978	47
979	46
980	45
981	46
982	46
983	45
984	47
985	48
986	48
987	51
988	47
989	51
990	44
991	45
992	45
993	46
994	46
995	44
996	45
997	44
998	45
999	45
