0	30.7058901840253
1	34.7536075446878
2	30.9069080916585
3	22.0296595124332
4	13.8633375632239
5	10.4436612685051
6	11.9056991998017
7	15.3010110875226
8	17.001707472145
9	15.5522105423299
10	13.5933537404239
11	18.3158463256398
12	40.8741830772814
13	91.9852952296543
14	169.726226132745
15	248.233207864183
16	288.206755425699
17	268.961180580636
18	206.417420097961
19	134.694535864417
20	77.3394018129764
21	39.682111277052
22	17.933725247822
23	7.06721533967845
24	3.01958174277997
25	3.25321480318965
26	6.80030752440195
27	13.0761668601614
28	20.1624783315414
29	24.6559586516187
30	23.9148190338277
31	18.4125324883582
32	11.258010000983
33	5.46670016036641
34	2.10730450927336
35	0.644347138853734
36	0.156106693402217
37	0.0299270207599084
38	0.00453360422771318
39	0.000543122351571025
40	6.69034760730055E-5
41	0.000167034251733733
42	0.0013150610011523
43	0.00828514108030661
44	0.0408442431899754
45	0.157590513075822
46	0.475398861751171
47	1.12231843902288
48	2.07319949328471
49	2.99525282681914
50	3.38708602341827
51	2.99525282681914
52	2.07319949328471
53	1.12231843902288
54	0.475398861751171
55	0.157590513075822
56	0.0408394351629667
57	0.00828450557426607
58	0.00131503419690926
59	0.000166709977587028
60	7.45700185014469E-5
61	0.000773648538114518
62	0.00795229775240121
63	0.0640484633458333
64	0.403587822125972
65	1.9896506481052
66	7.67406125528768
67	23.1570746182425
68	54.6706557620891
69	100.98261319294
70	145.950087795537
71	165.132601840024
72	146.597914189517
73	103.298565609634
74	61.2020262850223
75	38.4115727380302
76	37.2844591702877
77	49.5271890709693
78	62.9275958510558
79	66.7086356404808
80	57.024177437507
81	38.8657400066491
82	21.0032478056675
83	8.97164459401704
84	3.02444956463593
85	0.804245700481374
86	0.168730604643007
87	0.0279492595183925
88	0.00365900965652064
89	0.000379035907315308
90	3.11316109900049E-5
91	2.44812161537718E-6
92	5.67067146404792E-6
93	5.7335510358643E-5
94	0.000462395167760403
95	0.00292322449213949
96	0.0145439474276376
97	0.057430067823888
98	0.184092187020859
99	0.502251039820896
100	1.26125886301326
101	3.11054855853746
102	7.40050181287975
103	15.7196883181458
104	27.8100736605054
105	39.5541034522633
106	44.441529153133
107	39.2877820723828
108	27.6730533680783
109	17.44887463449
110	16.881830487145
111	34.2480721144293
112	76.551068665943
113	140.482898808609
114	202.88026863404
115	229.351893704974
116	202.863285810037
117	140.383863945489
118	76.0047449526635
119	32.193906513311
120	10.6688113347469
121	2.76609957626809
122	0.561085483709697
123	0.089042976924315
124	0.0110555335771049
125	0.00107391318612888
126	8.16169151507097E-5
127	4.85254838191756E-6
128	2.25727101223621E-7
129	8.21507100601254E-9
130	2.3386831483159E-10
131	5.21158457996708E-12
132	9.08107537957466E-14
133	1.23811336091588E-15
134	1.3206062314355E-17
135	1.10263294529654E-19
136	7.19891362176818E-22
137	3.67647545465211E-24
138	1.46987946138797E-26
139	4.59676849417877E-29
140	1.12429822069305E-31
141	2.15352635357875E-34
142	3.22129935271247E-37
143	3.77667131397586E-40
144	3.46140529932965E-43
145	0
146	0
147	0
148	0
149	0
150	0
151	0
152	0
153	0
154	4.87443893838579E-44
155	5.3467121782466E-41
156	4.56339448118641E-38
157	3.04738935929249E-35
158	1.59264941000737E-32
159	6.5093980684286E-30
160	2.08148934319343E-27
161	5.20746124555783E-25
162	1.01959687570363E-22
163	1.56088442450006E-20
164	1.87081400993698E-18
165	1.75272514198997E-16
166	1.28597109437161E-14
167	7.37797432077692E-13
168	3.31287982103424E-11
169	1.16347637875526E-9
170	3.19779216129898E-8
171	6.87186547207999E-7
172	1.15581971906471E-5
173	0.000152051225612773
174	0.00156563407391515
175	0.012609859688725
176	0.0794583652661303
177	0.391722405647417
178	1.51086834736223
179	4.55915382899174
180	10.7634450073118
181	19.8805203178525
182	28.7285415264686
183	32.4794673530124
184	28.7285415264686
185	19.8805203178525
186	10.7634450073118
187	4.55915382899174
188	1.51086834736223
189	0.391722405647417
190	0.0794583652661303
191	0.012609859688725
192	0.00156563427262116
193	0.000152092421046091
194	1.16202056412145E-5
195	1.74926938636542E-6
196	1.41115637967329E-5
197	0.000147245286507381
198	0.00122475984998026
199	0.00822837288881464
200	0.0458167893713077
201	0.219080226154296
202	0.927667063538482
203	3.50612024095038
204	11.5457063128771
205	31.9884171459907
206	72.2999676941914
207	130.682514915622
208	186.951350295157
209	210.126284479491
210	185.542797615002
211	128.21623122083
212	69.3692289224422
213	29.3688265791647
214	9.73480476938261
215	2.52334033916857
216	0.511922018945457
217	0.0812242198340186
218	0.0100858806673204
219	0.000979784728979536
220	7.44506538085742E-5
221	4.42746883199122E-6
222	2.06039295103734E-7
223	7.49570677856116E-9
224	2.133092092022E-10
225	4.75555737726235E-12
226	1.3928245783636E-13
227	2.53493696437558E-12
228	8.89706776983231E-11
229	2.44529485663193E-9
230	5.25512940922182E-8
231	8.83894398528591E-7
232	1.16297322654791E-5
233	0.000119728619839506
234	0.000964254631876724
235	0.00607604620854867
236	0.0299543559871623
237	0.115533702968077
238	0.348632948367901
239	0.823085322487687
240	1.52041560813145
241	2.19799517646183
242	2.48943011654465
243	2.21911886352329
244	1.58750907608755
245	0.981899504456026
246	0.642014662691518
247	0.539532548174258
248	0.509574926088738
249	0.431600848415679
250	0.30042254551702
251	0.177305298098158
252	0.110610442697271
253	0.102311393480448
254	0.121435565616272
255	0.132226561686847
256	0.118511247472231
257	0.0970670043868907
258	0.127286633807525
259	0.342202303006803
260	0.983234801235169
261	2.3084622588279
262	4.26094902802365
263	6.15855989600638
264	6.96227814601977
265	6.15851767618253
266	4.26068069225727
267	2.30713999670003
268	0.97720848029071
269	0.323825959404716
270	0.0839698293338252
271	0.0170273380527259
272	0.00270346903803335
273	0.000335556272992423
274	3.25963741733091E-5
275	2.47631855121731E-6
276	1.47334712170828E-7
277	6.85105732000991E-9
278	2.49256453079098E-10
279	7.10453123280155E-12
280	4.3244008245069E-13
281	1.23175829015582E-11
282	4.32323452917243E-10
283	1.18819970058493E-8
284	2.5538168287083E-7
285	4.29591189451313E-6
286	5.65310894349509E-5
287	0.000581816752461679
288	0.0046857252418987
289	0.0295308146803989
290	0.14558420649867
291	0.561516371338115
292	1.69441603302765
293	4.00024966839096
294	7.38862384958471
295	10.6770048340133
296	12.0710404556527
297	10.6770048340133
298	7.38862384958471
299	4.00024966839096
300	1.69441603302765
301	0.561516371338115
302	0.14558420649867
303	0.0295308146803989
304	0.0046857252418987
305	0.000581816752461679
306	5.65310894349509E-5
307	4.29591189451313E-6
308	2.5538168287083E-7
309	1.18819970058493E-8
310	4.32323403579365E-10
311	1.23153716495556E-11
312	2.74221894259956E-13
313	4.77950418277364E-15
314	9.71741198163177E-17
315	2.34800373319456E-15
316	1.34700171098462E-13
317	6.04485212838393E-12
318	2.12300835715947E-10
319	5.83272833635625E-9
320	1.2540819606673E-7
321	2.10927357160246E-6
322	2.77509589408686E-5
323	0.000285710600027105
324	0.00230134051697066
325	0.0144975269305552
326	0.0714786292157071
327	0.275692164713663
328	0.831920901727648
329	1.96431888685232
330	3.62809942773967
331	5.24179425428563
332	5.92657096628289
333	5.24179425428563
334	3.62809942773967
335	1.96431888685232
336	0.831882474317762
337	0.275644502456511
338	0.0714755669906753
339	0.0144975269305552
340	0.00230134051697066
341	0.000285710600027105
342	2.77509655119502E-5
343	2.10965663014993E-6
344	1.36377655434999E-7
345	2.43007278267595E-7
346	3.98905661787865E-6
347	5.24744790576549E-5
348	0.000540123374032058
349	0.00435102750418987
350	0.0274170803376228
351	0.135163679750818
352	0.521324602468816
353	1.57313478465633
354	3.71393140402796
355	6.85990807038427
356	9.91463995453464
357	11.2262303202825
358	10.0674277913676
359	7.83428321467588
360	8.51820098714042
361	20.103174923091
362	56.4370526836223
363	132.143398996214
364	243.852010951925
365	352.345491313605
366	398.344890287934
367	352.341234880399
368	243.883246845079
369	131.99053372872
370	55.9241120594332
371	18.5393595050695
372	4.80499030395036
373	0.978904416291106
374	0.182056779346302
375	0.155741483019689
376	0.539900506055558
377	1.69501594127589
378	4.35227366280139
379	9.39350693977446
380	17.6620898402743
381	29.6218164352449
382	44.0539829625487
383	56.4253597312378
384	60.5687861593884
385	54.88335984671
386	46.4856430018351
387	46.4289648600112
388	59.1763336922063
389	76.743010508625
390	84.4937436341058
391	74.2760823103206
392	51.3272210993985
393	27.7811177575876
394	11.7746218105983
395	3.94159849683471
396	1.17485925897656
397	0.699696713749752
398	1.20034516810674
399	2.16059424135946
400	3.11767935272033
401	3.52387958125832
402	3.11732142737213
403	2.15705787236659
404	1.16789307620842
405	0.494693307397527
406	0.163937549927138
407	0.0425040385076746
408	0.00862167062999732
409	0.00136823928470409
410	0.000169884555749539
411	1.64995872444552E-5
412	1.25408483525161E-6
413	7.45637790753643E-8
414	3.468496972052E-9
415	1.27332353540893E-10
416	5.28186252437772E-11
417	1.728469066823E-9
418	4.75033481590683E-8
419	1.02108123247915E-6
420	1.71700687717771E-5
421	0.000225971930725819
422	0.00232630380453752
423	0.0187363438849616
424	0.118063117750595
425	0.582040300128121
426	2.24492190076808
427	6.77421325810026
428	15.9928516754866
429	29.539447206424
430	42.6862731642733
431	48.2595770561012
432	42.6862731642733
433	29.539447206424
434	15.9928516754866
435	6.77421340482294
436	2.24492306782686
437	0.58205373587795
438	0.118201734506419
439	0.0198528501147188
440	0.00936171717237341
441	0.0349099510702318
442	0.133792831020951
443	0.403678711723887
444	0.953019482385739
445	1.76026575608849
446	2.54368948316124
447	2.87580489100254
448	2.54368948316124
449	1.76026575608849
450	0.953019632191895
451	0.403680038023276
452	0.133800215891161
453	0.0348817533330425
454	0.00828165274445576
455	0.00726030904855184
456	0.0238351970866974
457	0.0715195719541372
458	0.168815685935017
459	0.311807616763665
460	0.45058065278291
461	0.509410387579243
462	0.45058065278291
463	0.311807569489464
464	0.168814663159403
465	0.0715061123316309
466	0.02369663448581
467	0.00614461918990339
468	0.00125463250638692
469	0.000265348386154571
470	0.000451043778659938
471	0.00210536630441431
472	0.00810783738807451
473	0.0244712925855427
474	0.0577558907689658
475	0.106688482402805
476	0.154082196881143
477	0.174283792355109
478	0.154082252145777
479	0.106689017656667
480	0.0577629109559791
481	0.0245501644798037
482	0.00883340446808032
483	0.00667118118974214
484	0.0229594999408301
485	0.0869617409087916
486	0.26220393973478
487	0.619389471172973
488	1.14681696240225
489	1.67497381950222
490	1.98713158499809
491	2.16597176461196
492	3.03241140071049
493	6.74796021709067
494	18.0202148314419
495	45.1741047117826
496	96.8577968852955
497	170.364356592909
498	240.299498225561