0	20.7907813226545
1	23.5078094590432
2	20.8000334102004
3	14.4239780271736
4	7.90003037332903
5	3.560619442539
6	1.57581110288569
7	0.980043007504846
8	0.840523147602712
9	0.673530861391495
10	0.322651937027356
11	-0.353453357172074
12	-1.70647742342634
13	-4.0659233556389
14	-6.84549865655443
15	-7.72327389388485
16	-3.58528016705226
17	6.33752442132122
18	18.126725971929
19	25.3556042791153
20	24.4922927439417
21	17.6215807855582
22	9.71395132446033
23	4.14311494640282
24	1.35025257579789
25	0.269471678398011
26	-0.124403521090745
27	-0.322841801243604
28	-0.421350517550436
29	-0.390487230722195
30	-0.246732197175098
31	-0.0833863562941635
32	0.0153109084435965
33	0.0392166136207289
34	0.0268604107347672
35	0.0115586947272127
36	0.00353582683855676
37	0.000802765768241546
38	0.000138065706281781
39	1.8983976528652E-5
40	1.25780435109412E-5
41	0.000110683407779027
42	0.000890298448421724
43	0.00561006199802133
44	0.0276581600580639
45	0.10666903241267
46	0.32188680895982
47	0.759931968064308
48	1.4036372470738
49	2.02843403842939
50	2.29311708539981
51	2.02843403842939
52	1.4036372470738
53	0.759931968064308
54	0.32188680895982
55	0.10666903241267
56	0.0276584608533035
57	0.0056102303901066
58	0.000890301007929799
59	0.000110370704210878
60	7.83864246144593E-6
61	-3.7166093939604E-5
62	-0.000391293497631836
63	-0.00315192593352651
64	-0.0198612059299235
65	-0.0979138565631879
66	-0.377652413392072
67	-1.13959130306906
68	-2.69036610670913
69	-4.96888966083305
70	-7.17771146760392
71	-8.09679584026381
72	-7.06027753519311
73	-4.42259605874801
74	-0.694975313554162
75	4.67388250845392
76	13.0500684947014
77	24.3758482903022
78	35.0710356642957
79	39.5002823018655
80	34.8735253127949
81	24.1259343734073
82	13.074323216529
83	5.54918999948379
84	1.84461552790967
85	0.480272560392118
86	0.0979618240155662
87	0.0156579298307394
88	0.0019619264561785
89	0.000192816314081347
90	1.48692083236628E-5
91	9.20345265305933E-7
92	3.05081444193092E-7
93	2.69810629358657E-6
94	2.15691309479296E-5
95	0.000135968447750201
96	0.000660554650793875
97	0.00247582665659091
98	0.00691621316316626
99	0.0130059950503833
100	0.00796301493553929
101	-0.0532762752913652
102	-0.248748581318157
103	-0.673649771829204
104	-1.29062600186047
105	-1.91568857036468
106	-2.17375148233481
107	-1.91871787321571
108	-1.37432894983225
109	-0.869625634242301
110	-0.82705354393959
111	-1.67490515202315
112	-3.77793965556859
113	-6.89944701437507
114	-9.98405940095472
115	-11.2867707508636
116	-9.98323996391045
117	-6.90851850192493
118	-3.74031834815407
119	-1.58431297324238
120	-0.525029614158074
121	-0.136124257647406
122	-0.0276119634463386
123	-0.00438194825747649
124	-0.000544060392298158
125	-5.28489645082898E-5
126	-4.02073210926026E-6
127	-2.39077981178364E-7
128	-1.1037473647038E-8
129	-4.03432185897499E-10
130	-1.13790053323136E-11
131	-2.57592118270471E-13
132	-4.46146944187741E-15
133	-6.10112145384478E-17
134	-6.49249331818814E-19
135	-5.43967581752591E-21
136	-3.54894218753798E-23
137	-1.7981430160584E-25
138	-7.24305334311968E-28
139	-2.27299238129889E-30
140	-5.51769938768516E-33
141	-1.07335118026212E-35
142	-1.57002135275611E-38
143	-1.87172344855792E-41
144	-1.70027220905083E-44
145	0
146	0
147	0
148	0
149	0
150	0
151	0
152	0
153	0
154	-1.65446194545312E-45
155	-1.60603537536954E-42
156	-1.37272436724257E-39
157	-9.16687166711384E-37
158	-4.82866531541113E-34
159	-1.9752639006087E-31
160	-6.20667316310713E-29
161	-1.55976241306695E-26
162	-3.09012041669303E-24
163	-4.72729005126086E-22
164	-5.72397806144899E-20
165	-5.21051760318868E-18
166	-3.87363877188143E-16
167	-2.21548692849763E-14
168	-9.98658245133363E-13
169	-3.52062831810995E-11
170	-9.76917747995758E-10
171	-2.07738742399946E-8
172	-3.49362288986168E-7
173	-4.60343902199548E-6
174	-4.72990609338379E-5
175	-0.000380955023087406
176	-0.0024005100673292
177	-0.0118343010970618
178	-0.0456447142531573
179	-0.137736290231875
180	-0.325173420155574
181	-0.600607987643323
182	-0.867917223955617
183	-0.981234722212623
184	-0.867917223955617
185	-0.600607987643323
186	-0.325173420155574
187	-0.137736290231875
188	-0.0456447142531573
189	-0.0118343010970618
190	-0.0024005100673292
191	-0.000380955023087406
192	-4.72990337782019E-5
193	-4.60495668496762E-6
194	-3.42639743714415E-7
195	7.74674024273055E-8
196	1.2904650557253E-6
197	1.3202293183495E-5
198	0.000104422646911756
199	0.000632494681042633
200	0.00285894243457165
201	0.00890622654368886
202	0.0140036060736336
203	-0.0332197782617386
204	-0.307435248582077
205	-1.19589195020377
206	-3.13314517759373
207	-6.0444628001668
208	-9.04600688270762
209	-10.0687212410693
210	-9.16023577841126
211	-6.30349734344832
212	-3.40236642620595
213	-1.43170766383584
214	-0.479964491924596
215	-0.123761335282655
216	-0.0252520022904266
217	-0.00398338455140483
218	-0.000496435488526735
219	-4.83243864196079E-5
220	-3.6504270988684E-6
221	-2.18194915889799E-7
222	-1.02423119177381E-8
223	-3.70263581635149E-10
224	-1.03727083676398E-11
225	-2.34817036972515E-13
226	1.21538320965806E-15
227	2.36551237836393E-13
228	8.33613833052626E-12
229	2.28061444236466E-10
230	4.92972860692693E-9
231	8.2830388630801E-8
232	1.09052677161145E-6
233	1.12328772139101E-5
234	9.04968461951545E-5
235	0.000570247938071805
236	0.00281127355664391
237	0.01084304409877
238	0.032719821358097
239	0.077248059769471
240	0.142693654982027
241	0.206286080662282
242	0.233637564830499
243	0.208268389301493
244	0.148990661066194
245	0.0921530621014248
246	0.0602542289365323
247	0.0506360942726608
248	0.0478245275449425
249	0.0405065190480304
250	0.0281951799224142
251	0.0166404056217923
252	0.0103809866727482
253	0.0096019915172565
254	0.0113954183968111
255	0.0123939384616732
256	0.0109955594131251
257	0.00831006315024602
258	0.00800286540739059
259	0.0169073831653399
260	0.0464882015644652
261	0.109127314485103
262	0.200470496462024
263	0.287908704920997
264	0.326048172662887
265	0.287893529543215
266	0.200370702810871
267	0.108637387618197
268	0.0458778296322306
269	0.015163042325617
270	0.00393008567881446
271	0.000798454602230337
272	0.000126241949403494
273	1.57229458238339E-5
274	1.53478391668471E-6
275	1.17292583341399E-7
276	6.90594879681471E-9
277	3.2228338746696E-10
278	1.17995495942363E-11
279	3.34211508737687E-13
280	-6.16209106064273E-15
281	-6.049000261234E-13
282	-2.11659709427154E-11
283	-5.85197712497285E-10
284	-1.25499377424763E-8
285	-2.12759889043096E-7
286	-2.79301904419504E-6
287	-2.85675718378058E-5
288	-0.000229462788019453
289	-0.00145326009581551
290	-0.00716443690718709
291	-0.0276331265106225
292	-0.0833850797427477
293	-0.196858703314394
294	-0.363605914975847
295	-0.525433390744663
296	-0.594035883668308
297	-0.525433390744663
298	-0.363605914975847
299	-0.196858703314394
300	-0.0833850797427477
301	-0.0276331265106225
302	-0.00716443690718709
303	-0.00145326009581551
304	-0.000229462788019453
305	-2.85675718378058E-5
306	-2.79301904419504E-6
307	-2.12759889043096E-7
308	-1.25499377424763E-8
309	-5.85197712497285E-10
310	-2.11659928417644E-11
311	-6.0556746571239E-13
312	-1.34887249169065E-14
313	-2.34082881808377E-16
314	1.84540115238431E-17
315	1.58896001422258E-15
316	9.11717782463274E-14
317	4.09276655149441E-12
318	1.43746423301701E-10
319	3.94986705012361E-9
320	8.49066686013484E-8
321	1.42804392921569E-6
322	1.87917875865219E-5
323	0.00019345274133626
324	0.00155800434685211
325	0.00981761707344872
326	0.048399898979272
327	0.186677831052797
328	0.563313676841353
329	1.3298876570121
330	2.45636563001954
331	3.54960068565507
332	4.01300739475693
333	3.54960068565507
334	2.45636563001954
335	1.3298876570121
336	0.563321279009474
337	0.186680257111613
338	0.0484003664365538
339	0.00981761707344872
340	0.00155800434685211
341	0.00019345274133626
342	1.87917894751748E-5
343	1.42804567975902E-6
344	8.54291593376226E-8
345	1.49954137551953E-8
346	1.86484526379059E-7
347	2.46751042900374E-6
348	2.5483883004596E-5
349	0.000204017088202834
350	0.00128557042276117
351	0.00633774793971759
352	0.024444602969908
353	0.0737633396863026
354	0.174143488307028
355	0.321643416104888
356	0.464712013927984
357	0.524546317542644
358	0.457193592042164
359	0.273692828658961
360	-0.0622824970245606
361	-0.838129022703639
362	-2.72725864520775
363	-6.49000804781413
364	-11.9977450796712
365	-17.3390727634893
366	-19.603161442188
367	-17.3392744773968
368	-12.0905952636784
369	-6.50681622841565
370	-2.75841548425998
371	-0.925349928027257
372	-0.236594478639508
373	-0.0455294169753076
374	0.00848042327299774
375	0.0789483810048489
376	0.315748767647291
377	1.00130565613676
378	2.60181080655409
379	5.72276209758848
380	11.0377553373445
381	19.0156382592007
382	28.9083421287491
383	37.5691601103354
384	40.6672672320015
385	37.0165784524483
386	31.4280738492506
387	31.4256081193233
388	40.0671675361095
389	51.9641343549552
390	57.2126962298029
391	50.2941173494403
392	34.7548699476492
393	18.8110303091332
394	7.97139735177345
395	2.66164316152868
396	0.767318384418396
397	0.388764816929377
398	0.612099873575493
399	1.0926049816178
400	1.57505084399178
401	1.78046661727904
402	1.574788688161
403	1.08988314077212
404	0.589995449871333
405	0.249908874602523
406	0.082817876152105
407	0.0214721625648816
408	0.00435549002641705
409	0.000691206172391222
410	8.581261200943E-5
411	8.33527910522579E-6
412	6.33582149806972E-7
413	3.76713295415408E-8
414	1.75230411500497E-9
415	6.45126300984875E-11
416	3.51427914082537E-11
417	1.17055669415747E-9
418	3.21618977274529E-8
419	6.9139654833418E-7
420	1.16285657741278E-5
421	0.000153010977799811
422	0.00157517843576185
423	0.0126868294448426
424	0.0799433828075776
425	0.394113528426181
426	1.52009060688007
427	4.5869830341777
428	10.8291454386262
429	20.0018720828282
430	28.9039038484885
431	32.6777227398176
432	28.9039038484885
433	20.0018720828282
434	10.8291454386262
435	4.58698298921263
436	1.52009103533653
437	0.394114766425143
438	0.0799563836699248
439	0.0127916224338814
440	0.00223547785389826
441	0.00340816740406311
442	0.0125667164622435
443	0.0378865501703815
444	0.0894426594514044
445	0.165203807261951
446	0.238729745326319
447	0.269899336659395
448	0.238729745326319
449	0.165203807261951
450	0.0894426251483585
451	0.0378859992707847
452	0.0125562359868873
453	0.00326442937578076
454	0.000718722125795854
455	0.000392865165611123
456	0.00112413110361132
457	0.00335414510757754
458	0.00791572505958335
459	0.0146205005693904
460	0.0211274503970883
461	0.0238859277832523
462	0.0211274503970883
463	0.0146204708966869
464	0.00791563151249681
465	0.0033528828061215
466	0.0011111240948139
467	0.000288156148199913
468	5.92234815245663E-5
469	1.57090215590619E-5
470	4.10131222899133E-5
471	0.000195876833929355
472	0.00076142353669346
473	0.00228692936433431
474	0.00542759357044579
475	0.00999966516159891
476	0.0146015380451123
477	0.0163741264164804
478	0.0146015439895578
479	0.00999982442128784
480	0.00542971284193805
481	0.0023083027651932
482	0.000793587043999083
483	0.000411567870722012
484	0.00108928736072382
485	0.00407288483696521
486	0.0123073642981746
487	0.0290165899074543
488	0.0537645303180516
489	0.0784189271460517
490	0.0919451387207315
491	0.0916527228098186
492	0.0797529705977195
493	0.00861037081534509
494	-0.342215289288486
495	-1.46418559389569
496	-3.91581520357129
497	-7.63292211526129
498	-11.3060740231465