60	9283
61	726
62	359
63	322
64	281
65	437
66	941
67	10420
68	11920
69	24670
70	15770
71	33480
72	15500
73	4691
74	717
75	381
76	307
77	490
78	776
79	3340
80	8402
81	14220
82	24750
83	27150
84	22780
85	15110
86	5044
87	1751
88	545
89	407
90	321
91	795
92	1509
93	6932
94	11580
95	14900
96	29620
97	33650
98	105600
99	12690
100	4350
101	1897
102	623
103	617
104	657
105	1431
106	3395
107	6076
108	10660
109	11390
110	24910
111	23830
112	27420
113	7846
114	5292
115	1970
116	2444
117	1471
118	1754
119	4368
120	5262
121	8060
122	16400
123	12980
124	18490
125	13170
126	15820
127	7876
128	3467
129	5693
130	1252
131	1476
132	2323
133	5131
134	7766
135	8949
136	15780
137	15210
138	16130
139	12010
140	7319
141	6495
142	3598
143	1897
144	1384
145	1664
146	2719
147	4870
148	7491
149	8372
150	12700
151	18540
152	19180
153	9851
154	10480
155	10210
156	4344
157	2015
158	1769
159	1708
160	2932
161	4149
162	6113
163	6184
164	10050
165	11030
166	12970
167	8140
168	6486
169	4578
170	3498
171	2509
172	2423
173	1931
174	2635
175	3800
176	4598
177	5187
178	8507
179	7425
180	8488
181	5796
182	4992
183	3308
184	3716
185	4652
186	2868
187	1721
188	2130
189	3373
190	4073
191	4788
192	6491
193	6625
194	6932
195	4300
196	4315
197	1981
198	2054
199	1999
200	1803
201	1439
202	1823
203	2240
204	3647
205	4347
206	6313
207	11090
208	7783
209	5447
210	4951
211	1863
212	1634
213	1682
214	1688
215	1296
216	1624
217	1839
218	3518
219	4082
220	9238
221	7445
222	7554
223	3902
224	2514
225	1560
226	1498
227	1442
228	1514
229	1283
230	1322
231	1409
232	2144
233	1889
234	5840
235	6138
236	7800
237	3755
238	3879
239	2332
240	1897
241	1535
242	1589
243	1349
244	1278
245	1693
246	5135
247	3282
248	2672
249	3899
250	1961
251	1521
252	1405
253	1409
254	1244
255	1048
256	2004
257	1370
258	1270
259	2506
260	3877
261	7454
262	24590
263	21230
264	60580
265	19180
266	3714
267	1957
268	1154
269	821
270	862
271	841
272	1038
273	1134
274	1386
275	1627
276	1525
277	3074
278	3074
279	8023
280	10120
281	13580
282	9380
283	1803
284	1404
285	802
286	751
287	656
288	755
289	655
290	818
291	667
292	800
293	644
294	722
295	700
296	523
297	489
298	461
299	467
300	474
301	492
302	467
303	471
304	461
305	464
306	462
307	455
308	403
309	393
310	367
311	356
312	376
313	512
314	452
315	355
316	389
317	370
318	518
319	431
320	537
321	463
322	457
323	480
324	445
325	336
326	292
327	292
328	266
329	268
330	280
331	300
332	331
333	395
334	483
335	496
336	1268
337	712
338	3497
339	3878
340	1431
341	794
342	444
343	316
344	253
345	263
346	246
347	333
348	339
349	287
350	277
351	306
352	288
353	276
354	299
355	656
356	444
357	405
358	298
359	255
360	245
361	236
362	242
363	231
364	229
365	240
366	235
367	264
368	231
369	213
370	219
371	213
372	242
373	216
374	222
375	243
376	250
377	241
378	242
379	249
380	359
381	441
382	398
383	335
384	265
385	219
386	215
387	223
388	228
389	240
390	246
391	273
392	252
393	508
394	469
395	338
396	342
397	410
398	294
399	256
400	227
401	261
402	246
403	262
404	289
405	270
406	271
407	258
408	267
409	263
410	305
411	302
412	257
413	250
414	251
415	332
416	295
417	293
418	267
419	272
420	239
421	243
422	259
423	267
424	295
425	264
426	231
427	200
428	208
429	408
430	420
431	661
432	375
433	288
434	274
435	276
436	340
437	373
438	281
439	261
440	208
441	192
442	188
443	190
444	195
445	195
446	213
447	373
448	454
449	586
450	739
451	411
452	299
453	237
454	195
455	176
456	176
457	174
458	178
459	178
460	179
461	215
462	258
463	339
464	352
465	353
466	323
467	246
468	205
469	172
470	166
471	174
472	173
473	186
474	216
475	263
476	318
477	433
478	449
479	475
480	388
481	393
482	251
483	207
484	181
485	205
486	194
487	191
488	216
489	271
490	349
491	442
492	450
493	493
494	352
495	350
496	232
497	203
498	194
499	225
500	227
501	309
502	405
503	462
504	434
505	493
506	767
507	1096
508	573
509	411
510	263
511	217
512	213
513	201
514	219
515	204
516	231
517	236
518	291
519	346
520	485
521	892
522	582
523	419
524	277
525	235
526	209
527	237
528	247
529	309
530	343
531	268
532	273
533	303
534	330
535	435
536	291
537	247
538	206
539	211
540	204
541	251
542	227
543	294
544	259
545	249
546	261
547	292
548	251
549	246
550	234
551	222
552	306
553	214
554	168
555	166
556	159
557	177
558	171
559	207
560	281
561	231
562	218
563	216
564	218
565	184
566	165
567	153
568	193
569	135
570	143
571	154
572	182
573	240
574	317
575	902
576	1114
577	2492
578	2875
579	1310
580	648
581	291
582	169
583	145
584	135
585	146
586	148
587	169
588	195
589	266
590	387
591	291
592	233
593	185
594	150
595	183
596	203
597	306
598	389
599	930
600	1627
601	3698
602	6341
603	32050
604	22230
605	6925
606	3567
607	1389
608	560
609	284
610	186
611	162
612	154
613	156
614	186
615	221
616	340
617	440
618	572
619	565
620	483
621	743
622	464
623	218
624	136
625	108
626	101
627	99
628	105
629	132
630	139
631	217
632	219
633	215
634	196
635	143
636	115
637	101
638	96
639	93
640	89
641	85
642	92
643	104
644	112
645	147
646	144
647	157
648	142
649	130
650	108
651	96
652	93
653	93
654	97
655	100
656	102
657	110
658	126
659	152
660	138
661	158
662	142
663	162
664	115
665	99
666	85
667	83
668	86
669	87
670	93
671	103
672	107
673	133
674	127
675	140
676	123
677	112
678	95
679	85
680	76
681	80
682	76
683	82
684	87
685	103
686	113
687	132
688	122
689	130
690	113
691	100
692	89
693	80
694	76
695	75
696	79
697	82
698	98
699	113
700	108
701	141
702	132
703	139
704	117
705	108
706	90
707	81
708	71
709	76
710	78
711	80
712	93
713	118
714	127
715	163
716	156
717	178
718	141
719	124
720	104
721	79
722	78
723	73
724	77
725	83
726	91
727	127
728	148
729	199
730	197
731	267
732	195
733	173
734	119
735	89
736	76
737	73
738	79
739	87
740	104
741	153
742	177
743	226
744	256
745	393
746	270
747	212
748	140
749	104
750	85
751	80
752	83
753	95
754	137
755	183
756	243
757	289
758	318
759	548
760	363
761	237
762	147
763	104
764	91
765	86
766	98
767	105
768	152
769	196
770	312
771	327
772	350
773	500
774	345
775	224
776	143
777	109
778	98
779	86
780	102
781	108
782	137
783	161
784	247
785	268
786	293
787	415
788	275
789	198
790	134
791	107
792	90
793	88
794	107
795	114
796	138
797	153
798	195
799	203
800	205
801	255
802	192
803	148
804	114
805	100
806	86
807	86
808	109
809	113
810	141
811	139
812	174
813	172
814	155
815	166
816	136
817	103
818	86
819	86
820	77
821	84
822	87
823	91
824	101
825	109
826	126
827	131
828	126
829	138
830	110
831	95
832	87
833	79
834	78
835	74
836	76
837	81
838	88
839	123
840	133
841	222
842	235
843	147
844	107
845	87
846	81
847	76
848	74
849	76
850	72
851	83
852	88
853	141
854	164
855	471
856	414
857	559
858	441
859	599
860	450
861	238
862	127
863	96
864	94
865	204
866	241
867	676
868	634
869	382
870	258
871	180
872	138
873	113
874	115
875	113
876	106
877	170
878	196
879	585
880	575
881	1216
882	1072
883	2127
884	1822
885	3418
886	2406
887	1365
888	620
889	300
890	150
891	110
892	91
893	86
894	88
895	95
896	106
897	101
898	131
899	119
900	141
901	126
902	90
903	63
904	52
905	52
906	47
907	50
908	50
909	61
910	61
911	67
912	68
913	74
914	71
915	58
916	55
917	52
918	50
919	48
920	46
921	46
922	46
923	47
924	48
925	47
926	49
927	48
928	47
929	44
930	43
931	43
932	44
933	45
934	45
935	43
936	45
937	45
938	46
939	45
940	44
941	45
942	44
943	47
944	46
945	44
946	45
947	43
948	45
949	43
950	42
951	44
952	43
953	45
954	45
955	43
956	45
957	43
958	45
959	41
960	40
961	42
962	42
963	44
964	43
965	43
966	43
967	45
968	44
969	42
970	42
971	42
972	40
973	43
974	43
975	40
976	42
977	43
978	42
979	40
980	42
981	41
982	42
983	41
984	41
985	41
986	43
987	44
988	45
989	43
990	41
991	40
992	40
993	41
994	41
995	40
996	39
997	41
998	40
999	38
