60	2715
61	473
62	304
63	286
64	260
65	373
66	698
67	7552
68	8995
69	16640
70	10860
71	21600
72	9238
73	1430
74	519
75	284
76	263
77	371
78	531
79	1146
80	5664
81	9886
82	16170
83	18390
84	14240
85	10980
86	1603
87	717
88	343
89	274
90	254
91	554
92	759
93	5031
94	7892
95	10620
96	17380
97	20020
98	58450
99	8153
100	1444
101	724
102	392
103	378
104	433
105	653
106	1106
107	4090
108	7314
109	8227
110	14680
111	14560
112	15200
113	5144
114	2385
115	827
116	1752
117	823
118	872
119	1726
120	3697
121	5599
122	8519
123	8316
124	11980
125	8673
126	9583
127	4890
128	1162
129	4169
130	720
131	787
132	973
133	3669
134	5123
135	6325
136	8348
137	9276
138	10260
139	8128
140	4693
141	4848
142	1357
143	937
144	773
145	902
146	1117
147	2914
148	4840
149	5641
150	7872
151	11280
152	12310
153	6771
154	6908
155	6642
156	1629
157	877
158	850
159	927
160	1097
161	1808
162	3559
163	4218
164	6502
165	6945
166	8757
167	5661
168	4148
169	2075
170	934
171	1099
172	1203
173	999
174	1025
175	1426
176	1822
177	3335
178	5193
179	4534
180	5557
181	3453
182	2059
183	1438
184	1049
185	3017
186	1177
187	905
188	922
189	1126
190	1256
191	1977
192	3819
193	3877
194	4288
195	1874
196	1461
197	941
198	846
199	947
200	872
201	798
202	826
203	979
204	1047
205	1417
206	2362
207	6860
208	4974
209	2665
210	1123
211	809
212	689
213	765
214	805
215	694
216	749
217	847
218	923
219	1110
220	4562
221	3148
222	3475
223	1108
224	856
225	720
226	724
227	713
228	748
229	673
230	624
231	685
232	778
233	760
234	1820
235	2288
236	3510
237	1643
238	933
239	872
240	890
241	707
242	772
243	621
244	575
245	703
246	1764
247	892
248	820
249	1026
250	778
251	671
252	631
253	646
254	570
255	529
256	682
257	564
258	557
259	673
260	1168
261	1662
262	11900
263	8674
264	27640
265	10850
266	1009
267	1061
268	576
269	478
270	459
271	459
272	467
273	508
274	569
275	631
276	618
277	855
278	886
279	2789
280	4113
281	6308
282	3413
283	958
284	653
285	505
286	428
287	374
288	432
289	399
290	485
291	429
292	474
293	452
294	476
295	514
296	383
297	331
298	298
299	298
300	297
301	320
302	304
303	307
304	308
305	311
306	313
307	323
308	303
309	285
310	258
311	249
312	261
313	328
314	327
315	258
316	256
317	252
318	335
319	315
320	357
321	368
322	330
323	364
324	341
325	268
326	239
327	221
328	198
329	195
330	204
331	212
332	234
333	275
334	320
335	356
336	600
337	670
338	2076
339	2999
340	1339
341	664
342	391
343	246
344	194
345	199
346	196
347	230
348	264
349	224
350	236
351	244
352	255
353	227
354	248
355	430
356	323
357	326
358	249
359	203
360	200
361	187
362	193
363	191
364	185
365	191
366	190
367	211
368	194
369	176
370	176
371	175
372	179
373	166
374	174
375	187
376	186
377	194
378	184
379	194
380	247
381	343
382	307
383	274
384	207
385	172
386	165
387	173
388	177
389	181
390	187
391	214
392	195
393	335
394	382
395	247
396	231
397	251
398	204
399	187
400	172
401	192
402	184
403	196
404	216
405	214
406	207
407	195
408	206
409	204
410	229
411	252
412	220
413	297
414	211
415	239
416	215
417	209
418	199
419	205
420	187
421	189
422	211
423	208
424	238
425	214
426	186
427	156
428	160
429	259
430	255
431	349
432	234
433	209
434	211
435	220
436	264
437	318
438	228
439	212
440	163
441	150
442	148
443	145
444	150
445	152
446	183
447	287
448	378
449	419
450	651
451	348
452	255
453	197
454	160
455	141
456	136
457	137
458	142
459	140
460	144
461	170
462	207
463	287
464	283
465	306
466	273
467	215
468	171
469	140
470	135
471	137
472	136
473	147
474	171
475	205
476	254
477	367
478	365
479	377
480	303
481	336
482	203
483	163
484	143
485	149
486	148
487	144
488	169
489	201
490	297
491	393
492	370
493	426
494	297
495	302
496	191
497	159
498	146
499	155
500	164
501	202
502	222
503	312
504	344
505	398
506	542
507	1084
508	497
509	351
510	213
511	167
512	158
513	152
514	160
515	149
516	174
517	177
518	223
519	268
520	349
521	797
522	485
523	345
524	217
525	171
526	154
527	168
528	183
529	225
530	261
531	204
532	213
533	235
534	251
535	344
536	229
537	195
538	157
539	153
540	144
541	159
542	156
543	180
544	178
545	190
546	207
547	247
548	211
549	207
550	194
551	173
552	237
553	166
554	132
555	129
556	125
557	135
558	131
559	158
560	221
561	188
562	180
563	176
564	184
565	157
566	138
567	124
568	150
569	112
570	118
571	123
572	141
573	174
574	215
575	686
576	771
577	2400
578	2786
579	1227
580	553
581	244
582	143
583	121
584	116
585	123
586	121
587	138
588	154
589	209
590	313
591	239
592	194
593	160
594	130
595	156
596	160
597	218
598	239
599	445
600	789
601	3129
602	4256
603	24370
604	20630
605	6612
606	3331
607	1223
608	463
609	240
610	161
611	136
612	130
613	126
614	144
615	162
616	235
617	332
618	449
619	507
620	409
621	743
622	434
623	200
624	123
625	97
626	91
627	88
628	95
629	109
630	114
631	161
632	178
633	175
634	165
635	128
636	108
637	93
638	89
639	85
640	85
641	78
642	83
643	91
644	95
645	121
646	123
647	133
648	121
649	116
650	98
651	88
652	90
653	84
654	90
655	91
656	89
657	91
658	105
659	123
660	114
661	133
662	118
663	134
664	100
665	87
666	75
667	76
668	78
669	78
670	83
671	87
672	88
673	110
674	104
675	115
676	104
677	98
678	84
679	79
680	72
681	74
682	71
683	73
684	76
685	88
686	96
687	109
688	103
689	108
690	96
691	89
692	82
693	76
694	72
695	71
696	72
697	74
698	81
699	90
700	89
701	113
702	112
703	116
704	102
705	98
706	83
707	74
708	66
709	72
710	72
711	72
712	81
713	96
714	103
715	127
716	126
717	146
718	119
719	105
720	94
721	75
722	75
723	69
724	72
725	74
726	78
727	101
728	116
729	151
730	152
731	207
732	160
733	146
734	109
735	83
736	71
737	67
738	72
739	74
740	81
741	113
742	129
743	161
744	188
745	296
746	222
747	181
748	125
749	93
750	80
751	75
752	74
753	80
754	97
755	122
756	167
757	199
758	228
759	402
760	295
761	199
762	132
763	93
764	85
765	75
766	84
767	83
768	99
769	129
770	203
771	227
772	253
773	370
774	283
775	190
776	125
777	99
778	88
779	78
780	84
781	84
782	96
783	106
784	166
785	191
786	212
787	303
788	225
789	171
790	123
791	100
792	84
793	79
794	80
795	84
796	96
797	102
798	143
799	149
800	156
801	195
802	166
803	128
804	106
805	91
806	79
807	72
808	77
809	78
810	98
811	101
812	125
813	135
814	127
815	133
816	123
817	94
818	80
819	80
820	69
821	75
822	73
823	71
824	80
825	90
826	101
827	102
828	104
829	108
830	99
831	88
832	82
833	74
834	74
835	69
836	68
837	70
838	76
839	92
840	106
841	159
842	173
843	127
844	98
845	84
846	78
847	72
848	69
849	71
850	67
851	69
852	73
853	91
854	107
855	193
856	220
857	333
858	352
859	459
860	440
861	253
862	131
863	88
864	82
865	134
866	179
867	434
868	507
869	319
870	231
871	159
872	126
873	106
874	102
875	102
876	94
877	113
878	120
879	200
880	258
881	624
882	725
883	1492
884	1592
885	2962
886	2391
887	1443
888	667
889	328
890	156
891	107
892	85
893	79
894	78
895	85
896	92
897	96
898	114
899	118
900	122
901	128
902	100
903	68
904	59
905	56
906	52
907	53
908	53
909	59
910	60
911	60
912	65
913	69
914	73
915	63
916	60
917	58
918	52
919	55
920	50
921	50
922	53
923	51
924	53
925	51
926	54
927	52
928	49
929	49
930	47
931	46
932	48
933	48
934	52
935	49
936	51
937	51
938	50
939	50
940	46
941	51
942	47
943	51
944	49
945	47
946	49
947	48
948	50
949	50
950	48
951	49
952	48
953	51
954	51
955	48
956	47
957	48
958	50
959	49
960	44
961	48
962	47
963	49
964	45
965	48
966	47
967	48
968	50
969	45
970	47
971	48
972	44
973	46
974	48
975	45
976	49
977	48
978	47
979	46
980	46
981	46
982	48
983	45
984	47
985	49
986	47
987	49
988	48
989	50
990	45
991	45
992	44
993	45
994	46
995	45
996	43
997	44
998	43
999	44
