52	5.420e2
53	8.320e2
54	4.859e3
55	1.017e4
56	2.009e4
57	1.492e4
58	2.220e4
59	1.721e4
60	8.869e4
61	1.147e4
62	3.178e3
63	6.530e2
64	1.407e3
65	6.150e2
66	4.531e3
67	3.044e4
68	2.245e4
69	2.818e4
70	7.426e4
71	3.833e4
72	2.248e4
73	1.998e4
74	1.452e4
75	2.117e3
76	9.210e2
77	1.565e3
78	3.944e3
79	3.627e3
80	8.953e3
81	3.056e4
82	3.899e4
83	7.143e4
84	1.181e5
85	7.676e4
86	2.886e4
87	9.950e3
88	4.647e3
89	4.589e3
90	7.130e3
91	1.219e4
92	3.500e4
93	1.161e4
94	4.518e4
95	3.413e4
96	4.373e4
97	4.362e4
98	1.014e5
99	1.506e4
100	1.171e4
101	8.137e3
102	2.945e4
103	1.448e4
104	9.018e3
105	3.805e3
106	1.235e4
107	1.703e4
108	5.872e4
109	3.853e4
110	6.747e4
111	3.144e4
112	3.091e4
113	1.786e4
114	1.554e4
115	1.499e4
116	8.158e3
117	3.635e4
118	9.510e3
119	2.051e4
120	1.816e4
121	1.476e4
122	2.355e4
123	2.560e4
124	3.601e4
125	3.019e4
126	1.338e5
127	1.269e4
128	1.553e4
129	8.229e3
130	6.816e3
131	2.241e4
132	1.335e4
133	1.595e4
134	1.580e4
135	3.180e4
136	2.793e4
137	2.077e4
138	3.398e4
139	1.840e4
140	1.454e4
141	6.100e3
142	6.851e3
143	1.057e4
144	2.401e4
145	1.543e4
146	1.257e4
147	1.573e4
148	1.648e4
149	1.889e4
150	2.687e4
151	2.254e4
152	3.268e4
153	1.869e4
154	3.688e4
155	9.122e3
156	7.061e3
157	9.392e3
158	1.038e4
159	1.141e4
160	1.171e4
161	1.287e4
162	1.497e4
163	1.635e4
164	1.909e4
165	1.526e4
166	2.219e4
167	1.367e4
168	1.719e4
169	8.312e3
170	7.599e3
171	8.089e3
172	8.495e3
173	1.037e4
174	1.270e4
175	1.166e4
176	1.492e4
177	1.155e4
178	1.717e4
179	1.266e4
180	1.490e4
181	1.256e4
182	1.344e4
183	1.039e4
184	9.038e3
185	1.115e4
186	1.370e4
187	1.107e4
188	1.166e4
189	1.278e4
190	1.458e4
191	1.091e4
192	1.807e4
193	1.305e4
194	1.474e4
195	1.264e4
196	1.137e4
197	9.261e3
198	8.316e3
199	1.259e4
200	1.311e4
201	1.157e4
202	1.182e4
203	1.006e4
204	9.712e3
205	8.150e3
206	1.033e4
207	1.010e4
208	1.876e4
209	1.273e4
210	8.605e3
211	7.879e3
212	7.467e3
213	7.669e3
214	7.761e3
215	1.061e4
216	1.132e4
217	8.570e3
218	6.969e3
219	6.335e3
220	6.497e3
221	5.937e3
222	5.700e3
223	6.357e3
224	7.245e3
225	7.542e3
226	1.152e4
227	8.863e3
228	8.998e3
229	7.656e3
230	6.719e3
231	5.670e3
232	7.673e3
233	7.607e3
234	6.549e3
235	5.342e3
236	5.093e3
237	4.664e3
238	5.556e3
239	6.024e3
240	6.204e3
241	4.952e3
242	7.997e3
243	7.153e3
244	9.278e3
245	6.899e3
246	4.987e3
247	4.650e3
248	4.123e3
249	5.858e3
250	5.167e3
251	4.563e3
252	4.059e3
253	3.782e3
254	4.390e3
255	3.853e3
256	4.259e3
257	3.568e3
258	4.427e3
259	5.792e3
260	5.504e3
261	5.132e3
262	3.485e3
263	3.382e3
264	3.413e3
265	3.498e3
266	3.338e3
267	3.538e3
268	3.170e3
269	2.858e3
270	2.553e3
271	2.647e3
272	2.266e3
273	2.496e3
274	2.311e3
275	2.571e3
276	3.444e3
277	3.166e3
278	2.798e3
279	2.531e3
280	2.649e3
281	3.121e3
282	4.161e3
283	3.348e3
284	2.459e3
285	2.128e3
286	2.011e3
287	1.931e3
288	1.946e3
289	2.347e3
290	2.139e3
291	1.862e3
292	2.241e3
293	3.035e3
294	2.174e3
295	2.141e3
296	2.034e3
297	2.065e3
298	1.821e3
299	1.794e3
300	1.501e3
301	1.753e3
302	1.634e3
303	1.340e3
304	1.417e3
305	1.533e3
306	1.581e3
307	1.359e3
308	1.409e3
309	1.378e3
310	1.461e3
311	1.373e3
312	1.281e3
313	1.274e3
314	1.230e3
315	1.171e3
316	1.174e3
317	1.128e3
318	1.138e3
319	1.128e3
320	1.060e3
321	1.205e3
322	1.106e3
323	1.239e3
324	1.316e3
325	1.041e3
326	8.230e2
327	9.680e2
328	7.990e2
329	8.070e2
330	8.030e2
331	8.210e2
332	8.130e2
333	7.640e2
334	9.120e2
335	7.820e2
336	7.420e2
337	7.480e2
338	7.510e2
339	8.310e2
340	7.280e2
341	7.030e2
342	6.840e2
343	6.630e2
344	6.140e2
345	6.350e2
346	5.890e2
347	6.180e2
348	5.730e2
349	5.940e2
350	6.310e2
351	5.950e2
352	5.740e2
353	5.780e2
354	5.420e2
355	5.420e2
356	5.380e2
357	5.470e2
358	6.280e2
359	7.420e2
360	6.840e2
361	8.120e2
362	7.130e2
363	8.970e2
364	6.330e2
365	5.820e2
366	5.000e2
367	5.130e2
368	4.560e2
369	4.500e2
370	4.210e2
371	3.970e2
372	4.290e2
373	4.210e2
374	4.460e2
375	4.990e2
376	5.770e2
377	8.920e2
378	7.720e2
379	1.229e3
380	7.970e2
381	7.430e2
382	4.390e2
383	3.890e2
384	3.480e2
385	3.640e2
386	4.030e2
387	5.300e2
388	3.860e2
389	3.170e2
390	2.950e2
391	3.120e2
392	3.300e2
393	3.800e2
394	4.230e2
395	5.330e2
396	6.290e2
397	1.049e3
398	6.300e2
399	3.370e2
400	2.450e2
401	2.430e2
402	2.290e2
403	2.180e2
404	2.130e2
405	2.160e2
406	2.160e2
407	2.190e2
408	2.310e2
409	2.290e2
410	2.080e2
411	2.230e2
412	2.110e2
413	2.000e2
414	1.760e2
415	1.680e2
416	1.590e2
417	1.700e2
418	1.750e2
419	1.790e2
420	1.940e2
421	1.740e2
422	1.530e2
423	1.560e2
424	1.400e2
425	1.570e2
426	1.480e2
427	1.570e2
428	1.400e2
429	1.380e2
430	1.370e2
431	1.290e2
432	1.140e2
433	1.340e2
434	1.250e2
435	1.160e2
436	1.150e2
437	1.270e2
438	1.260e2
439	1.260e2
440	1.060e2
441	1.000e2
442	1.020e2
443	1.040e2
444	9.500e1
445	9.500e1
446	9.800e1
447	9.100e1
448	1.010e2
449	9.200e1
450	8.900e1
451	8.500e1
452	8.800e1
453	9.000e1
454	8.500e1
455	8.600e1
456	7.500e1
457	7.400e1
458	7.500e1
459	8.000e1
460	7.500e1
461	7.200e1
462	6.800e1
463	6.900e1
464	7.600e1
465	7.700e1
466	7.200e1
467	7.500e1
468	6.900e1
469	6.800e1
470	6.300e1
471	5.900e1
472	6.300e1
473	6.500e1
474	6.100e1
475	6.100e1
476	5.100e1
477	6.200e1
478	5.200e1
479	5.500e1
480	5.000e1
481	5.300e1
482	4.800e1
483	4.700e1
484	4.700e1
485	5.100e1
486	4.700e1
487	4.400e1
488	4.400e1
489	5.000e1
490	5.500e1
491	4.700e1
492	4.400e1
493	4.600e1
494	4.600e1
495	4.300e1
496	4.000e1
497	3.700e1
498	3.300e1
499	3.900e1
500	3.700e1
501	3.900e1
502	3.600e1
503	3.800e1
504	3.800e1
505	3.800e1
506	3.800e1
507	3.300e1
508	3.700e1
509	4.200e1
510	3.700e1
511	3.800e1
512	3.400e1
513	3.300e1
514	3.400e1
515	3.200e1
516	3.300e1
517	3.200e1
518	3.100e1
519	3.300e1
520	3.200e1
521	3.000e1
522	2.600e1
523	3.400e1
524	3.200e1
525	3.100e1
526	2.900e1
527	2.900e1
528	3.200e1
529	2.600e1
530	2.800e1
531	2.400e1
532	2.500e1
533	2.500e1
534	2.800e1
535	2.900e1
536	2.600e1
537	2.300e1
538	2.400e1
539	2.200e1
540	2.500e1
541	2.200e1
542	2.100e1
543	2.200e1
544	2.200e1
545	2.100e1
546	2.100e1
547	2.400e1
548	2.300e1
549	2.900e1
550	2.500e1
551	2.600e1
552	2.400e1
553	2.400e1
554	1.700e1
555	1.800e1
556	1.700e1
557	1.800e1
558	1.700e1
559	1.700e1
560	1.300e1
561	2.000e1
562	1.900e1
563	1.900e1
564	1.700e1
565	1.900e1
566	1.700e1
567	1.600e1
568	1.500e1
569	1.400e1
570	1.500e1
571	1.800e1
572	1.700e1
573	1.300e1
574	1.300e1
575	2.300e1
576	1.800e1
577	2.500e1
578	1.900e1
579	2.100e1
580	1.500e1
581	1.600e1
582	1.600e1
583	1.400e1
584	1.600e1
585	1.400e1
586	1.200e1
587	1.300e1
588	1.300e1
589	1.600e1
590	1.300e1
591	1.600e1
592	1.400e1
593	1.900e1
594	1.400e1
595	1.400e1
596	1.400e1
597	1.200e1
598	1.300e1
599	1.000e1
600	1.300e1
601	1.300e1
602	1.300e1
603	1.800e1
604	2.000e1
605	2.200e1
606	1.300e1
607	1.600e1
608	1.100e1
609	1.400e1
610	1.200e1
611	1.300e1
612	1.300e1
613	1.100e1
614	1.000e1
615	1.100e1
616	1.100e1
617	1.200e1
618	1.500e1
619	1.300e1
620	1.200e1
621	1.300e1
622	1.300e1
623	1.300e1
624	1.100e1
625	1.300e1
626	1.000e1
627	1.400e1
628	1.000e1
629	8.000e0
630	1.100e1
631	1.000e1
632	1.100e1
633	9.000e0
634	8.000e0
635	1.200e1
636	1.000e1
637	1.000e1
638	1.000e1
639	1.000e1
640	1.100e1
641	1.100e1
642	9.000e0
643	1.000e1
644	1.000e1
645	1.100e1
646	1.300e1
647	1.200e1
648	8.000e0
649	1.200e1
650	9.000e0
651	1.000e1
652	1.200e1
653	9.000e0
654	9.000e0
655	9.000e0
656	9.000e0
657	7.000e0
658	1.000e1
659	1.100e1
660	1.000e1
661	9.000e0
662	9.000e0
663	1.100e1
664	1.000e1
665	1.000e1
666	9.000e0
667	1.100e1
668	7.000e0
669	8.000e0
670	8.000e0
671	9.000e0
672	8.000e0
673	1.100e1
674	1.000e1
675	9.000e0
676	9.000e0
677	8.000e0
678	1.000e1
679	9.000e0
680	1.000e1
681	7.000e0
682	8.000e0
683	8.000e0
684	7.000e0
685	9.000e0
686	1.000e1
687	8.000e0
688	8.000e0
689	9.000e0
690	9.000e0
691	8.000e0
692	8.000e0
693	8.000e0
694	7.000e0
695	8.000e0
696	1.000e1
697	7.000e0
698	9.000e0
699	9.000e0
700	7.000e0
701	7.000e0
702	8.000e0
703	6.000e0
704	7.000e0
705	8.000e0
706	8.000e0
707	8.000e0
708	8.000e0
709	1.000e1
710	8.000e0
711	6.000e0
712	6.000e0
713	7.000e0
714	7.000e0
715	8.000e0
716	8.000e0
717	8.000e0
718	7.000e0
719	8.000e0
720	1.100e1
721	7.000e0
722	8.000e0
723	7.000e0
724	7.000e0
725	8.000e0
726	8.000e0
727	7.000e0
728	7.000e0
729	6.000e0
730	7.000e0
731	6.000e0
732	7.000e0
733	7.000e0
734	8.000e0
735	8.000e0
736	6.000e0
737	7.000e0
738	7.000e0
739	7.000e0
740	7.000e0
741	7.000e0
742	7.000e0
743	6.000e0
744	7.000e0
745	6.000e0
746	6.000e0
747	6.000e0
748	7.000e0
749	7.000e0
750	7.000e0
751	6.000e0
752	7.000e0
753	5.000e0
754	6.000e0
755	7.000e0
756	7.000e0
757	6.000e0
758	6.000e0
759	8.000e0
760	8.000e0
761	8.000e0
762	7.000e0
763	6.000e0
764	8.000e0
765	7.000e0
766	6.000e0
767	7.000e0
768	6.000e0
769	8.000e0
770	7.000e0
771	7.000e0
772	7.000e0
773	8.000e0
774	7.000e0
775	7.000e0
776	7.000e0
777	7.000e0
778	7.000e0
779	5.000e0
780	6.000e0
781	6.000e0
782	6.000e0
783	6.000e0
784	6.000e0
785	7.000e0
786	7.000e0
787	5.000e0
788	6.000e0
789	8.000e0
790	7.000e0
791	6.000e0
792	7.000e0
793	8.000e0
794	7.000e0
795	5.000e0
796	7.000e0
797	7.000e0
798	8.000e0
799	6.000e0
800	7.000e0
801	7.000e0
802	6.000e0
803	7.000e0
804	7.000e0
805	6.000e0
806	7.000e0
807	6.000e0
808	6.000e0
809	5.000e0
810	6.000e0
811	6.000e0
812	9.000e0
813	8.000e0
814	6.000e0
815	6.000e0
816	6.000e0
817	6.000e0
818	7.000e0
819	7.000e0
820	6.000e0
821	7.000e0
822	7.000e0
823	7.000e0
824	7.000e0
825	6.000e0
826	6.000e0
827	7.000e0
828	7.000e0
829	7.000e0
830	7.000e0
831	5.000e0
832	8.000e0
833	6.000e0
834	6.000e0
835	6.000e0
836	6.000e0
837	5.000e0
838	6.000e0
839	5.000e0
840	5.000e0
841	8.000e0
842	6.000e0
843	6.000e0
844	6.000e0
845	8.000e0
846	6.000e0
847	7.000e0
848	6.000e0
849	6.000e0
850	7.000e0
851	6.000e0
852	7.000e0
853	6.000e0
854	4.000e0
855	5.000e0
856	7.000e0
857	7.000e0
858	5.000e0
859	7.000e0
860	6.000e0
861	6.000e0
862	6.000e0
863	6.000e0
864	7.000e0
865	7.000e0
866	8.000e0
867	6.000e0
868	8.000e0
869	7.000e0
870	5.000e0
871	6.000e0
872	6.000e0
873	6.000e0
874	5.000e0
875	5.000e0
876	6.000e0
877	7.000e0
878	5.000e0
879	6.000e0
880	6.000e0
881	7.000e0
882	5.000e0
883	5.000e0
884	5.000e0
885	6.000e0
886	6.000e0
887	6.000e0
888	6.000e0
889	4.000e0
890	6.000e0
891	8.000e0
892	7.000e0
893	6.000e0
894	6.000e0
895	6.000e0
896	6.000e0
897	7.000e0
898	4.000e0
899	6.000e0
900	7.000e0
901	6.000e0
902	6.000e0
903	6.000e0
904	5.000e0
905	6.000e0
906	5.000e0
907	5.000e0
908	6.000e0
909	6.000e0
910	8.000e0
911	8.000e0
912	6.000e0
913	6.000e0
914	5.000e0
915	8.000e0
916	6.000e0
917	7.000e0
918	7.000e0
919	5.000e0
920	5.000e0
921	6.000e0
922	6.000e0
923	6.000e0
924	6.000e0
925	6.000e0
926	5.000e0
927	6.000e0
928	6.000e0
929	6.000e0
930	5.000e0
931	6.000e0
932	6.000e0
933	5.000e0
934	5.000e0
935	6.000e0
936	5.000e0
937	7.000e0
938	7.000e0
939	5.000e0
940	6.000e0
941	6.000e0
942	5.000e0
943	5.000e0
944	4.000e0
945	5.000e0
946	7.000e0
947	6.000e0
948	7.000e0
949	6.000e0
950	6.000e0
951	6.000e0
952	6.000e0
953	6.000e0
954	7.000e0
955	5.000e0
956	5.000e0
957	8.000e0
958	6.000e0
959	7.000e0
960	6.000e0
961	6.000e0
962	7.000e0
963	5.000e0
964	6.000e0
965	6.000e0
966	5.000e0
967	6.000e0
968	5.000e0
969	5.000e0
970	7.000e0
971	6.000e0
972	7.000e0
973	6.000e0
974	7.000e0
975	6.000e0
976	6.000e0
977	5.000e0
978	7.000e0
979	6.000e0
980	5.000e0
981	6.000e0
982	7.000e0
983	6.000e0
984	6.000e0
985	6.000e0
986	4.000e0
987	5.000e0
988	6.000e0
989	5.000e0
990	6.000e0
991	6.000e0
992	6.000e0
993	7.000e0
994	8.000e0
995	6.000e0
996	6.000e0
997	6.000e0
