52	7.060e2
53	1.785e3
54	7.452e3
55	2.973e4
56	5.368e4
57	2.952e4
58	5.876e4
59	2.994e4
60	5.973e4
61	1.293e4
62	5.489e3
63	1.569e3
64	1.494e3
65	1.839e3
66	4.763e3
67	3.677e4
68	4.226e4
69	3.797e4
70	6.812e4
71	3.247e4
72	4.031e4
73	1.780e4
74	2.071e4
75	3.299e3
76	1.394e3
77	1.511e3
78	9.543e3
79	6.934e3
80	1.926e4
81	4.831e4
82	3.848e4
83	9.309e4
84	8.429e4
85	5.679e4
86	3.205e4
87	1.735e4
88	5.429e3
89	7.586e3
90	4.001e3
91	1.609e4
92	3.471e4
93	2.105e4
94	5.047e4
95	4.616e4
96	6.112e4
97	5.807e4
98	1.625e5
99	2.458e4
100	1.999e4
101	1.406e4
102	1.926e4
103	1.010e4
104	1.124e4
105	8.372e3
106	2.420e4
107	2.724e4
108	5.941e4
109	4.847e4
110	6.655e4
111	4.257e4
112	4.941e4
113	2.455e4
114	2.042e4
115	1.010e4
116	9.620e3
117	3.252e4
118	1.752e4
119	2.574e4
120	2.551e4
121	2.530e4
122	4.262e4
123	3.582e4
124	8.419e4
125	0
126	8.786e4
127	1.753e4
128	2.390e4
129	1.326e4
130	1.261e4
131	3.242e4
132	2.410e4
133	3.444e4
134	3.072e4
135	3.668e4
136	3.704e4
137	2.980e4
138	4.516e4
139	2.838e4
140	2.368e4
141	9.454e3
142	1.066e4
143	1.555e4
144	2.890e4
145	2.571e4
146	2.508e4
147	3.438e4
148	3.588e4
149	3.522e4
150	3.985e4
151	4.323e4
152	4.375e4
153	3.118e4
154	7.784e4
155	1.438e4
156	1.507e4
157	1.814e4
158	2.378e4
159	3.054e4
160	2.942e4
161	3.076e4
162	3.761e4
163	3.299e4
164	3.689e4
165	2.892e4
166	3.563e4
167	2.434e4
168	3.632e4
169	1.570e4
170	1.662e4
171	2.038e4
172	2.442e4
173	2.877e4
174	2.676e4
175	2.978e4
176	3.518e4
177	2.880e4
178	3.722e4
179	2.397e4
180	3.360e4
181	2.082e4
182	2.953e4
183	2.079e4
184	2.036e4
185	2.572e4
186	3.646e4
187	2.928e4
188	3.246e4
189	3.417e4
190	3.679e4
191	2.331e4
192	3.594e4
193	2.668e4
194	3.401e4
195	2.226e4
196	2.540e4
197	2.082e4
198	1.768e4
199	2.338e4
200	2.324e4
201	2.725e4
202	2.664e4
203	1.784e4
204	2.398e4
205	1.066e4
206	1.718e4
207	1.380e4
208	2.764e4
209	2.154e4
210	2.187e4
211	2.079e4
212	1.776e4
213	9.811e3
214	1.023e4
215	1.367e4
216	2.244e4
217	1.860e4
218	9.852e3
219	1.640e4
220	1.083e4
221	7.348e3
222	7.287e3
223	7.112e3
224	1.721e4
225	1.737e4
226	3.033e4
227	8.816e3
228	1.159e4
229	7.471e3
230	6.647e3
231	6.211e3
232	1.583e4
233	1.935e4
234	1.635e4
235	1.228e4
236	7.614e3
237	6.480e3
238	9.006e3
239	6.755e3
240	1.607e4
241	1.320e4
242	2.002e4
243	8.979e3
244	1.043e4
245	5.653e3
246	4.572e3
247	5.957e3
248	7.177e3
249	1.451e4
250	1.182e4
251	6.866e3
252	4.639e3
253	4.665e3
254	4.558e3
255	4.155e3
256	8.726e3
257	7.312e3
258	6.461e3
259	7.009e3
260	6.727e3
261	5.184e3
262	4.308e3
263	4.326e3
264	4.501e3
265	4.164e3
266	4.001e3
267	7.001e3
268	3.941e3
269	3.092e3
270	3.016e3
271	2.928e3
272	2.760e3
273	3.461e3
274	5.682e3
275	4.513e3
276	4.036e3
277	3.975e3
278	6.396e3
279	0
280	2.837e3
281	3.294e3
282	3.104e3
283	2.471e3
284	0
285	4.835e3
286	2.038e3
287	2.202e3
288	2.015e3
289	4.387e3
290	2.375e3
291	2.131e3
292	2.205e3
293	3.493e3
294	2.222e3
295	2.041e3
296	1.922e3
297	1.460e3
298	1.645e3
299	1.627e3
300	1.759e3
301	1.981e3
302	1.941e3
303	1.850e3
304	1.601e3
305	1.601e3
306	1.457e3
307	1.370e3
308	1.599e3
309	1.554e3
310	1.679e3
311	1.580e3
312	1.685e3
313	1.349e3
314	1.390e3
315	1.191e3
316	1.214e3
317	1.317e3
318	1.311e3
319	1.302e3
320	1.438e3
321	1.619e3
322	1.286e3
323	1.867e3
324	1.233e3
325	9.520e2
326	0
327	2.128e3
328	1.197e3
329	1.238e3
330	1.270e3
331	1.078e3
332	1.074e3
333	8.990e2
334	9.500e2
335	7.960e2
336	9.830e2
337	9.480e2
338	1.089e3
339	1.047e3
340	0
341	1.965e3
342	0
343	1.628e3
344	8.280e2
345	6.800e2
346	7.650e2
347	8.400e2
348	8.820e2
349	8.280e2
350	9.000e2
351	7.780e2
352	7.330e2
353	6.980e2
354	0
355	1.409e3
356	7.970e2
357	7.320e2
358	1.064e3
359	7.650e2
360	1.212e3
361	7.190e2
362	9.340e2
363	6.320e2
364	6.140e2
365	5.200e2
366	5.820e2
367	5.870e2
368	0
369	1.562e3
370	6.470e2
371	6.110e2
372	0
373	1.091e3
374	5.560e2
375	4.580e2
376	8.970e2
377	5.740e2
378	1.180e3
379	6.470e2
380	5.990e2
381	4.550e2
382	4.560e2
383	3.720e2
384	0
385	7.930e2
386	0
387	1.515e3
388	0
389	8.780e2
390	0
391	8.850e2
392	0
393	8.640e2
394	4.040e2
395	3.250e2
396	0
397	8.770e2
398	0
399	7.380e2
400	3.910e2
401	3.620e2
402	3.490e2
403	0
404	6.110e2
405	2.700e2
406	0
407	5.620e2
408	0
409	6.100e2
410	3.300e2
411	3.320e2
412	3.080e2
413	2.790e2
414	2.750e2
415	2.350e2
416	2.560e2
417	2.340e2
418	0
419	5.030e2
420	2.000e0
421	5.250e2
422	1.000e0
423	5.100e2
424	2.510e2
425	2.240e2
426	2.330e2
427	2.140e2
428	0
429	4.690e2
430	2.470e2
431	2.290e2
432	2.440e2
433	2.070e2
434	2.420e2
435	0
436	4.100e2
437	0
438	3.820e2
439	1.830e2
440	1.940e2
441	1.920e2
442	1.780e2
443	2.150e2
444	1.770e2
445	2.050e2
446	0
447	3.580e2
448	1.760e2
449	0
450	3.340e2
451	1.000e0
452	3.350e2
453	1.750e2
454	0
455	3.480e2
456	1.000e0
457	3.210e2
458	1.780e2
459	1.570e2
460	0
461	2.740e2
462	1.530e2
463	1.510e2
464	0
465	3.030e2
466	3.000e0
467	2.930e2
468	1.410e2
469	1.550e2
470	1.330e2
471	0
472	2.810e2
473	1.260e2
474	1.580e2
475	0
476	2.550e2
477	1.450e2
478	1.070e2
479	1.360e2
480	0
481	2.520e2
482	1.000e0
483	2.370e2
484	1.080e2
485	1.180e2
486	1.270e2
487	1.080e2
488	0
489	2.270e2
490	1.240e2
491	1.020e2
492	0
493	2.250e2
494	2.000e0
495	2.010e2
496	1.060e2
497	0
498	2.040e2
499	1.080e2
500	0
501	1.960e2
502	8.000e1
503	1.230e2
504	8.900e1
505	1.190e2
506	7.800e1
507	1.070e2
508	0
509	1.760e2
510	0
511	1.750e2
512	8.700e1
513	0
514	1.630e2
515	8.200e1
516	8.900e1
517	7.300e1
518	0
519	1.690e2
520	4.000e0
521	1.610e2
522	2.000e0
523	1.650e2
524	3.000e0
525	1.410e2
526	2.000e0
527	1.450e2
528	6.700e1
529	0
530	1.530e2
531	0
532	1.450e2
533	4.000e0
534	1.340e2
535	7.400e1
536	0
537	1.280e2
538	6.900e1
539	0
540	1.130e2
541	5.000e0
542	1.220e2
543	2.000e0
544	1.140e2
545	5.000e0
546	1.200e2
547	6.100e1
548	0
549	1.220e2
550	8.400e1
551	0
552	1.130e2
553	1.000e0
554	1.010e2
555	1.000e0
556	1.090e2
557	4.000e0
558	9.900e1
559	4.900e1
560	0
561	1.050e2
562	5.300e1
563	0
564	9.400e1
565	4.700e1
566	0
567	1.020e2
568	0
569	9.800e1
570	3.000e0
571	9.700e1
572	1.000e0
573	9.300e1
574	2.000e0
575	9.400e1
576	4.000e0
577	1.150e2
578	5.200e1
579	0
580	8.300e1
581	3.000e0
582	8.200e1
583	3.000e0
584	8.800e1
585	6.000e0
586	8.300e1
587	1.000e0
588	8.400e1
589	1.000e0
590	7.600e1
591	7.000e0
592	7.800e1
593	4.000e1
594	0
595	7.900e1
596	6.000e0
597	6.800e1
598	2.000e0
599	7.300e1
600	3.000e0
601	7.600e1
602	3.000e0
603	8.900e1
604	4.000e1
605	0
606	7.300e1
607	3.000e0
608	7.000e1
609	0
610	6.200e1
611	2.000e0
612	6.800e1
613	7.000e0
614	6.000e1
615	2.000e0
616	6.900e1
617	3.600e1
618	0
619	7.200e1
620	0
621	7.300e1
622	9.000e0
623	6.600e1
624	0
625	5.700e1
626	3.700e1
627	0
628	6.300e1
629	6.000e0
630	5.400e1
631	2.000e0
632	6.900e1
633	3.500e1
634	0
635	6.300e1
636	0
637	5.800e1
638	3.900e1
639	0
640	4.900e1
641	4.000e0
642	5.600e1
643	1.000e0
644	6.000e1
645	1.000e0
646	5.400e1
647	5.000e0
648	5.900e1
649	0
650	5.800e1
651	4.000e0
652	6.200e1
653	0
654	5.500e1
655	8.000e0
656	5.400e1
657	3.300e1
658	0
659	6.000e1
660	4.100e1
661	0
662	5.800e1
663	6.000e0
664	4.900e1
665	1.000e0
666	5.300e1
667	0
668	5.100e1
669	5.000e0
670	4.600e1
671	3.700e1
672	0
673	4.000e1
674	1.000e0
675	6.000e1
676	3.000e0
677	5.100e1
678	2.100e1
679	0
680	5.500e1
681	2.600e1
682	0
683	4.900e1
684	2.000e0
685	5.300e1
686	0
687	4.400e1
688	4.200e1
689	0
690	4.400e1
691	0
692	5.400e1
693	7.000e0
694	5.400e1
695	1.200e1
696	0
697	5.800e1
698	3.000e0
699	5.400e1
700	1.500e1
701	4.600e1
702	0
703	3.800e1
704	0
705	4.500e1
706	0
707	4.300e1
708	4.000e1
709	0
710	4.600e1
711	2.000e0
712	4.900e1
713	1.000e0
714	4.600e1
715	2.300e1
716	0
717	4.700e1
718	2.000e0
719	4.200e1
720	1.000e0
721	5.300e1
722	2.200e1
723	0
724	4.800e1
725	4.000e0
726	5.000e1
727	0
728	3.700e1
729	1.500e1
730	4.600e1
731	2.000e1
732	0
733	4.700e1
734	8.000e0
735	4.500e1
736	1.000e0
737	3.800e1
738	7.000e0
739	4.100e1
740	0
741	3.400e1
742	4.600e1
743	0
744	5.000e0
745	4.900e1
746	2.900e1
747	0
748	4.000e1
749	0
750	4.000e1
751	4.000e1
752	0
753	2.100e1
754	4.700e1
755	0
756	4.000e1
757	2.000e0
758	3.700e1
759	0
760	4.100e1
761	6.000e0
762	4.600e1
763	3.100e1
764	0
765	4.500e1
766	9.000e0
767	4.400e1
768	0
769	3.900e1
770	0
771	3.300e1
772	4.700e1
773	0
774	3.700e1
775	4.000e0
776	4.000e1
777	0
778	3.100e1
779	3.900e1
780	0
781	1.900e1
782	4.900e1
783	0
784	3.700e1
785	0
786	4.600e1
787	3.000e0
788	4.900e1
789	2.200e1
790	0
791	4.400e1
792	1.000e0
793	4.500e1
794	8.000e0
795	4.600e1
796	0
797	3.300e1
798	0
799	4.000e1
800	6.000e0
801	4.000e1
802	0
803	3.900e1
804	4.000e1
805	0
806	3.300e1
807	0
808	4.700e1
809	3.000e0
810	4.500e1
811	0
812	4.000e1
813	0
814	4.200e1
815	1.700e1
816	4.300e1
817	0
818	3.200e1
819	3.800e1
820	0
821	2.300e1
822	4.100e1
823	0
824	2.400e1
825	4.200e1
826	0
827	1.900e1
828	4.000e1
829	9.000e0
830	4.200e1
831	0
832	3.400e1
833	5.000e0
834	4.200e1
835	0
836	3.600e1
837	1.000e0
838	4.500e1
839	0
840	4.400e1
841	3.100e1
842	0
843	3.900e1
844	2.200e1
845	0
846	3.900e1
847	5.000e0
848	4.100e1
849	1.200e1
850	0
851	4.100e1
852	1.300e1
853	4.200e1
854	0
855	1.600e1
856	4.200e1
857	1.500e1
858	0
859	4.700e1
860	9.000e0
861	4.300e1
862	0
863	3.800e1
864	7.000e0
865	3.600e1
866	0
867	3.500e1
868	1.000e0
869	3.600e1
870	9.000e0
871	4.500e1
872	0
873	3.800e1
874	8.000e0
875	4.500e1
876	0
877	1.900e1
878	3.900e1
879	0
880	4.000e1
881	9.000e0
882	4.300e1
883	0
884	1.600e1
885	4.100e1
886	0
887	3.700e1
888	2.300e1
889	0
890	4.200e1
891	2.000e1
892	0
893	4.300e1
894	9.000e0
895	4.200e1
896	0
897	3.700e1
898	3.900e1
899	0
900	4.200e1
901	0
902	3.500e1
903	0
904	4.200e1
905	1.000e0
906	3.900e1
907	6.000e0
908	3.800e1
909	1.600e1
910	0
911	3.500e1
912	3.700e1
913	0
914	2.100e1
915	4.100e1
916	0
917	3.800e1
918	3.000e0
919	3.900e1
920	0
921	3.700e1
922	0
923	1.800e1
924	3.500e1
925	8.000e0
926	3.900e1
927	5.000e0
928	4.400e1
929	0
930	3.600e1
931	0
932	3.000e1
933	4.000e0
934	4.100e1
935	1.700e1
936	0
937	3.800e1
938	4.000e0
939	4.400e1
940	0
941	3.900e1
942	7.000e0
943	4.300e1
944	1.000e0
945	3.800e1
946	6.000e0
947	3.900e1
948	0
949	2.900e1
950	4.500e1
951	0
952	3.900e1
953	0
954	1.600e1
955	3.600e1
956	0
957	2.400e1
958	3.600e1
959	0
960	3.100e1
961	0
962	3.400e1
963	1.200e1
964	3.500e1
965	1.000e0
966	4.000e1
967	0
968	3.300e1
969	8.000e0
970	4.000e1
971	0
972	3.700e1
973	3.000e0
974	4.200e1
975	0
976	3.500e1
977	1.000e0
978	4.100e1
979	0
980	3.500e1
981	1.400e1
982	0
983	3.600e1
984	1.700e1
985	4.100e1
986	0
987	2.800e1
988	0
989	2.000e1
990	3.400e1
991	1.200e1
992	0
993	4.000e1
994	2.100e1
995	0
996	4.000e1
997	5.000e0
