52	2.180e2
53	6.200e2
54	4.096e3
55	8.743e3
56	2.324e4
57	1.482e4
58	3.878e4
59	3.270e4
60	9.467e4
61	1.388e4
62	3.835e3
63	7.210e2
64	1.455e3
65	4.910e2
66	4.011e3
67	4.023e4
68	2.444e4
69	2.333e4
70	7.424e4
71	5.803e4
72	2.856e4
73	4.199e4
74	2.185e4
75	2.513e3
76	1.592e3
77	2.325e3
78	3.897e3
79	4.096e3
80	8.569e3
81	3.089e4
82	4.886e4
83	8.470e4
84	1.018e5
85	1.161e5
86	4.176e4
87	1.290e4
88	5.165e3
89	6.385e3
90	7.652e3
91	8.012e3
92	5.467e4
93	1.369e4
94	5.911e4
95	4.356e4
96	6.414e4
97	6.029e4
98	1.540e5
99	1.851e4
100	1.559e4
101	1.165e4
102	7.025e4
103	3.084e4
104	1.237e4
105	4.500e3
106	1.389e4
107	1.896e4
108	8.592e4
109	5.441e4
110	8.470e4
111	3.862e4
112	4.595e4
113	1.958e4
114	1.883e4
115	2.208e4
116	1.186e4
117	5.079e4
118	1.095e4
119	4.068e4
120	2.240e4
121	1.856e4
122	2.606e4
123	3.258e4
124	5.116e4
125	3.945e4
126	1.863e5
127	1.629e4
128	2.209e4
129	9.340e3
130	6.794e3
131	3.601e4
132	1.837e4
133	1.954e4
134	2.175e4
135	4.200e4
136	3.037e4
137	3.201e4
138	5.131e4
139	2.632e4
140	1.855e4
141	6.965e3
142	9.022e3
143	1.345e4
144	5.777e4
145	2.037e4
146	1.559e4
147	2.022e4
148	1.931e4
149	2.388e4
150	3.353e4
151	3.544e4
152	4.712e4
153	2.393e4
154	5.244e4
155	9.114e3
156	8.011e3
157	1.203e4
158	1.311e4
159	1.435e4
160	1.494e4
161	1.653e4
162	1.981e4
163	1.966e4
164	3.009e4
165	2.083e4
166	3.905e4
167	1.736e4
168	2.203e4
169	1.023e4
170	9.144e3
171	1.071e4
172	1.045e4
173	1.381e4
174	1.545e4
175	1.392e4
176	1.982e4
177	1.435e4
178	2.940e4
179	1.465e4
180	2.328e4
181	1.477e4
182	1.926e4
183	1.151e4
184	1.121e4
185	1.635e4
186	1.596e4
187	1.371e4
188	1.427e4
189	1.576e4
190	1.889e4
191	1.219e4
192	3.196e4
193	1.559e4
194	2.467e4
195	1.830e4
196	1.584e4
197	1.126e4
198	1.008e4
199	1.867e4
200	1.575e4
201	1.486e4
202	1.310e4
203	1.122e4
204	1.225e4
205	9.606e3
206	1.477e4
207	1.233e4
208	2.783e4
209	1.525e4
210	1.136e4
211	8.963e3
212	9.132e3
213	9.378e3
214	9.230e3
215	1.504e4
216	1.297e4
217	9.923e3
218	8.507e3
219	7.522e3
220	7.949e3
221	7.635e3
222	7.555e3
223	7.424e3
224	8.558e3
225	8.016e3
226	1.726e4
227	9.081e3
228	1.179e4
229	9.421e3
230	7.970e3
231	6.223e3
232	9.232e3
233	9.715e3
234	7.401e3
235	6.787e3
236	6.578e3
237	5.504e3
238	7.399e3
239	6.410e3
240	7.276e3
241	5.572e3
242	1.112e4
243	8.259e3
244	1.239e4
245	7.125e3
246	5.717e3
247	5.826e3
248	4.684e3
249	7.493e3
250	5.341e3
251	5.114e3
252	4.365e3
253	4.109e3
254	4.639e3
255	3.922e3
256	4.463e3
257	3.865e3
258	5.306e3
259	7.043e3
260	6.537e3
261	6.323e3
262	3.843e3
263	4.258e3
264	3.752e3
265	3.845e3
266	3.402e3
267	3.439e3
268	3.227e3
269	2.916e3
270	2.794e3
271	2.755e3
272	2.680e3
273	2.783e3
274	2.937e3
275	3.243e3
276	3.736e3
277	3.753e3
278	2.796e3
279	3.013e3
280	2.782e3
281	3.070e3
282	4.772e3
283	2.919e3
284	2.321e3
285	2.197e3
286	2.054e3
287	2.114e3
288	2.092e3
289	3.420e3
290	2.310e3
291	2.076e3
292	2.214e3
293	3.228e3
294	2.421e3
295	2.204e3
296	1.969e3
297	1.832e3
298	1.769e3
299	1.662e3
300	1.714e3
301	1.808e3
302	1.606e3
303	1.578e3
304	1.516e3
305	1.532e3
306	1.494e3
307	1.198e3
308	1.512e3
309	1.313e3
310	1.385e3
311	1.307e3
312	1.348e3
313	1.242e3
314	1.255e3
315	1.066e3
316	1.150e3
317	9.950e2
318	1.057e3
319	9.180e2
320	1.029e3
321	9.770e2
322	9.940e2
323	1.733e3
324	1.120e3
325	8.770e2
326	8.520e2
327	7.680e2
328	7.690e2
329	7.530e2
330	7.820e2
331	6.690e2
332	7.140e2
333	6.440e2
334	7.940e2
335	6.600e2
336	6.830e2
337	6.640e2
338	6.380e2
339	6.650e2
340	6.560e2
341	6.110e2
342	5.530e2
343	5.240e2
344	5.270e2
345	5.040e2
346	5.090e2
347	4.710e2
348	5.000e2
349	4.550e2
350	5.310e2
351	4.360e2
352	4.700e2
353	4.080e2
354	4.150e2
355	4.730e2
356	4.480e2
357	5.010e2
358	5.210e2
359	4.160e2
360	4.790e2
361	4.050e2
362	4.790e2
363	3.860e2
364	3.910e2
365	3.270e2
366	3.560e2
367	3.050e2
368	3.800e2
369	3.080e2
370	2.940e2
371	2.790e2
372	3.180e2
373	2.700e2
374	3.140e2
375	2.730e2
376	4.490e2
377	3.830e2
378	5.260e2
379	4.100e2
380	3.630e2
381	2.510e2
382	2.400e2
383	2.090e2
384	2.230e2
385	1.870e2
386	5.670e2
387	3.890e2
388	2.640e2
389	1.890e2
390	1.960e2
391	1.770e2
392	2.210e2
393	2.090e2
394	2.540e2
395	2.010e2
396	3.060e2
397	2.550e2
398	1.860e2
399	1.430e2
400	1.450e2
401	1.310e2
402	1.450e2
403	1.240e2
404	1.260e2
405	1.180e2
406	1.390e2
407	1.130e2
408	1.620e2
409	1.250e2
410	1.450e2
411	1.240e2
412	1.200e2
413	9.500e1
414	9.300e1
415	8.800e1
416	8.600e1
417	9.100e1
418	8.400e1
419	9.400e1
420	9.100e1
421	7.500e1
422	7.500e1
423	7.400e1
424	7.500e1
425	7.300e1
426	8.000e1
427	8.100e1
428	7.000e1
429	7.300e1
430	6.900e1
431	6.800e1
432	6.100e1
433	5.800e1
434	5.800e1
435	5.700e1
436	5.300e1
437	6.200e1
438	5.900e1
439	5.800e1
440	5.300e1
441	4.600e1
442	4.600e1
443	4.700e1
444	4.100e1
445	4.400e1
446	4.200e1
447	4.500e1
448	4.600e1
449	4.100e1
450	4.100e1
451	4.100e1
452	3.600e1
453	4.100e1
454	3.600e1
455	4.100e1
456	3.800e1
457	3.300e1
458	3.500e1
459	3.300e1
460	3.300e1
461	3.200e1
462	3.000e1
463	3.500e1
464	3.300e1
465	3.300e1
466	3.300e1
467	3.700e1
468	3.200e1
469	3.200e1
470	2.900e1
471	3.100e1
472	2.700e1
473	2.700e1
474	3.000e1
475	2.400e1
476	2.500e1
477	2.500e1
478	2.500e1
479	2.600e1
480	2.700e1
481	2.400e1
482	2.200e1
483	2.500e1
484	2.200e1
485	2.200e1
486	2.100e1
487	2.100e1
488	2.200e1
489	2.700e1
490	2.600e1
491	1.900e1
492	2.300e1
493	2.000e1
494	2.000e1
495	2.200e1
496	1.900e1
497	1.700e1
498	2.000e1
499	1.800e1
500	1.800e1
501	1.900e1
502	2.000e1
503	2.400e1
504	2.200e1
505	1.800e1
506	1.800e1
507	1.700e1
508	1.600e1
509	1.900e1
510	1.600e1
511	1.800e1
512	1.500e1
513	1.300e1
514	1.400e1
515	1.400e1
516	1.800e1
517	1.600e1
518	1.600e1
519	1.600e1
520	1.400e1
521	1.600e1
522	1.500e1
523	1.700e1
524	1.500e1
525	1.600e1
526	1.500e1
527	1.600e1
528	1.400e1
529	1.500e1
530	1.500e1
531	1.000e1
532	1.300e1
533	1.300e1
534	1.500e1
535	1.500e1
536	1.300e1
537	1.200e1
538	1.300e1
539	1.300e1
540	1.300e1
541	1.200e1
542	1.100e1
543	1.300e1
544	1.200e1
545	1.200e1
546	1.100e1
547	1.400e1
548	1.300e1
549	1.400e1
550	1.400e1
551	1.500e1
552	1.200e1
553	1.200e1
554	1.000e1
555	1.100e1
556	1.100e1
557	1.100e1
558	1.200e1
559	1.300e1
560	1.300e1
561	1.200e1
562	1.200e1
563	1.300e1
564	1.100e1
565	1.200e1
566	1.100e1
567	9.000e0
568	1.200e1
569	1.000e1
570	1.000e1
571	1.100e1
572	1.300e1
573	1.200e1
574	1.000e1
575	1.400e1
576	1.200e1
577	1.400e1
578	1.200e1
579	1.100e1
580	1.000e1
581	1.100e1
582	8.000e0
583	1.400e1
584	1.000e1
585	1.000e1
586	1.000e1
587	9.000e0
588	1.000e1
589	1.000e1
590	1.200e1
591	1.200e1
592	1.000e1
593	1.000e1
594	1.000e1
595	8.000e0
596	8.000e0
597	1.000e1
598	1.000e1
599	1.100e1
600	1.100e1
601	9.000e0
602	9.000e0
603	1.100e1
604	1.200e1
605	9.000e0
606	1.100e1
607	1.000e1
608	1.000e1
609	1.000e1
610	9.000e0
611	8.000e0
612	9.000e0
613	9.000e0
614	9.000e0
615	9.000e0
616	9.000e0
617	9.000e0
618	1.000e1
619	7.000e0
620	1.200e1
621	1.100e1
622	1.000e1
623	1.000e1
624	7.000e0
625	9.000e0
626	9.000e0
627	9.000e0
628	1.000e1
629	8.000e0
630	9.000e0
631	9.000e0
632	1.000e1
633	8.000e0
634	8.000e0
635	8.000e0
636	8.000e0
637	1.100e1
638	7.000e0
639	9.000e0
640	8.000e0
641	7.000e0
642	6.000e0
643	8.000e0
644	8.000e0
645	9.000e0
646	9.000e0
647	9.000e0
648	8.000e0
649	1.000e1
650	9.000e0
651	1.100e1
652	1.000e1
653	1.000e1
654	1.000e1
655	9.000e0
656	9.000e0
657	7.000e0
658	6.000e0
659	8.000e0
660	8.000e0
661	7.000e0
662	7.000e0
663	8.000e0
664	8.000e0
665	8.000e0
666	7.000e0
667	8.000e0
668	7.000e0
669	9.000e0
670	8.000e0
671	8.000e0
672	8.000e0
673	8.000e0
674	8.000e0
675	9.000e0
676	8.000e0
677	8.000e0
678	9.000e0
679	8.000e0
680	9.000e0
681	8.000e0
682	8.000e0
683	9.000e0
684	7.000e0
685	6.000e0
686	8.000e0
687	8.000e0
688	8.000e0
689	8.000e0
690	8.000e0
691	8.000e0
692	8.000e0
693	9.000e0
694	7.000e0
695	8.000e0
696	8.000e0
697	9.000e0
698	7.000e0
699	8.000e0
700	6.000e0
701	1.000e1
702	8.000e0
703	8.000e0
704	6.000e0
705	6.000e0
706	5.000e0
707	7.000e0
708	7.000e0
709	6.000e0
710	7.000e0
711	8.000e0
712	7.000e0
713	8.000e0
714	7.000e0
715	9.000e0
716	7.000e0
717	9.000e0
718	6.000e0
719	7.000e0
720	7.000e0
721	8.000e0
722	6.000e0
723	7.000e0
724	7.000e0
725	9.000e0
726	9.000e0
727	9.000e0
728	9.000e0
729	7.000e0
730	8.000e0
731	7.000e0
732	8.000e0
733	8.000e0
734	5.000e0
735	8.000e0
736	7.000e0
737	6.000e0
738	7.000e0
739	7.000e0
740	6.000e0
741	9.000e0
742	8.000e0
743	7.000e0
744	7.000e0
745	8.000e0
746	6.000e0
747	8.000e0
748	7.000e0
749	7.000e0
750	7.000e0
751	7.000e0
752	5.000e0
753	6.000e0
754	6.000e0
755	8.000e0
756	6.000e0
757	7.000e0
758	8.000e0
759	6.000e0
760	7.000e0
761	7.000e0
762	7.000e0
763	7.000e0
764	7.000e0
765	8.000e0
766	7.000e0
767	6.000e0
768	8.000e0
769	8.000e0
770	7.000e0
771	6.000e0
772	9.000e0
773	6.000e0
774	7.000e0
775	7.000e0
776	7.000e0
777	6.000e0
778	7.000e0
779	6.000e0
780	6.000e0
781	8.000e0
782	7.000e0
783	8.000e0
784	7.000e0
785	7.000e0
786	6.000e0
787	8.000e0
788	7.000e0
789	7.000e0
790	7.000e0
791	6.000e0
792	7.000e0
793	7.000e0
794	7.000e0
795	6.000e0
796	6.000e0
797	5.000e0
798	7.000e0
799	7.000e0
800	5.000e0
801	5.000e0
802	7.000e0
803	7.000e0
804	6.000e0
805	7.000e0
806	6.000e0
807	7.000e0
808	7.000e0
809	7.000e0
810	7.000e0
811	7.000e0
812	5.000e0
813	6.000e0
814	7.000e0
815	7.000e0
816	5.000e0
817	6.000e0
818	9.000e0
819	6.000e0
820	6.000e0
821	6.000e0
822	7.000e0
823	6.000e0
824	6.000e0
825	6.000e0
826	6.000e0
827	6.000e0
828	6.000e0
829	7.000e0
830	6.000e0
831	6.000e0
832	8.000e0
833	7.000e0
834	7.000e0
835	5.000e0
836	6.000e0
837	8.000e0
838	6.000e0
839	7.000e0
840	7.000e0
841	7.000e0
842	6.000e0
843	6.000e0
844	6.000e0
845	6.000e0
846	7.000e0
847	6.000e0
848	6.000e0
849	5.000e0
850	6.000e0
851	7.000e0
852	7.000e0
853	6.000e0
854	5.000e0
855	4.000e0
856	5.000e0
857	7.000e0
858	6.000e0
859	7.000e0
860	6.000e0
861	7.000e0
862	7.000e0
863	6.000e0
864	6.000e0
865	6.000e0
866	6.000e0
867	7.000e0
868	8.000e0
869	8.000e0
870	5.000e0
871	6.000e0
872	5.000e0
873	6.000e0
874	5.000e0
875	6.000e0
876	6.000e0
877	6.000e0
878	7.000e0
879	6.000e0
880	7.000e0
881	7.000e0
882	6.000e0
883	8.000e0
884	7.000e0
885	6.000e0
886	7.000e0
887	6.000e0
888	6.000e0
889	6.000e0
890	6.000e0
891	6.000e0
892	5.000e0
893	4.000e0
894	5.000e0
895	7.000e0
896	7.000e0
897	7.000e0
898	4.000e0
899	6.000e0
900	6.000e0
901	5.000e0
902	5.000e0
903	6.000e0
904	5.000e0
905	5.000e0
906	5.000e0
907	6.000e0
908	5.000e0
909	7.000e0
910	6.000e0
911	7.000e0
912	8.000e0
913	6.000e0
914	5.000e0
915	7.000e0
916	5.000e0
917	5.000e0
918	7.000e0
919	8.000e0
920	5.000e0
921	5.000e0
922	6.000e0
923	6.000e0
924	5.000e0
925	5.000e0
926	7.000e0
927	5.000e0
928	6.000e0
929	5.000e0
930	6.000e0
931	5.000e0
932	6.000e0
933	6.000e0
934	6.000e0
935	6.000e0
936	8.000e0
937	6.000e0
938	6.000e0
939	6.000e0
940	7.000e0
941	6.000e0
942	6.000e0
943	6.000e0
944	5.000e0
945	6.000e0
946	6.000e0
947	5.000e0
948	5.000e0
949	6.000e0
950	6.000e0
951	5.000e0
952	6.000e0
953	7.000e0
954	6.000e0
955	6.000e0
956	5.000e0
957	5.000e0
958	5.000e0
959	5.000e0
960	6.000e0
961	7.000e0
962	7.000e0
963	5.000e0
964	7.000e0
965	5.000e0
966	7.000e0
967	6.000e0
968	5.000e0
969	6.000e0
970	7.000e0
971	5.000e0
972	5.000e0
973	6.000e0
974	5.000e0
975	5.000e0
976	7.000e0
977	6.000e0
978	6.000e0
979	5.000e0
980	5.000e0
981	6.000e0
982	7.000e0
983	5.000e0
984	7.000e0
985	5.000e0
986	7.000e0
987	5.000e0
988	6.000e0
989	5.000e0
990	6.000e0
991	6.000e0
992	5.000e0
993	6.000e0
994	5.000e0
995	7.000e0
996	6.000e0
997	5.000e0
