52	9.560e2
53	2.121e3
54	8.903e3
55	5.058e4
56	8.832e4
57	5.128e4
58	2.451e5
59	5.854e4
60	2.129e5
61	3.759e4
62	1.300e4
63	2.641e3
64	3.367e3
65	1.245e3
66	6.096e3
67	7.690e4
68	7.385e4
69	9.472e4
70	1.959e5
71	9.292e4
72	9.378e4
73	2.878e4
74	3.900e4
75	3.010e3
76	8.850e2
77	1.448e3
78	6.534e3
79	7.469e3
80	1.953e4
81	9.867e4
82	9.619e4
83	1.574e5
84	1.943e5
85	1.440e5
86	6.850e4
87	3.303e4
88	5.277e3
89	9.642e3
90	4.589e3
91	2.861e4
92	8.188e4
93	2.713e4
94	1.101e5
95	9.431e4
96	1.240e5
97	1.199e5
98	2.949e5
99	4.222e4
100	1.780e5
101	2.180e4
102	2.677e4
103	1.612e4
104	2.005e4
105	1.101e4
106	3.318e4
107	4.992e4
108	1.300e5
109	9.741e4
110	1.474e5
111	9.162e4
112	9.854e4
113	3.397e4
114	3.401e4
115	1.300e4
116	9.400e3
117	9.821e4
118	2.136e4
119	5.636e4
120	4.837e4
121	3.974e4
122	6.570e4
123	7.501e4
124	1.255e5
125	9.027e4
126	1.331e5
127	2.042e4
128	2.572e4
129	2.156e4
130	1.732e4
131	5.886e4
132	2.973e4
133	3.704e4
134	4.191e4
135	8.580e4
136	9.472e4
137	7.292e4
138	1.129e5
139	4.840e4
140	3.408e4
141	1.068e4
142	9.278e3
143	1.985e4
144	2.585e4
145	3.261e4
146	2.891e4
147	4.628e4
148	4.512e4
149	6.109e4
150	7.626e4
151	7.084e4
152	1.062e5
153	5.454e4
154	1.431e5
155	1.676e4
156	1.610e4
157	2.015e4
158	2.259e4
159	3.023e4
160	2.933e4
161	3.691e4
162	4.724e4
163	4.135e4
164	5.954e4
165	4.471e4
166	8.052e4
167	3.113e4
168	4.111e4
169	1.585e4
170	1.692e4
171	1.737e4
172	2.105e4
173	2.620e4
174	3.151e4
175	2.948e4
176	4.484e4
177	3.038e4
178	5.964e4
179	3.372e4
180	7.639e4
181	2.575e4
182	3.697e4
183	1.987e4
184	1.918e4
185	2.499e4
186	4.264e4
187	2.745e4
188	2.902e4
189	3.121e4
190	3.638e4
191	2.475e4
192	7.268e4
193	2.535e4
194	6.639e4
195	2.813e4
196	2.597e4
197	1.716e4
198	1.475e4
199	2.897e4
200	3.266e4
201	3.027e4
202	2.800e4
203	2.200e4
204	2.026e4
205	1.189e4
206	1.843e4
207	1.715e4
208	5.797e4
209	2.325e4
210	4.282e4
211	1.155e4
212	1.319e4
213	8.510e3
214	9.427e3
215	2.893e4
216	2.614e4
217	1.886e4
218	1.724e4
219	4.003e3
220	3.684e3
221	3.355e3
222	3.367e3
223	3.956e3
224	1.645e4
225	6.566e3
226	4.261e4
227	3.841e3
228	1.293e4
229	3.132e3
230	2.838e3
231	3.623e3
232	1.630e4
233	1.004e4
234	3.618e3
235	3.086e3
236	2.977e3
237	2.271e3
238	3.649e3
239	3.923e3
240	1.599e4
241	3.193e3
242	2.348e4
243	2.079e3
244	3.649e3
245	1.854e3
246	1.464e3
247	2.241e3
248	3.755e3
249	3.764e3
250	2.626e3
251	1.915e3
252	1.600e3
253	1.718e3
254	1.494e3
255	4.030e3
256	0
257	4.598e3
258	2.218e3
259	2.623e3
260	1.579e3
261	0
262	2.507e3
263	1.562e3
264	1.878e3
265	1.992e3
266	3.215e3
267	2.341e3
268	1.643e3
269	5.303e3
270	1.383e3
271	0
272	2.034e3
273	2.229e3
274	1.826e3
275	2.210e3
276	2.051e3
277	1.372e3
278	1.093e3
279	1.021e3
280	1.065e3
281	0
282	6.679e3
283	3.270e3
284	1.549e3
285	1.114e3
286	0
287	1.809e3
288	8.040e2
289	1.349e3
290	1.131e3
291	1.245e3
292	1.611e3
293	2.025e3
294	1.252e3
295	1.014e3
296	9.490e2
297	7.410e2
298	9.750e2
299	1.185e3
300	1.250e3
301	1.521e3
302	1.506e3
303	1.168e3
304	9.810e2
305	7.820e2
306	7.800e2
307	8.620e2
308	1.031e3
309	0
310	2.794e3
311	3.225e3
312	0
313	2.172e3
314	8.330e2
315	6.270e2
316	0
317	1.568e3
318	9.070e2
319	9.020e2
320	1.147e3
321	1.043e3
322	9.950e2
323	1.224e3
324	8.420e2
325	7.200e2
326	8.220e2
327	8.840e2
328	1.192e3
329	1.008e3
330	1.492e3
331	9.210e2
332	8.320e2
333	6.880e2
334	7.040e2
335	6.080e2
336	7.570e2
337	8.520e2
338	9.790e2
339	0
340	2.474e3
341	2.408e3
342	1.039e3
343	6.410e2
344	6.430e2
345	5.390e2
346	6.990e2
347	6.050e2
348	7.900e2
349	7.210e2
350	8.110e2
351	6.840e2
352	7.520e2
353	6.640e2
354	0
355	1.527e3
356	7.580e2
357	7.310e2
358	9.530e2
359	6.820e2
360	1.177e3
361	7.040e2
362	1.038e3
363	6.800e2
364	6.820e2
365	5.520e2
366	6.910e2
367	1.153e3
368	1.231e3
369	0
370	1.391e3
371	6.190e2
372	7.080e2
373	4.730e2
374	6.930e2
375	4.870e2
376	1.132e3
377	6.690e2
378	2.215e3
379	8.370e2
380	7.200e2
381	5.100e2
382	5.390e2
383	4.250e2
384	0
385	8.970e2
386	9.430e2
387	5.290e2
388	5.350e2
389	4.030e2
390	5.290e2
391	4.410e2
392	5.580e2
393	4.910e2
394	5.850e2
395	5.650e2
396	8.960e2
397	5.290e2
398	4.600e2
399	4.120e2
400	4.970e2
401	3.920e2
402	0
403	7.960e2
404	4.090e2
405	3.510e2
406	4.280e2
407	3.580e2
408	0
409	9.000e2
410	1.182e3
411	5.650e2
412	0
413	7.850e2
414	4.170e2
415	3.470e2
416	3.520e2
417	3.140e2
418	3.650e2
419	3.280e2
420	3.380e2
421	3.130e2
422	3.360e2
423	2.930e2
424	3.390e2
425	3.120e2
426	0
427	6.620e2
428	1.000e0
429	8.290e2
430	0
431	7.260e2
432	2.960e2
433	2.660e2
434	2.800e2
435	0
436	5.030e2
437	2.530e2
438	2.670e2
439	2.360e2
440	0
441	5.210e2
442	2.000e0
443	5.200e2
444	2.430e2
445	2.200e2
446	2.340e2
447	2.250e2
448	2.100e2
449	2.290e2
450	2.160e2
451	2.200e2
452	1.880e2
453	2.210e2
454	0
455	4.330e2
456	2.320e2
457	0
458	3.950e2
459	1.000e0
460	3.780e2
461	1.000e0
462	3.580e2
463	1.760e2
464	0
465	3.450e2
466	1.940e2
467	0
468	3.390e2
469	0
470	3.220e2
471	1.810e2
472	1.750e2
473	1.510e2
474	1.920e2
475	1.480e2
476	1.690e2
477	1.430e2
478	1.550e2
479	1.370e2
480	1.580e2
481	1.430e2
482	0
483	2.770e2
484	1.530e2
485	1.290e2
486	0
487	2.710e2
488	0
489	2.600e2
490	1.330e2
491	1.330e2
492	0
493	2.540e2
494	2.000e0
495	2.520e2
496	2.000e0
497	2.460e2
498	1.230e2
499	1.080e2
500	0
501	2.260e2
502	3.000e0
503	3.240e2
504	1.670e2
505	1.520e2
506	1.220e2
507	1.040e2
508	1.280e2
509	0
510	2.150e2
511	0
512	2.040e2
513	0
514	1.890e2
515	0
516	1.870e2
517	1.000e0
518	1.910e2
519	9.300e1
520	0
521	1.670e2
522	1.010e2
523	0
524	1.830e2
525	0
526	1.740e2
527	8.300e1
528	0
529	1.660e2
530	8.100e1
531	0
532	1.590e2
533	7.800e1
534	0
535	1.610e2
536	4.000e0
537	1.520e2
538	4.000e0
539	1.560e2
540	0
541	1.490e2
542	7.100e1
543	0
544	1.350e2
545	1.000e0
546	1.530e2
547	6.700e1
548	0
549	1.460e2
550	1.000e0
551	1.490e2
552	7.200e1
553	0
554	1.280e2
555	5.800e1
556	0
557	1.250e2
558	6.200e1
559	0
560	1.180e2
561	5.600e1
562	7.400e1
563	0
564	1.240e2
565	0
566	1.120e2
567	2.000e0
568	1.090e2
569	5.000e0
570	1.080e2
571	5.700e1
572	0
573	1.140e2
574	2.000e0
575	1.150e2
576	6.400e1
577	0
578	1.590e2
579	6.000e0
580	1.190e2
581	2.000e0
582	1.010e2
583	1.000e0
584	1.050e2
585	0
586	9.900e1
587	5.000e0
588	1.100e2
589	2.000e0
590	1.090e2
591	4.000e0
592	1.050e2
593	5.800e1
594	0
595	9.900e1
596	0
597	9.800e1
598	3.000e0
599	9.600e1
600	2.000e0
601	9.600e1
602	1.000e0
603	9.700e1
604	5.800e1
605	0
606	9.000e1
607	2.000e0
608	9.100e1
609	4.000e0
610	8.000e1
611	1.000e0
612	8.400e1
613	4.300e1
614	0
615	8.100e1
616	1.000e0
617	8.300e1
618	3.000e0
619	8.800e1
620	0
621	9.000e1
622	1.100e1
623	8.200e1
624	3.000e0
625	9.100e1
626	3.700e1
627	0
628	8.100e1
629	1.000e0
630	8.500e1
631	5.000e0
632	8.700e1
633	3.000e0
634	7.500e1
635	2.000e0
636	7.200e1
637	4.000e1
638	0
639	7.200e1
640	3.900e1
641	0
642	6.800e1
643	3.000e0
644	7.100e1
645	1.000e0
646	7.700e1
647	3.500e1
648	0
649	8.100e1
650	3.000e0
651	7.100e1
652	1.000e0
653	7.800e1
654	5.000e0
655	7.500e1
656	0
657	3.700e1
658	6.900e1
659	3.700e1
660	0
661	6.800e1
662	0
663	7.300e1
664	1.200e1
665	6.200e1
666	3.800e1
667	0
668	6.000e1
669	8.000e0
670	6.200e1
671	1.000e0
672	6.400e1
673	0
674	2.800e1
675	6.800e1
676	2.000e0
677	6.300e1
678	3.300e1
679	0
680	7.200e1
681	3.000e1
682	0
683	7.400e1
684	0
685	3.700e1
686	5.500e1
687	3.100e1
688	0
689	6.600e1
690	6.000e0
691	5.800e1
692	2.000e0
693	6.500e1
694	1.000e0
695	4.900e1
696	1.200e1
697	6.500e1
698	0
699	4.200e1
700	6.300e1
701	0
702	1.500e1
703	5.700e1
704	2.000e0
705	5.500e1
706	3.700e1
707	0
708	6.000e1
709	1.000e0
710	5.000e1
711	4.100e1
712	0
713	5.700e1
714	2.000e0
715	5.300e1
716	1.000e0
717	5.500e1
718	0
719	5.900e1
720	3.500e1
721	0
722	6.000e1
723	0
724	4.500e1
725	3.300e1
726	0
727	5.900e1
728	5.000e0
729	6.500e1
730	3.400e1
731	0
732	5.400e1
733	0
734	4.100e1
735	0
736	6.100e1
737	6.000e0
738	5.500e1
739	4.000e0
740	5.200e1
741	8.000e0
742	6.400e1
743	0
744	4.600e1
745	0
746	5.000e1
747	1.700e1
748	0
749	5.900e1
750	4.400e1
751	0
752	2.500e1
753	4.900e1
754	0
755	5.300e1
756	2.000e0
757	5.500e1
758	1.600e1
759	4.800e1
760	0
761	4.000e1
762	0
763	4.900e1
764	0
765	4.600e1
766	1.400e1
767	5.100e1
768	2.000e0
769	5.100e1
770	2.800e1
771	0
772	5.900e1
773	0
774	3.900e1
775	4.000e1
776	0
777	5.000e1
778	0
779	4.200e1
780	0
781	4.400e1
782	4.700e1
783	0
784	4.000e1
785	3.200e1
786	0
787	4.900e1
788	4.000e0
789	5.300e1
790	0
791	4.800e1
792	6.000e0
793	4.800e1
794	2.000e0
795	5.000e1
796	0
797	5.200e1
798	2.000e1
799	5.400e1
800	3.000e0
801	5.500e1
802	0
803	5.100e1
804	0
805	4.800e1
806	5.300e1
807	0
808	4.100e1
809	2.000e1
810	0
811	4.700e1
812	8.000e0
813	5.200e1
814	0
815	5.100e1
816	2.000e0
817	5.100e1
818	3.600e1
819	0
820	5.400e1
821	2.000e0
822	5.000e1
823	1.000e0
824	5.100e1
825	0
826	5.000e1
827	2.200e1
828	0
829	5.400e1
830	1.100e1
831	4.900e1
832	1.000e1
833	5.000e1
834	0
835	5.400e1
836	0
837	4.900e1
838	3.300e1
839	0
840	5.000e0
841	4.900e1
842	0
843	4.300e1
844	4.400e1
845	1.300e1
846	0
847	5.200e1
848	5.000e0
849	4.400e1
850	0
851	3.900e1
852	3.000e0
853	5.200e1
854	3.800e1
855	1.000e0
856	5.700e1
857	0
858	4.500e1
859	0
860	4.900e1
861	0
862	4.400e1
863	3.200e1
864	0
865	4.900e1
866	6.000e0
867	4.000e1
868	1.000e0
869	3.900e1
870	2.500e1
871	0
872	4.600e1
873	8.000e0
874	5.000e1
875	0
876	3.200e1
877	5.200e1
878	0
879	3.400e1
880	3.000e0
881	4.700e1
882	1.000e0
883	4.800e1
884	1.400e1
885	4.200e1
886	0
887	3.600e1
888	0
889	3.800e1
890	7.000e0
891	3.900e1
892	4.000e0
893	5.300e1
894	0
895	4.400e1
896	4.600e1
897	0
898	4.900e1
899	0
900	3.600e1
901	0
902	4.700e1
903	2.200e1
904	4.900e1
905	0
906	3.700e1
907	0
908	4.500e1
909	4.200e1
910	0
911	3.700e1
912	0
913	4.800e1
914	2.900e1
915	0
916	4.500e1
917	1.600e1
918	0
919	4.600e1
920	3.600e1
921	0
922	3.200e1
923	0
924	4.700e1
925	4.200e1
926	0
927	4.000e1
928	0
929	2.900e1
930	3.100e1
931	0
932	4.500e1
933	3.000e0
934	5.800e1
935	5.000e0
936	4.800e1
937	0
938	3.400e1
939	3.800e1
940	0
941	4.100e1
942	0
943	2.500e1
944	5.300e1
945	9.000e0
946	5.100e1
947	0
948	4.400e1
949	0
950	3.000e1
951	5.200e1
952	0
953	3.900e1
954	0
955	4.900e1
956	4.100e1
957	0
958	2.100e1
959	4.700e1
960	3.000e0
961	4.500e1
962	0
963	2.800e1
964	3.300e1
965	0
966	3.800e1
967	3.300e1
968	0
969	2.400e1
970	4.700e1
971	0
972	2.300e1
973	0
974	4.900e1
975	3.900e1
976	0
977	4.200e1
978	0
979	4.700e1
980	2.200e1
981	0
982	4.500e1
983	1.000e0
984	5.600e1
985	1.000e0
986	4.800e1
987	0
988	4.200e1
989	3.200e1
990	0
991	4.400e1
992	8.000e0
993	4.300e1
994	3.000e0
995	4.000e1
996	2.000e0
997	5.300e1
