52	7.540e2
53	1.871e3
54	7.808e3
55	6.042e4
56	7.574e4
57	4.014e4
58	1.323e5
59	6.535e4
60	8.819e4
61	1.171e4
62	3.612e3
63	1.539e3
64	9.760e2
65	1.146e3
66	5.659e3
67	6.248e4
68	8.616e4
69	6.533e4
70	1.181e5
71	6.429e4
72	6.247e4
73	1.315e4
74	2.687e4
75	2.401e3
76	0
77	7.190e2
78	7.717e3
79	8.113e3
80	2.280e4
81	1.006e5
82	8.623e4
83	1.373e5
84	1.147e5
85	8.347e4
86	5.077e4
87	1.277e4
88	3.270e3
89	1.224e4
90	2.442e3
91	1.102e4
92	7.107e4
93	2.671e4
94	9.875e4
95	9.157e4
96	1.598e5
97	1.065e5
98	2.973e5
99	3.067e4
100	1.877e4
101	6.418e3
102	1.033e4
103	4.576e3
104	1.113e4
105	7.882e3
106	3.064e4
107	3.930e4
108	1.209e5
109	9.263e4
110	1.259e5
111	6.009e4
112	7.640e4
113	1.591e4
114	1.519e4
115	5.454e3
116	6.433e3
117	5.992e4
118	1.951e4
119	4.771e4
120	4.103e4
121	4.125e4
122	6.383e4
123	6.123e4
124	7.985e4
125	6.230e4
126	1.178e5
127	1.350e4
128	2.049e4
129	1.308e4
130	1.206e4
131	5.432e4
132	3.114e4
133	3.333e4
134	3.671e4
135	6.460e4
136	5.934e4
137	4.856e4
138	7.399e4
139	3.381e4
140	2.183e4
141	8.185e3
142	8.468e3
143	1.547e4
144	1.833e4
145	3.785e4
146	3.634e4
147	4.341e4
148	3.846e4
149	4.144e4
150	5.227e4
151	5.382e4
152	6.460e4
153	3.214e4
154	7.025e4
155	1.083e4
156	1.394e4
157	1.797e4
158	2.421e4
159	3.372e4
160	3.307e4
161	3.768e4
162	3.764e4
163	3.042e4
164	3.959e4
165	3.251e4
166	4.524e4
167	2.085e4
168	3.215e4
169	1.331e4
170	1.494e4
171	1.874e4
172	2.171e4
173	2.962e4
174	3.279e4
175	2.931e4
176	3.542e4
177	2.483e4
178	4.008e4
179	2.111e4
180	3.194e4
181	1.709e4
182	2.284e4
183	1.726e4
184	1.765e4
185	2.440e4
186	3.107e4
187	2.562e4
188	2.640e4
189	2.967e4
190	2.974e4
191	1.850e4
192	3.829e4
193	2.165e4
194	3.626e4
195	1.969e4
196	2.060e4
197	1.704e4
198	1.790e4
199	2.798e4
200	2.454e4
201	2.183e4
202	1.989e4
203	1.845e4
204	1.853e4
205	1.417e4
206	1.984e4
207	1.849e4
208	3.187e4
209	1.668e4
210	1.647e4
211	1.306e4
212	1.843e4
213	1.237e4
214	1.686e4
215	2.066e4
216	1.591e4
217	1.468e4
218	1.302e4
219	1.265e4
220	5.818e3
221	5.938e3
222	5.797e3
223	9.640e3
224	1.062e4
225	1.008e4
226	2.379e4
227	4.818e3
228	5.830e3
229	3.990e3
230	4.071e3
231	4.356e3
232	1.177e4
233	1.480e4
234	8.851e3
235	5.123e3
236	4.940e3
237	4.324e3
238	5.444e3
239	7.999e3
240	1.283e4
241	3.466e3
242	1.375e4
243	3.305e3
244	4.307e3
245	3.059e3
246	3.223e3
247	4.715e3
248	8.072e3
249	8.137e3
250	3.941e3
251	1.707e3
252	1.520e3
253	1.456e3
254	1.478e3
255	1.738e3
256	1.781e3
257	1.774e3
258	3.197e3
259	2.005e3
260	1.476e3
261	1.567e3
262	1.302e3
263	1.367e3
264	1.756e3
265	1.546e3
266	3.860e3
267	1.430e3
268	2.252e3
269	0
270	1.032e3
271	9.080e2
272	1.180e3
273	1.489e3
274	1.437e3
275	1.840e3
276	1.492e3
277	1.091e3
278	1.014e3
279	8.120e2
280	9.460e2
281	1.106e3
282	1.656e3
283	1.261e3
284	2.366e3
285	0
286	1.019e3
287	8.150e2
288	0
289	2.088e3
290	1.052e3
291	1.009e3
292	1.284e3
293	1.142e3
294	0
295	1.955e3
296	9.440e2
297	6.280e2
298	0
299	1.799e3
300	1.045e3
301	1.138e3
302	0
303	2.052e3
304	7.740e2
305	5.730e2
306	7.270e2
307	6.620e2
308	0
309	1.766e3
310	1.174e3
311	9.120e2
312	1.034e3
313	0
314	1.492e3
315	5.420e2
316	0
317	1.314e3
318	0
319	1.464e3
320	0
321	1.716e3
322	8.460e2
323	7.730e2
324	7.460e2
325	4.710e2
326	0
327	1.267e3
328	8.370e2
329	6.690e2
330	8.390e2
331	5.950e2
332	6.110e2
333	4.140e2
334	6.030e2
335	4.620e2
336	6.600e2
337	5.750e2
338	0
339	1.401e3
340	0
341	1.236e3
342	0
343	1.038e3
344	5.050e2
345	3.830e2
346	0
347	9.630e2
348	5.950e2
349	5.150e2
350	0
351	1.109e3
352	3.000e0
353	9.550e2
354	0
355	9.250e2
356	5.390e2
357	4.370e2
358	7.740e2
359	4.520e2
360	8.910e2
361	4.340e2
362	7.000e2
363	4.140e2
364	4.600e2
365	3.370e2
366	0
367	8.230e2
368	0
369	1.024e3
370	4.300e2
371	0
372	8.000e2
373	2.890e2
374	4.410e2
375	3.120e2
376	8.220e2
377	4.360e2
378	1.122e3
379	4.910e2
380	4.280e2
381	2.710e2
382	0
383	5.100e2
384	0
385	5.010e2
386	0
387	8.280e2
388	3.000e0
389	5.390e2
390	3.100e2
391	2.740e2
392	0
393	6.630e2
394	0
395	5.730e2
396	3.900e2
397	2.530e2
398	2.620e2
399	2.200e2
400	0
401	4.790e2
402	5.000e0
403	4.290e2
404	2.280e2
405	1.810e2
406	2.270e2
407	1.880e2
408	0
409	4.220e2
410	2.390e2
411	1.860e2
412	0
413	3.960e2
414	3.000e0
415	3.690e2
416	1.780e2
417	1.880e2
418	1.620e2
419	1.900e2
420	0
421	3.420e2
422	1.620e2
423	1.680e2
424	0
425	3.090e2
426	1.730e2
427	1.430e2
428	1.470e2
429	0
430	3.920e2
431	1.690e2
432	1.400e2
433	1.570e2
434	1.330e2
435	0
436	2.640e2
437	2.000e0
438	2.610e2
439	1.250e2
440	0
441	2.530e2
442	1.560e2
443	1.170e2
444	1.180e2
445	0
446	2.380e2
447	5.000e0
448	2.330e2
449	0
450	2.210e2
451	1.050e2
452	0
453	2.140e2
454	2.000e0
455	2.190e2
456	2.000e0
457	2.010e2
458	4.000e0
459	1.940e2
460	9.800e1
461	0
462	1.860e2
463	1.030e2
464	0
465	1.810e2
466	2.000e0
467	1.900e2
468	1.030e2
469	0
470	1.690e2
471	2.000e0
472	1.770e2
473	4.000e0
474	1.650e2
475	8.200e1
476	0
477	1.520e2
478	9.000e1
479	0
480	1.610e2
481	7.500e1
482	0
483	1.450e2
484	4.000e0
485	1.410e2
486	0
487	1.490e2
488	7.000e1
489	0
490	1.490e2
491	2.000e0
492	1.330e2
493	2.000e0
494	1.230e2
495	6.600e1
496	0
497	1.280e2
498	7.200e1
499	0
500	1.230e2
501	5.000e0
502	1.160e2
503	0
504	1.420e2
505	6.400e1
506	0
507	1.260e2
508	0
509	1.050e2
510	6.000e0
511	1.070e2
512	7.000e0
513	1.060e2
514	1.000e1
515	1.030e2
516	5.000e1
517	0
518	9.400e1
519	5.400e1
520	0
521	9.900e1
522	4.600e1
523	0
524	9.900e1
525	6.500e1
526	0
527	9.000e1
528	4.000e0
529	9.800e1
530	0
531	9.600e1
532	5.100e1
533	0
534	9.000e1
535	0
536	9.100e1
537	4.000e0
538	8.900e1
539	5.200e1
540	3.900e1
541	0
542	8.300e1
543	2.000e0
544	8.200e1
545	2.000e0
546	8.300e1
547	7.000e0
548	8.300e1
549	0
550	8.900e1
551	0
552	7.300e1
553	4.000e0
554	8.700e1
555	6.000e0
556	8.500e1
557	0
558	8.700e1
559	3.900e1
560	0
561	8.200e1
562	8.000e0
563	8.300e1
564	5.000e0
565	7.200e1
566	0
567	7.300e1
568	4.000e0
569	7.200e1
570	4.600e1
571	0
572	7.200e1
573	3.800e1
574	0
575	7.000e1
576	0
577	87
578	0
579	7.700e1
580	5.000e0
581	5.700e1
582	5.100e1
583	0
584	6.000e1
585	0
586	6.100e1
587	0
588	6.100e1
589	8.000e0
590	6.900e1
591	2.300e1
592	6.300e1
593	0
594	1.900e1
595	5.700e1
596	3.200e1
597	0
598	5.600e1
599	2.000e0
600	6.700e1
601	8.000e0
602	6.400e1
603	0
604	7.700e1
605	3.000e1
606	5.100e1
607	0
608	1.700e1
609	6.000e1
610	2.000e0
611	5.900e1
612	6.100e1
613	0
614	3.500e1
615	0
616	6.200e1
617	5.100e1
618	0
619	6.800e1
620	3.000e0
621	6.400e1
622	3.100e1
623	0
624	5.700e1
625	0
626	6.000e1
627	4.000e0
628	4.900e1
629	0
630	6.800e1
631	1.300e1
632	6.300e1
633	2.900e1
634	0
635	5.900e1
636	0
637	6.600e1
638	4.000e1
639	0
640	5.400e1
641	3.400e1
642	0
643	5.500e1
644	2.000e0
645	5.700e1
646	4.000e0
647	6.300e1
648	4.000e0
649	6.500e1
650	0
651	5.400e1
652	2.000e0
653	6.900e1
654	6.000e0
655	6.100e1
656	4.600e1
657	0
658	6.600e1
659	3.000e0
660	6.800e1
661	2.000e0
662	5.400e1
663	0
664	4.500e1
665	0
666	4.200e1
667	4.000e0
668	4.400e1
669	4.000e0
670	6.000e1
671	8.000e0
672	5.800e1
673	0
674	5.300e1
675	0
676	4.000e1
677	6.100e1
678	0
679	9.000e0
680	6.300e1
681	2.500e1
682	0
683	6.300e1
684	9.000e0
685	4.800e1
686	4.000e0
687	4.700e1
688	2.400e1
689	4.900e1
690	0
691	3.300e1
692	0
693	5.200e1
694	1.600e1
695	5.600e1
696	2.000e0
697	4.300e1
698	0
699	5.600e1
700	4.100e1
701	0
702	3.700e1
703	0
704	4.900e1
705	2.900e1
706	0
707	5.300e1
708	3.000e0
709	4.500e1
710	0
711	4.700e1
712	4.400e1
713	2.100e1
714	0
715	4.900e1
716	1.000e1
717	5.600e1
718	0
719	5.800e1
720	6.000e0
721	4.300e1
722	0
723	4.300e1
724	0
725	4.000e1
726	5.400e1
727	0
728	6.000e0
729	5.500e1
730	3.200e1
731	0
732	4.500e1
733	3.400e1
734	0
735	5.400e1
736	0
737	5.000e1
738	4.000e0
739	3.800e1
740	4.800e1
741	0
742	3.900e1
743	0
744	5.000e1
745	9.000e0
746	5.100e1
747	1.600e1
748	0
749	5.400e1
750	0
751	5.000e1
752	0
753	4.500e1
754	0
755	4.800e1
756	1.100e1
757	4.900e1
758	4.000e0
759	2.900e1
760	0
761	6.000e1
762	3.200e1
763	0
764	4.500e1
765	0
766	4.900e1
767	2.200e1
768	0
769	4.900e1
770	0
771	4.600e1
772	4.400e1
773	1.500e1
774	0
775	4.500e1
776	0
777	5.100e1
778	2.000e0
779	4.400e1
780	2.000e0
781	5.300e1
782	3.700e1
783	0
784	2.100e1
785	4.600e1
786	4.000e0
787	4.900e1
788	1.100e1
789	4.200e1
790	0
791	5.000e1
792	4.000e0
793	4.500e1
794	0
795	2.300e1
796	4.500e1
797	2.000e0
798	5.000e1
799	0
800	4.400e1
801	2.000e0
802	4.100e1
803	0
804	3.800e1
805	3.500e1
806	1.500e1
807	3.900e1
808	0
809	4.200e1
810	2.000e1
811	0
812	4.100e1
813	3.300e1
814	0
815	4.300e1
816	1.600e1
817	0
818	5.500e1
819	1.600e1
820	4.600e1
821	0
822	4.000e1
823	0
824	3.400e1
825	0
826	5.400e1
827	1.500e1
828	4.500e1
829	0
830	3.700e1
831	8.000e0
832	5.200e1
833	0
834	3.700e1
835	0
836	2.600e1
837	4.700e1
838	0
839	4.300e1
840	0
841	3.700e1
842	0
843	3.900e1
844	4.400e1
845	1.200e1
846	0
847	4.500e1
848	3.200e1
849	0
850	4.400e1
851	2.100e1
852	0
853	5.500e1
854	3.600e1
855	0
856	6.000e0
857	4.200e1
858	5.000e0
859	4.400e1
860	2.500e1
861	0
862	5.500e1
863	0
864	3.400e1
865	4.500e1
866	0
867	5.900e1
868	2.000e0
869	4.400e1
870	0
871	4.500e1
872	0
873	3.600e1
874	0
875	4.500e1
876	3.900e1
877	0
878	3.700e1
879	0
880	3.500e1
881	0
882	3.600e1
883	3.000e1
884	0
885	4.300e1
886	9.000e0
887	4.400e1
888	0
889	3.900e1
890	0
891	4.400e1
892	0
893	51
894	4.600e1
895	0
896	5.000e1
897	0
898	2.000e1
899	4.000e1
900	2.000e0
901	4.100e1
902	1.200e1
903	4.400e1
904	0
905	5.000e0
906	4.300e1
907	1.800e1
908	4.100e1
909	0
910	8.000e0
911	3.900e1
912	0
913	4.500e1
914	4.600e1
915	0
916	4.700e1
917	2.000e0
918	4.700e1
919	0
920	3.600e1
921	1.000e1
922	4.200e1
923	0
924	4.500e1
925	0
926	3.600e1
927	6.000e0
928	3.900e1
929	0
930	4.200e1
931	9.000e0
932	3.500e1
933	0
934	4.100e1
935	3.200e1
936	0
937	2.300e1
938	4.900e1
939	0
940	3.100e1
941	2.000e0
942	4.400e1
943	2.200e1
944	0
945	4.500e1
946	3.400e1
947	0
948	4.800e1
949	1.700e1
950	0
951	3.800e1
952	3.600e1
953	0
954	4.700e1
955	1.400e1
956	0
957	4.500e1
958	2.500e1
959	0
960	3.200e1
961	3.400e1
962	0
963	1.300e1
964	4.300e1
965	8.000e0
966	4.200e1
967	0
968	2.500e1
969	2.900e1
970	2.200e1
971	0
972	4.000e1
973	1.800e1
974	0
975	4.100e1
976	5.000e0
977	3.300e1
978	4.400e1
979	0
980	4.000e0
981	4.800e1
982	0
983	3.800e1
984	3.400e1
985	0
986	2.900e1
987	0
988	4.400e1
989	3.200e1
990	0
991	4.300e1
992	0
993	4.300e1
994	0
995	2.800e1
996	3.800e1
997	1.200e1
