52	7.430e2
53	1.865e3
54	8.310e3
55	3.858e4
56	9.652e4
57	4.070e4
58	7.755e4
59	4.485e4
60	5.814e4
61	8.704e3
62	3.443e3
63	2.453e3
64	1.473e3
65	1.310e3
66	6.098e3
67	6.992e4
68	6.047e4
69	4.895e4
70	9.435e4
71	6.004e4
72	3.731e4
73	1.237e4
74	1.972e4
75	2.061e3
76	6.910e2
77	8.530e2
78	2.368e4
79	9.558e3
80	2.329e4
81	9.155e4
82	7.714e4
83	1.204e5
84	9.870e4
85	7.468e4
86	3.894e4
87	1.396e4
88	3.006e3
89	1.092e4
90	2.038e3
91	9.955e3
92	9.340e4
93	3.464e4
94	1.035e5
95	9.292e4
96	1.541e5
97	1.108e5
98	2.677e5
99	2.899e4
100	2.304e4
101	6.837e3
102	1.047e4
103	4.544e3
104	1.253e4
105	8.111e3
106	3.418e4
107	4.150e4
108	1.371e5
109	8.848e4
110	1.027e5
111	5.367e4
112	6.785e4
113	1.484e4
114	1.641e4
115	6.065e3
116	5.809e3
117	6.160e4
118	2.054e4
119	4.322e4
120	3.953e4
121	4.057e4
122	6.274e4
123	5.755e4
124	6.994e4
125	5.104e4
126	1.740e5
127	1.429e4
128	2.841e4
129	1.093e4
130	1.119e4
131	5.912e4
132	3.430e4
133	3.427e4
134	3.354e4
135	5.380e4
136	5.026e4
137	4.261e4
138	6.309e4
139	2.945e4
140	2.143e4
141	7.303e3
142	1.034e4
143	1.683e4
144	2.142e4
145	4.058e4
146	3.832e4
147	4.091e4
148	3.481e4
149	3.528e4
150	4.614e4
151	4.674e4
152	5.311e4
153	2.663e4
154	5.199e4
155	9.244e3
156	1.420e4
157	1.902e4
158	2.507e4
159	3.549e4
160	3.222e4
161	3.478e4
162	3.386e4
163	2.632e4
164	3.750e4
165	2.708e4
166	3.987e4
167	2.138e4
168	3.221e4
169	1.359e4
170	1.483e4
171	1.897e4
172	2.204e4
173	2.870e4
174	3.180e4
175	2.697e4
176	3.120e4
177	2.211e4
178	3.530e4
179	1.784e4
180	2.911e4
181	1.815e4
182	2.484e4
183	1.713e4
184	1.719e4
185	2.202e4
186	2.486e4
187	2.277e4
188	2.443e4
189	2.516e4
190	2.478e4
191	1.510e4
192	3.296e4
193	2.062e4
194	3.259e4
195	1.879e4
196	2.093e4
197	1.690e4
198	1.683e4
199	2.419e4
200	2.015e4
201	1.841e4
202	1.673e4
203	1.553e4
204	1.578e4
205	1.255e4
206	1.666e4
207	1.855e4
208	2.945e4
209	1.569e4
210	1.479e4
211	1.341e4
212	1.080e4
213	9.486e3
214	9.012e3
215	1.679e4
216	1.385e4
217	1.258e4
218	1.197e4
219	4.441e3
220	4.757e3
221	4.852e3
222	4.849e3
223	8.165e3
224	1.092e4
225	1.154e4
226	1.977e4
227	4.035e3
228	4.345e3
229	3.050e3
230	3.436e3
231	6.151e3
232	9.500e3
233	1.207e4
234	9.752e3
235	6.739e3
236	4.026e3
237	3.555e3
238	3.847e3
239	5.868e3
240	8.695e3
241	3.172e3
242	7.374e3
243	2.823e3
244	3.489e3
245	1.790e3
246	1.632e3
247	4.084e3
248	6.618e3
249	6.212e3
250	3.548e3
251	1.964e3
252	1.676e3
253	1.472e3
254	1.401e3
255	1.872e3
256	1.889e3
257	2.018e3
258	2.975e3
259	2.174e3
260	1.579e3
261	1.637e3
262	1.403e3
263	1.404e3
264	1.746e3
265	1.945e3
266	1.998e3
267	1.667e3
268	1.498e3
269	1.060e3
270	1.184e3
271	9.980e2
272	0
273	3.138e3
274	1.613e3
275	2.040e3
276	1.586e3
277	1.336e3
278	1.068e3
279	9.010e2
280	1.026e3
281	0
282	2.799e3
283	1.415e3
284	1.431e3
285	1.255e3
286	1.068e3
287	9.110e2
288	8.700e2
289	1.387e3
290	1.215e3
291	1.167e3
292	1.315e3
293	1.285e3
294	1.169e3
295	9.460e2
296	0
297	1.606e3
298	0
299	1.841e3
300	1.033e3
301	1.175e3
302	1.279e3
303	1.036e3
304	8.030e2
305	7.130e2
306	6.750e2
307	6.900e2
308	8.410e2
309	8.980e2
310	1.114e3
311	9.970e2
312	1.012e3
313	7.610e2
314	7.520e2
315	5.600e2
316	6.640e2
317	6.470e2
318	0
319	1.545e3
320	0
321	1.724e3
322	0
323	1.740e3
324	6.880e2
325	4.820e2
326	0
327	1.179e3
328	7.620e2
329	6.670e2
330	8.160e2
331	6.490e2
332	6.180e2
333	4.970e2
334	5.490e2
335	4.690e2
336	0
337	1.132e3
338	0
339	1.320e3
340	6.690e2
341	5.280e2
342	5.650e2
343	4.450e2
344	4.940e2
345	3.950e2
346	4.670e2
347	4.850e2
348	5.490e2
349	4.870e2
350	5.810e2
351	4.830e2
352	4.910e2
353	4.120e2
354	0
355	8.700e2
356	4.970e2
357	4.400e2
358	6.500e2
359	4.470e2
360	7.110e2
361	4.570e2
362	5.440e2
363	3.810e2
364	4.140e2
365	3.300e2
366	0
367	7.150e2
368	0
369	1.019e3
370	3.920e2
371	0
372	7.780e2
373	2.960e2
374	4.070e2
375	2.960e2
376	5.670e2
377	3.390e2
378	6.660e2
379	3.890e2
380	3.810e2
381	2.770e2
382	3.030e2
383	2.550e2
384	3.000e2
385	2.450e2
386	0
387	9.790e2
388	2.760e2
389	0
390	4.910e2
391	2.480e2
392	0
393	5.800e2
394	3.090e2
395	2.310e2
396	3.940e2
397	2.270e2
398	0
399	4.320e2
400	2.330e2
401	2.030e2
402	2.020e2
403	1.820e2
404	1.990e2
405	1.830e2
406	1.870e2
407	1.830e2
408	2.090e2
409	1.790e2
410	0
411	3.600e2
412	0
413	3.290e2
414	1.760e2
415	1.480e2
416	0
417	3.140e2
418	1.470e2
419	1.600e2
420	0
421	2.770e2
422	1.330e2
423	1.580e2
424	0
425	2.390e2
426	1.630e2
427	1.250e2
428	0
429	2.770e2
430	1.320e2
431	1.330e2
432	0
433	2.240e2
434	3.000e0
435	2.220e2
436	0
437	2.200e2
438	2.000e0
439	2.160e2
440	0
441	2.040e2
442	1.070e2
443	0
444	1.910e2
445	0
446	1.930e2
447	8.000e0
448	1.770e2
449	8.700e1
450	8.400e1
451	9.200e1
452	0
453	1.650e2
454	2.000e0
455	1.630e2
456	4.000e0
457	1.550e2
458	8.200e1
459	0
460	1.520e2
461	7.900e1
462	8.700e1
463	0
464	1.370e2
465	8.300e1
466	0
467	1.500e2
468	0
469	1.330e2
470	0
471	1.430e2
472	2.000e0
473	1.350e2
474	6.100e1
475	0
476	1.260e2
477	0
478	1.140e2
479	6.100e1
480	0
481	1.220e2
482	2.000e0
483	1.110e2
484	5.000e0
485	1.080e2
486	0
487	1.050e2
488	5.500e1
489	0
490	1.180e2
491	0
492	1.100e2
493	9.000e0
494	1.130e2
495	0
496	9.600e1
497	2.000e0
498	1.010e2
499	3.000e0
500	9.400e1
501	6.000e0
502	8.900e1
503	0
504	1.170e2
505	0
506	8.500e1
507	7.000e0
508	8.900e1
509	8.000e0
510	8.400e1
511	1.000e1
512	9.100e1
513	5.000e0
514	8.000e1
515	4.300e1
516	0
517	8.800e1
518	0
519	8.200e1
520	6.000e0
521	7.800e1
522	0
523	7.500e1
524	4.000e0
525	7.900e1
526	0
527	8.200e1
528	0
529	7.500e1
530	3.800e1
531	0
532	8.200e1
533	3.000e0
534	7.300e1
535	0
536	7.700e1
537	0
538	6.400e1
539	1.200e1
540	7.300e1
541	4.700e1
542	0
543	8.200e1
544	0
545	7.200e1
546	3.800e1
547	0
548	6.800e1
549	1.200e1
550	7.400e1
551	4.500e1
552	0
553	7.200e1
554	0
555	7.000e1
556	3.100e1
557	0
558	5.900e1
559	4.700e1
560	0
561	7.100e1
562	2.000e0
563	6.200e1
564	9.000e0
565	6.800e1
566	2.000e0
567	6.300e1
568	5.000e0
569	7.700e1
570	8.000e0
571	6.100e1
572	0
573	6.100e1
574	0
575	6.100e1
576	1.500e1
577	6.500e1
578	0
579	2.600e1
580	4.400e1
581	6.500e1
582	2.000e0
583	5.500e1
584	0
585	5.500e1
586	0
587	6.600e1
588	1.100e1
589	5.700e1
590	2.900e1
591	0
592	6.000e1
593	3.700e1
594	0
595	6.400e1
596	0
597	5.200e1
598	0
599	6.500e1
600	5.000e1
601	0
602	5.300e1
603	2.400e1
604	0
605	4.400e1
606	7.400e1
607	0
608	4.600e1
609	0
610	6.000e1
611	8.000e0
612	5.800e1
613	0
614	5.600e1
615	2.000e0
616	6.000e1
617	1.400e1
618	6.800e1
619	0
620	6.000e1
621	7.000e0
622	5.300e1
623	2.000e0
624	6.900e1
625	0
626	6.100e1
627	0
628	5.600e1
629	2.000e0
630	6.000e1
631	4.000e1
632	0
633	6.100e1
634	7.000e0
635	0
636	7.600e1
637	2.400e1
638	6.100e1
639	0
640	7.300e1
641	2.000e0
642	4.000e1
643	0
644	6.100e1
645	4.400e1
646	0
647	5.100e1
648	0
649	6.500e1
650	1.100e1
651	5.800e1
652	2.600e1
653	0
654	6.100e1
655	2.100e1
656	4.600e1
657	0
658	4.800e1
659	0
660	5.500e1
661	0
662	5.600e1
663	2.200e1
664	5.400e1
665	0
666	1.600e1
667	6.300e1
668	0
669	5.900e1
670	5.000e0
671	5.900e1
672	0
673	5.700e1
674	0
675	5.200e1
676	0
677	4.100e1
678	4.000e0
679	5.500e1
680	3.100e1
681	0
682	5.500e1
683	0
684	4.400e1
685	5.400e1
686	2.000e0
687	6.200e1
688	0
689	4.900e1
690	2.000e0
691	5.300e1
692	1.400e1
693	0
694	5.200e1
695	2.500e1
696	6.000e1
697	7.000e0
698	4.700e1
699	0
700	3.300e1
701	5.600e1
702	5.000e0
703	5.000e1
704	0
705	5.900e1
706	2.500e1
707	0
708	4.700e1
709	4.800e1
710	0
711	4.400e1
712	9.000e0
713	5.500e1
714	0
715	2.700e1
716	4.800e1
717	0
718	1.900e1
719	6.200e1
720	0
721	4.700e1
722	0
723	5.900e1
724	1.000e1
725	4.800e1
726	0
727	5.300e1
728	5.200e1
729	0
730	2.000e0
731	52
732	5.500e1
733	0
734	3.600e1
735	0
736	2.000e1
737	4.300e1
738	2.000e0
739	4.600e1
740	1.200e1
741	0
742	5.200e1
743	3.100e1
744	0
745	6.200e1
746	0
747	4.500e1
748	4.400e1
749	1.500e1
750	0
751	6.400e1
752	3.100e1
753	0
754	5.900e1
755	3.700e1
756	0
757	5.500e1
758	7.000e0
759	5.600e1
760	0
761	2.600e1
762	5.300e1
763	2.000e0
764	4.800e1
765	0
766	5.300e1
767	1.200e1
768	4.500e1
769	0
770	5.600e1
771	0
772	4.600e1
773	8.000e0
774	5.200e1
775	4.000e0
776	5.300e1
777	1.000e1
778	4.700e1
779	0
780	5.400e1
781	0
782	5.300e1
783	4.000e0
784	4.100e1
785	0
786	6.300e1
787	0
788	4.600e1
789	2.500e1
790	3.800e1
791	0
792	5.400e1
793	2.600e1
794	0
795	4.700e1
796	9.000e0
797	4.700e1
798	1.700e1
799	0
800	4.800e1
801	7.000e0
802	4.700e1
803	2.000e0
804	5.300e1
805	1.400e1
806	0
807	6.800e1
808	0
809	3.800e1
810	5.200e1
811	0
812	2.900e1
813	5.100e1
814	7.000e0
815	5.100e1
816	0
817	5.100e1
818	2.000e0
819	4.900e1
820	0
821	4.100e1
822	0
823	5.800e1
824	1.000e1
825	5.100e1
826	3.200e1
827	0
828	5.000e1
829	0
830	4.900e1
831	5.600e1
832	0
833	4.700e1
834	2.000e0
835	0
836	3.700e1
837	1.700e1
838	5.500e1
839	0
840	3.400e1
841	4.200e1
842	0
843	4.300e1
844	0
845	5.000e1
846	2.100e1
847	0
848	4.600e1
849	3.800e1
850	0
851	5.200e1
852	0
853	2.600e1
854	4.400e1
855	1.100e1
856	0
857	4.400e1
858	4.200e1
859	0
860	5.800e1
861	2.100e1
862	0
863	4.500e1
864	3.600e1
865	2.000e0
866	4.500e1
867	0
868	3.100e1
869	4.100e1
870	0
871	1.200e1
872	4.200e1
873	3.200e1
874	0
875	5.300e1
876	0
877	59
878	0
879	5.400e1
880	2.400e1
881	0
882	4.900e1
883	0
884	4.500e1
885	5.300e1
886	0
887	2.400e1
888	0
889	4.400e1
890	3.500e1
891	0
892	6.000e1
893	0
894	3.000e1
895	4.100e1
896	0
897	2.400e1
898	5.000e1
899	0
900	4.900e1
901	1.300e1
902	0
903	5.200e1
904	7.000e0
905	5.200e1
906	3.400e1
907	0
908	5.900e1
909	0
910	1.900e1
911	5.200e1
912	0
913	2.600e1
914	5.000e1
915	7.000e0
916	0
917	4.600e1
918	2.100e1
919	5.600e1
920	0
921	2.500e1
922	3.400e1
923	0
924	4.800e1
925	0
926	5.200e1
927	4.800e1
928	0
929	1.100e1
930	4.700e1
931	4.000e0
932	5.100e1
933	1.600e1
934	4.800e1
935	4.000e0
936	0
937	4.000e1
938	7.000e0
939	4.500e1
940	3.400e1
941	0
942	4.100e1
943	1.400e1
944	0
945	5.500e1
946	3.400e1
947	6.000e0
948	5.700e1
949	0
950	4.300e1
951	0
952	4.800e1
953	2.000e0
954	3.600e1
955	0
956	4.400e1
957	0
958	4.500e1
959	1.300e1
960	4.100e1
961	0
962	5.100e1
963	7.000e0
964	4.700e1
965	0
966	3.400e1
967	3.000e0
968	4.700e1
969	0
970	2.600e1
971	4.300e1
972	0
973	3.900e1
974	0
975	4.300e1
976	0
977	4.800e1
978	4.600e1
979	0
980	3.000e1
981	0
982	4.900e1
983	3.000e1
984	0
985	3.300e1
986	1.800e1
987	4.800e1
988	0
989	4.300e1
990	8.000e0
991	5.200e1
992	2.000e0
993	4.000e1
994	0
995	5.000e0
996	4.000e1
997	4.300e1
