52	7.400e2
53	1.477e3
54	6.324e3
55	3.218e4
56	5.687e4
57	2.303e4
58	4.944e4
59	2.673e4
60	3.081e4
61	8.604e3
62	8.446e3
63	1.995e3
64	0
65	1.124e3
66	3.893e3
67	2.306e4
68	4.233e4
69	2.751e4
70	5.198e4
71	2.744e4
72	3.151e4
73	8.912e3
74	1.475e4
75	1.359e3
76	4.980e2
77	5.480e2
78	3.886e3
79	5.119e3
80	1.669e4
81	4.947e4
82	4.090e4
83	5.435e4
84	4.453e4
85	3.631e4
86	2.313e4
87	8.623e3
88	2.729e3
89	8.690e3
90	1.461e3
91	8.625e3
92	3.467e4
93	1.663e4
94	4.896e4
95	4.500e4
96	5.228e4
97	3.601e4
98	9.337e4
99	2.080e4
100	1.153e4
101	4.130e3
102	6.579e3
103	3.767e3
104	7.537e3
105	6.734e3
106	2.064e4
107	1.951e4
108	4.563e4
109	4.034e4
110	4.761e4
111	3.325e4
112	2.565e4
113	1.045e4
114	1.093e4
115	3.976e3
116	4.206e3
117	3.046e4
118	1.390e4
119	2.406e4
120	2.555e4
121	2.520e4
122	2.739e4
123	2.407e4
124	3.412e4
125	2.829e4
126	3.567e4
127	8.510e3
128	1.000e4
129	1.118e4
130	7.910e3
131	2.506e4
132	1.974e4
133	2.410e4
134	2.569e4
135	3.482e4
136	3.059e4
137	2.433e4
138	3.609e4
139	2.313e4
140	1.251e4
141	5.230e3
142	4.914e3
143	1.109e4
144	1.292e4
145	2.389e4
146	2.131e4
147	2.595e4
148	2.500e4
149	2.967e4
150	2.345e4
151	2.458e4
152	2.936e4
153	2.188e4
154	3.387e4
155	7.042e3
156	9.344e3
157	1.255e4
158	1.533e4
159	1.991e4
160	2.220e4
161	2.190e4
162	2.802e4
163	2.085e4
164	2.570e4
165	2.129e4
166	2.138e4
167	1.285e4
168	1.893e4
169	8.081e3
170	1.168e4
171	1.279e4
172	1.452e4
173	1.809e4
174	2.023e4
175	1.807e4
176	2.480e4
177	1.550e4
178	1.970e4
179	1.406e4
180	2.054e4
181	1.102e4
182	1.376e4
183	1.081e4
184	1.174e4
185	1.504e4
186	2.035e4
187	1.656e4
188	1.722e4
189	1.685e4
190	1.833e4
191	1.262e4
192	1.653e4
193	1.367e4
194	2.346e4
195	1.253e4
196	1.244e4
197	1.057e4
198	1.219e4
199	1.743e4
200	1.548e4
201	1.551e4
202	1.344e4
203	1.079e4
204	1.167e4
205	9.560e3
206	1.278e4
207	1.090e4
208	1.871e4
209	1.040e4
210	1.317e4
211	9.697e3
212	1.054e4
213	1.005e4
214	1.065e4
215	1.311e4
216	1.041e4
217	9.015e3
218	8.268e3
219	7.284e3
220	0
221	1.005e4
222	5.293e3
223	5.131e3
224	8.449e3
225	8.936e3
226	1.694e4
227	8.678e3
228	5.528e3
229	3.869e3
230	4.191e3
231	3.533e3
232	3.985e3
233	8.726e3
234	6.681e3
235	4.282e3
236	5.046e3
237	3.521e3
238	5.224e3
239	4.001e3
240	8.008e3
241	3.529e3
242	7.751e3
243	3.040e3
244	4.167e3
245	2.841e3
246	2.722e3
247	3.797e3
248	3.241e3
249	6.833e3
250	5.628e3
251	3.066e3
252	1.826e3
253	1.396e3
254	1.539e3
255	1.185e3
256	1.529e3
257	1.574e3
258	0
259	5.382e3
260	0
261	3.000e3
262	1.407e3
263	1.119e3
264	1.820e3
265	1.278e3
266	1.533e3
267	1.301e3
268	1.483e3
269	1.017e3
270	1.131e3
271	9.310e2
272	1.058e3
273	1.101e3
274	0
275	4.096e3
276	1.571e3
277	1.167e3
278	1.299e3
279	8.540e2
280	1.111e3
281	1.090e3
282	1.411e3
283	1.030e3
284	1.261e3
285	9.990e2
286	0
287	1.942e3
288	9.220e2
289	9.420e2
290	1.027e3
291	8.760e2
292	1.205e3
293	9.460e2
294	1.327e3
295	9.260e2
296	1.249e3
297	7.200e2
298	1.017e3
299	6.950e2
300	1.098e3
301	8.940e2
302	1.109e3
303	8.650e2
304	8.900e2
305	6.570e2
306	9.120e2
307	5.760e2
308	1.078e3
309	7.350e2
310	1.255e3
311	7.890e2
312	1.196e3
313	7.050e2
314	0
315	1.676e3
316	8.950e2
317	5.730e2
318	7.180e2
319	5.640e2
320	9.000e2
321	7.050e2
322	0
323	1.770e3
324	1.043e3
325	5.570e2
326	9.690e2
327	5.390e2
328	9.070e2
329	5.700e2
330	9.170e2
331	5.710e2
332	6.560e2
333	4.390e2
334	7.090e2
335	4.290e2
336	7.630e2
337	5.000e2
338	8.330e2
339	5.190e2
340	0
341	1.340e3
342	7.850e2
343	4.590e2
344	6.880e2
345	4.140e2
346	5.260e2
347	3.550e2
348	5.730e2
349	4.020e2
350	6.400e2
351	4.630e2
352	6.380e2
353	4.050e2
354	0
355	1.070e3
356	6.070e2
357	3.960e2
358	6.950e2
359	3.900e2
360	7.800e2
361	4.010e2
362	7.460e2
363	4.380e2
364	5.280e2
365	3.010e2
366	5.320e2
367	2.980e2
368	6.040e2
369	3.360e2
370	4.430e2
371	3.020e2
372	4.650e2
373	0
374	7.000e2
375	2.610e2
376	8.450e2
377	3.900e2
378	2.112e3
379	4.470e2
380	4.190e2
381	2.410e2
382	3.100e2
383	0
384	4.820e2
385	1.920e2
386	0
387	6.190e2
388	2.210e2
389	0
390	4.020e2
391	2.070e2
392	0
393	5.970e2
394	0
395	4.760e2
396	3.150e2
397	1.800e2
398	0
399	3.590e2
400	2.130e2
401	0
402	3.190e2
403	1.330e2
404	0
405	2.940e2
406	0
407	2.910e2
408	0
409	3.110e2
410	3.000e0
411	2.980e2
412	0
413	2.690e2
414	0
415	2.560e2
416	2.000e0
417	2.310e2
418	4.000e0
419	2.180e2
420	1.240e2
421	1.010e2
422	0
423	2.010e2
424	1.100e2
425	0
426	2.100e2
427	9.600e1
428	0
429	2.620e2
430	0
431	2.550e2
432	0
433	1.680e2
434	1.000e2
435	0
436	1.690e2
437	6.800e1
438	9.800e1
439	0
440	1.590e2
441	8.400e1
442	0
443	1.520e2
444	5.000e0
445	1.480e2
446	2.000e0
447	1.420e2
448	9.200e1
449	0
450	1.240e2
451	6.300e1
452	0
453	1.340e2
454	6.100e1
455	0
456	1.430e2
457	0
458	1.310e2
459	7.000e1
460	0
461	1.220e2
462	5.600e1
463	6.600e1
464	0
465	1.220e2
466	4.000e0
467	2.190e2
468	8.500e1
469	0
470	1.120e2
471	2.000e0
472	1.130e2
473	6.100e1
474	0
475	1.050e2
476	4.700e1
477	0
478	9.600e1
479	0
480	1.060e2
481	2.000e0
482	9.800e1
483	2.000e0
484	9.600e1
485	5.400e1
486	0
487	9.900e1
488	4.200e1
489	0
490	1.090e2
491	5.000e1
492	0
493	8.400e1
494	6.700e1
495	3.800e1
496	0
497	8.600e1
498	5.700e1
499	0
500	9.000e1
501	4.800e1
502	0
503	1.010e2
504	0
505	1.180e2
506	0
507	8.200e1
508	0
509	7.600e1
510	3.000e0
511	7.900e1
512	5.300e1
513	0
514	7.900e1
515	4.000e0
516	7.800e1
517	1.000e0
518	8.000e1
519	2.000e0
520	7.400e1
521	4.800e1
522	0
523	7.500e1
524	0
525	7.700e1
526	4.000e0
527	8.600e1
528	0
529	9.200e1
530	2.000e0
531	8.700e1
532	9.000e0
533	8.000e1
534	2.000e0
535	7.000e1
536	0
537	6.600e1
538	0
539	6.300e1
540	5.000e1
541	0
542	6.700e1
543	3.600e1
544	0
545	6.800e1
546	4.000e0
547	7.100e1
548	1.200e1
549	8.000e1
550	0
551	6.900e1
552	2.000e0
553	6.300e1
554	4.000e0
555	6.500e1
556	2.000e0
557	7.800e1
558	2.000e0
559	6.100e1
560	6.000e0
561	6.500e1
562	0
563	7.000e1
564	4.000e0
565	6.400e1
566	0
567	6.600e1
568	4.000e0
569	6.200e1
570	4.000e0
571	6.900e1
572	4.000e0
573	6.300e1
574	9.000e0
575	6.700e1
576	2.000e0
577	6.600e1
578	0
579	6.700e1
580	0
581	6.600e1
582	0
583	5.500e1
584	4.600e1
585	0
586	6.000e1
587	4.000e0
588	5.600e1
589	3.600e1
590	0
591	5.800e1
592	2.000e0
593	5.900e1
594	4.100e1
595	0
596	5.200e1
597	3.900e1
598	0
599	5.100e1
600	0
601	5.500e1
602	4.500e1
603	0
604	5.600e1
605	3.200e1
606	0
607	5.900e1
608	0
609	6.300e1
610	2.000e0
611	5.000e1
612	1.400e1
613	5.400e1
614	2.300e1
615	0
616	5.400e1
617	4.800e1
618	0
619	4.200e1
620	0
621	5.700e1
622	1.000e1
623	5.700e1
624	3.300e1
625	0
626	5.400e1
627	0
628	4.400e1
629	1.000e1
630	5.900e1
631	2.000e0
632	5.700e1
633	0
634	5.300e1
635	0
636	5.500e1
637	3.700e1
638	0
639	6.200e1
640	0
641	5.100e1
642	5.100e1
643	0
644	2.000e0
645	5.700e1
646	2.000e0
647	5.900e1
648	2.000e0
649	5.800e1
650	0
651	4.700e1
652	2.100e1
653	4.800e1
654	0
655	1.900e1
656	5.000e1
657	1.100e1
658	5.000e1
659	1.400e1
660	0
661	4.600e1
662	4.600e1
663	0
664	4.500e1
665	0
666	5.600e1
667	3.300e1
668	0
669	4.000e1
670	3.000e0
671	5.300e1
672	4.000e0
673	5.800e1
674	0
675	4.700e1
676	3.600e1
677	0
678	4.900e1
679	0
680	2.600e1
681	5.300e1
682	0
683	5.500e1
684	0
685	4.500e1
686	3.100e1
687	0
688	5.600e1
689	3.400e1
690	0
691	4.700e1
692	0
693	2.300e1
694	5.800e1
695	0
696	5.000e1
697	0
698	1.500e1
699	6.000e1
700	0
701	4.500e1
702	4.700e1
703	0
704	2.100e1
705	4.100e1
706	2.200e1
707	0
708	5.400e1
709	2.000e0
710	4.200e1
711	1.300e1
712	0
713	4.600e1
714	2.000e0
715	4.100e1
716	3.100e1
717	0
718	4.300e1
719	4.000e0
720	4.500e1
721	0
722	4.200e1
723	1.500e1
724	4.400e1
725	0
726	5.000e1
727	4.100e1
728	0
729	3.300e1
730	0
731	4.800e1
732	1.000e1
733	4.900e1
734	0
735	5.000e1
736	3.000e0
737	4.800e1
738	2.900e1
739	0
740	5.700e1
741	0
742	4.800e1
743	7.000e0
744	4.200e1
745	0
746	4.600e1
747	0
748	4.500e1
749	2.300e1
750	0
751	5.000e1
752	6.000e0
753	3.900e1
754	8.000e0
755	4.000e1
756	1.300e1
757	0
758	4.500e1
759	3.900e1
760	0
761	4.500e1
762	2.600e1
763	0
764	4.500e1
765	0
766	4.700e1
767	0
768	3.800e1
769	3.700e1
770	0
771	4.200e1
772	2.200e1
773	0
774	5.200e1
775	5.000e0
776	5.400e1
777	0
778	4.300e1
779	0
780	5.000e1
781	3.700e1
782	0
783	3.100e1
784	0
785	4.100e1
786	0
787	4.800e1
788	4.000e0
789	4.700e1
790	0
791	4.400e1
792	1.400e1
793	5.200e1
794	0
795	2.900e1
796	2.800e1
797	0
798	5.800e1
799	0
800	5.700e1
801	0
802	4.400e1
803	1.000e1
804	4.900e1
805	0
806	4.300e1
807	0
808	3.600e1
809	2.800e1
810	4.900e1
811	0
812	3.000e1
813	0
814	4.400e1
815	1.200e1
816	4.600e1
817	3.000e0
818	3.600e1
819	0
820	4.300e1
821	0
822	3.900e1
823	5.300e1
824	0
825	2.900e1
826	0
827	4.700e1
828	0
829	3.900e1
830	3.000e1
831	0
832	4.700e1
833	1.000e0
834	3.800e1
835	0
836	4.100e1
837	3.300e1
838	0
839	2.500e1
840	4.000e1
841	0
842	4.200e1
843	1.100e1
844	4.400e1
845	0
846	1.800e1
847	4.500e1
848	1.000e0
849	4.200e1
850	9.000e0
851	4.500e1
852	0
853	1.400e1
854	4.900e1
855	6.000e0
856	4.100e1
857	1.500e1
858	4.500e1
859	0
860	4.700e1
861	0
862	1.300e1
863	4.100e1
864	6.000e0
865	3.800e1
866	0
867	3.500e1
868	5.000e0
869	3.900e1
870	4.300e1
871	0
872	2.500e1
873	4.400e1
874	3.000e0
875	4.100e1
876	0
877	2.900e1
878	1.800e1
879	0
880	4.600e1
881	1.900e1
882	3.900e1
883	0
884	4.600e1
885	0
886	3.700e1
887	3.000e0
888	4.500e1
889	1.100e1
890	0
891	4.400e1
892	1.600e1
893	5.000e1
894	4.000e0
895	4.500e1
896	0
897	4.700e1
898	0
899	4.000e1
900	0
901	3.900e1
902	4.300e1
903	0
904	2.400e1
905	4.300e1
906	0
907	4.500e1
908	0
909	2.000e1
910	4.900e1
911	2.000e0
912	4.600e1
913	1.100e1
914	0
915	4.900e1
916	1.800e1
917	3.600e1
918	0
919	3.200e1
920	3.600e1
921	0
922	3.500e1
923	0
924	4.000e1
925	1.800e1
926	0
927	4.000e1
928	3.400e1
929	8.000e0
930	0
931	4.000e1
932	2.500e1
933	0
934	4.400e1
935	2.000e0
936	4.400e1
937	0
938	3.200e1
939	5.000e0
940	4.300e1
941	0
942	3.900e1
943	3.000e1
944	0
945	3.900e1
946	4.000e0
947	4.300e1
948	0
949	4.100e1
950	0
951	4.000e1
952	6.000e0
953	4.900e1
954	1.300e1
955	0
956	5.000e1
957	2.800e1
958	0
959	3.300e1
960	3.700e1
961	0
962	2.800e1
963	1.600e1
964	0
965	3.900e1
966	3.900e1
967	0
968	1.000e1
969	4.300e1
970	1.100e1
971	0
972	4.600e1
973	2.000e1
974	4.600e1
975	4.000e0
976	0
977	4.400e1
978	1.100e1
979	4.100e1
980	0
981	3.800e1
982	0
983	4.700e1
984	1.900e1
985	0
986	4.800e1
987	6.000e0
988	4.700e1
989	1.100e1
990	0
991	4.400e1
992	0
993	3.900e1
994	3.400e1
995	0
996	3.800e1
997	0
