52	5.060e2
53	1.553e3
54	7.593e3
55	4.103e4
56	7.341e4
57	3.308e4
58	6.659e4
59	5.057e4
60	8.093e4
61	1.209e4
62	3.187e3
63	1.731e3
64	2.052e3
65	7.380e2
66	6.532e3
67	6.086e4
68	5.298e4
69	6.189e4
70	1.361e5
71	7.480e4
72	4.674e4
73	9.922e3
74	2.120e4
75	1.224e3
76	5.930e2
77	6.440e2
78	6.392e3
79	6.460e3
80	1.984e4
81	6.788e4
82	8.384e4
83	2.038e5
84	9.173e4
85	7.451e4
86	4.089e4
87	8.115e3
88	1.857e3
89	4.605e3
90	1.895e3
91	1.527e4
92	7.071e4
93	2.372e4
94	8.834e4
95	7.868e4
96	9.428e4
97	8.000e4
98	1.613e5
99	2.239e4
100	1.331e4
101	4.770e3
102	7.071e3
103	3.683e3
104	1.144e4
105	8.533e3
106	2.939e4
107	3.825e4
108	1.199e5
109	8.940e4
110	1.009e5
111	6.096e4
112	4.906e4
113	1.432e4
114	9.063e3
115	4.442e3
116	5.593e3
117	6.939e4
118	1.768e4
119	4.957e4
120	4.041e4
121	3.288e4
122	5.391e4
123	5.567e4
124	9.960e4
125	6.594e4
126	5.520e4
127	1.025e4
128	9.121e3
129	2.236e4
130	1.207e4
131	5.386e4
132	2.708e4
133	3.008e4
134	3.213e4
135	7.353e4
136	6.500e4
137	5.174e4
138	8.846e4
139	3.471e4
140	1.707e4
141	6.365e3
142	6.022e3
143	1.789e4
144	1.433e4
145	2.925e4
146	2.679e4
147	3.917e4
148	3.439e4
149	4.470e4
150	5.633e4
151	5.635e4
152	7.779e4
153	3.663e4
154	7.546e4
155	9.478e3
156	1.217e4
157	1.632e4
158	2.056e4
159	2.526e4
160	2.371e4
161	2.990e4
162	2.889e4
163	2.872e4
164	3.953e4
165	3.061e4
166	5.516e4
167	2.001e4
168	2.257e4
169	1.142e4
170	1.159e4
171	1.571e4
172	1.787e4
173	2.209e4
174	2.421e4
175	2.165e4
176	3.190e4
177	2.148e4
178	4.519e4
179	2.241e4
180	2.899e4
181	1.561e4
182	1.905e4
183	1.407e4
184	1.489e4
185	1.920e4
186	3.184e4
187	2.265e4
188	1.996e4
189	2.299e4
190	2.587e4
191	1.434e4
192	4.236e4
193	1.816e4
194	3.090e4
195	2.118e4
196	1.515e4
197	1.244e4
198	1.387e4
199	2.424e4
200	2.277e4
201	2.183e4
202	1.538e4
203	1.320e4
204	1.462e4
205	1.136e4
206	1.678e4
207	1.387e4
208	2.877e4
209	1.436e4
210	1.291e4
211	1.055e4
212	8.812e3
213	8.392e3
214	8.382e3
215	1.787e4
216	1.354e4
217	1.045e4
218	8.692e3
219	5.658e3
220	5.853e3
221	5.472e3
222	6.636e3
223	5.609e3
224	9.782e3
225	6.495e3
226	2.678e4
227	7.423e3
228	1.555e4
229	7.094e3
230	5.213e3
231	4.469e3
232	7.316e3
233	6.751e3
234	5.006e3
235	4.784e3
236	4.973e3
237	4.222e3
238	7.208e3
239	5.011e3
240	1.011e4
241	4.726e3
242	6.792e3
243	5.217e3
244	7.003e3
245	2.869e3
246	2.241e3
247	3.362e3
248	4.027e3
249	5.681e3
250	3.136e3
251	2.578e3
252	2.140e3
253	2.093e3
254	2.093e3
255	1.974e3
256	2.075e3
257	1.970e3
258	2.178e3
259	2.911e3
260	2.066e3
261	2.572e3
262	1.846e3
263	1.795e3
264	1.927e3
265	1.838e3
266	2.118e3
267	1.579e3
268	1.468e3
269	1.111e3
270	1.060e3
271	9.900e2
272	1.101e3
273	1.389e3
274	1.775e3
275	1.985e3
276	2.007e3
277	1.490e3
278	1.113e3
279	9.410e2
280	9.580e2
281	1.109e3
282	1.728e3
283	1.235e3
284	1.132e3
285	1.081e3
286	9.640e2
287	9.350e2
288	8.830e2
289	1.363e3
290	9.850e2
291	1.000e3
292	1.124e3
293	1.197e3
294	1.049e3
295	9.830e2
296	9.510e2
297	7.250e2
298	8.260e2
299	7.680e2
300	8.460e2
301	9.460e2
302	9.820e2
303	9.370e2
304	8.380e2
305	7.720e2
306	7.140e2
307	6.930e2
308	7.830e2
309	7.420e2
310	8.850e2
311	8.430e2
312	8.600e2
313	7.360e2
314	7.850e2
315	6.210e2
316	7.170e2
317	5.960e2
318	6.590e2
319	6.700e2
320	7.170e2
321	7.790e2
322	6.980e2
323	1.004e3
324	7.160e2
325	5.440e2
326	6.050e2
327	5.390e2
328	6.500e2
329	5.850e2
330	7.090e2
331	5.870e2
332	6.060e2
333	5.100e2
334	5.390e2
335	5.090e2
336	5.530e2
337	5.380e2
338	5.890e2
339	5.620e2
340	5.650e2
341	4.960e2
342	5.130e2
343	4.620e2
344	0
345	9.050e2
346	4.330e2
347	4.120e2
348	4.600e2
349	4.340e2
350	4.850e2
351	4.580e2
352	4.600e2
353	4.120e2
354	4.200e2
355	4.660e2
356	4.410e2
357	3.970e2
358	4.430e2
359	3.890e2
360	4.990e2
361	3.770e2
362	5.140e2
363	4.080e2
364	4.420e2
365	3.410e2
366	0
367	7.530e2
368	4.970e2
369	3.460e2
370	0
371	6.600e2
372	0
373	6.270e2
374	3.680e2
375	2.910e2
376	5.780e2
377	3.730e2
378	8.020e2
379	4.100e2
380	3.730e2
381	2.630e2
382	2.950e2
383	2.180e2
384	2.850e2
385	2.290e2
386	4.330e2
387	2.540e2
388	2.530e2
389	2.260e2
390	2.280e2
391	2.270e2
392	0
393	5.400e2
394	2.720e2
395	2.150e2
396	2.770e2
397	0
398	3.910e2
399	1.930e2
400	2.020e2
401	1.680e2
402	0
403	3.380e2
404	1.840e2
405	1.550e2
406	1.730e2
407	1.680e2
408	1.740e2
409	1.570e2
410	0
411	3.080e2
412	0
413	2.930e2
414	1.560e2
415	1.350e2
416	0
417	2.760e2
418	0
419	2.520e2
420	0
421	2.510e2
422	1.350e2
423	0
424	2.430e2
425	1.050e2
426	0
427	2.370e2
428	0
429	2.470e2
430	0
431	2.450e2
432	0
433	2.000e2
434	1.170e2
435	8.800e1
436	1.050e2
437	1.000e2
438	0
439	1.760e2
440	0
441	1.790e2
442	9.800e1
443	0
444	1.820e2
445	8.100e1
446	9.800e1
447	0
448	1.530e2
449	8.600e1
450	0
451	1.600e2
452	7.000e0
453	1.670e2
454	7.700e1
455	0
456	1.530e2
457	0
458	1.470e2
459	4.000e0
460	1.580e2
461	4.000e0
462	1.380e2
463	0
464	1.400e2
465	7.900e1
466	0
467	1.370e2
468	6.600e1
469	0
470	1.330e2
471	0
472	1.310e2
473	6.700e1
474	0
475	1.300e2
476	6.000e1
477	6.800e1
478	0
479	1.350e2
480	0
481	1.190e2
482	5.700e1
483	0
484	1.230e2
485	5.700e1
486	6.400e1
487	0
488	1.050e2
489	4.000e0
490	1.190e2
491	4.000e0
492	1.100e2
493	5.200e1
494	7.400e1
495	0
496	1.040e2
497	5.500e1
498	0
499	1.040e2
500	2.000e0
501	1.080e2
502	4.300e1
503	6.100e1
504	0
505	1.020e2
506	3.500e1
507	0
508	1.050e2
509	0
510	9.900e1
511	5.200e1
512	4.300e1
513	0
514	9.400e1
515	3.000e0
516	9.300e1
517	4.800e1
518	0
519	9.500e1
520	3.900e1
521	0
522	1.030e2
523	0
524	8.200e1
525	0
526	8.200e1
527	8.000e0
528	9.100e1
529	7.000e0
530	8.700e1
531	0
532	9.300e1
533	3.000e0
534	9.000e1
535	4.400e1
536	0
537	9.500e1
538	3.000e0
539	6.700e1
540	0
541	7.700e1
542	9.000e0
543	8.500e1
544	0
545	7.900e1
546	1.200e1
547	7.800e1
548	4.100e1
549	0
550	8.100e1
551	3.000e0
552	7.500e1
553	6.000e0
554	4.900e1
555	3.000e0
556	7.700e1
557	0
558	7.500e1
559	4.100e1
560	0
561	7.300e1
562	4.900e1
563	0
564	8.700e1
565	3.000e0
566	5.500e1
567	3.000e0
568	7.100e1
569	0
570	6.700e1
571	2.000e0
572	7.100e1
573	3.000e0
574	7.500e1
575	2.300e1
576	0
577	7.400e1
578	5.000e0
579	5.800e1
580	4.100e1
581	0
582	7.100e1
583	0
584	6.400e1
585	4.000e0
586	7.300e1
587	1.000e1
588	5.400e1
589	3.600e1
590	0
591	6.900e1
592	4.000e0
593	7.000e1
594	1.600e1
595	8.800e1
596	3.000e0
597	5.800e1
598	0
599	1.200e1
600	6.100e1
601	2.000e0
602	6.500e1
603	4.000e0
604	7.800e1
605	3.800e1
606	0
607	7.100e1
608	7.000e0
609	5.500e1
610	4.500e1
611	0
612	6.300e1
613	1.400e1
614	5.200e1
615	0
616	6.200e1
617	0
618	6.300e1
619	3.500e1
620	0
621	6.300e1
622	0
623	6.500e1
624	2.500e1
625	5.800e1
626	0
627	5.400e1
628	0
629	5.800e1
630	3.000e0
631	4.700e1
632	1.900e1
633	6.000e1
634	0
635	6.200e1
636	4.800e1
637	0
638	6.400e1
639	4.100e1
640	0
641	5.500e1
642	0
643	4.700e1
644	5.000e1
645	1.900e1
646	0
647	7.200e1
648	2.900e1
649	0
650	5.900e1
651	7.000e0
652	5.400e1
653	3.000e0
654	5.900e1
655	0
656	5.800e1
657	4.800e1
658	0
659	5.600e1
660	1.800e1
661	6.100e1
662	9.000e0
663	7.600e1
664	0
665	1.100e1
666	6.400e1
667	0
668	5.200e1
669	2.900e1
670	0
671	3.500e1
672	5.500e1
673	0
674	5.600e1
675	0
676	5.500e1
677	1.000e1
678	5.800e1
679	0
680	4.500e1
681	3.000e0
682	5.600e1
683	2.000e1
684	0
685	5.500e1
686	3.000e0
687	4.200e1
688	4.900e1
689	1.400e1
690	0
691	5.600e1
692	2.200e1
693	0
694	5.100e1
695	1.100e1
696	6.000e1
697	0
698	4.400e1
699	0
700	5.200e1
701	3.700e1
702	0
703	4.500e1
704	4.000e0
705	4.500e1
706	7.000e0
707	7.100e1
708	1.800e1
709	0
710	5.600e1
711	4.400e1
712	6.000e0
713	6.600e1
714	1.400e1
715	4.900e1
716	0
717	4.000e1
718	0
719	5.800e1
720	8.000e0
721	5.000e1
722	0
723	4.600e1
724	0
725	5.200e1
726	0
727	6.400e1
728	3.000e0
729	4.300e1
730	4.700e1
731	0
732	4.600e1
733	3.000e0
734	5.100e1
735	0
736	2.700e1
737	5.000e1
738	0
739	6.400e1
740	0
741	4.600e1
742	2.700e1
743	0
744	6.100e1
745	4.600e1
746	0
747	5.600e1
748	8.000e0
749	4.100e1
750	0
751	3.400e1
752	1.700e1
753	4.000e1
754	0
755	5.600e1
756	0
757	4.100e1
758	4.400e1
759	0
760	5.500e1
761	5.000e1
762	0
763	5.200e1
764	0
765	1.100e1
766	3.800e1
767	2.000e1
768	5.200e1
769	3.000e0
770	5.500e1
771	1.300e1
772	0
773	5.300e1
774	3.100e1
775	0
776	4.000e1
777	0
778	4.500e1
779	2.300e1
780	0
781	5.800e1
782	0
783	4.900e1
784	4.300e1
785	0
786	5.300e1
787	3.000e0
788	3.500e1
789	1.300e1
790	5.900e1
791	0
792	4.200e1
793	0
794	4.900e1
795	4.600e1
796	0
797	5.600e1
798	3.000e0
799	3.800e1
800	0
801	2.400e1
802	4.700e1
803	0
804	4.900e1
805	2.200e1
806	0
807	4.800e1
808	1.800e1
809	5.800e1
810	0
811	6.000e0
812	5.900e1
813	4.100e1
814	0
815	2.000e1
816	4.900e1
817	0
818	5.300e1
819	2.900e1
820	0
821	5.200e1
822	3.400e1
823	0
824	5.600e1
825	6.000e0
826	5.500e1
827	0
828	5.500e1
829	0
830	6.000e1
831	1.600e1
832	0
833	4.800e1
834	4.500e1
835	0
836	2.000e1
837	4.200e1
838	0
839	5.500e1
840	0
841	3.700e1
842	9.000e0
843	4.100e1
844	0
845	5.200e1
846	9.000e0
847	5.000e1
848	0
849	4.500e1
850	2.300e1
851	0
852	4.100e1
853	2.000e0
854	3.500e1
855	4.200e1
856	1.200e1
857	0
858	3.900e1
859	5.600e1
860	0
861	5.200e1
862	0
863	3.300e1
864	0
865	3.600e1
866	4.000e0
867	3.700e1
868	4.000e1
869	0
870	2.500e1
871	5.000e1
872	0
873	3.900e1
874	1.300e1
875	0
876	3.800e1
877	3.200e1
878	3.400e1
879	5.000e0
880	0
881	3.900e1
882	5.600e1
883	0
884	4.500e1
885	0
886	4.600e1
887	0
888	3.700e1
889	0
890	3.300e1
891	1.900e1
892	0
893	4.900e1
894	1.200e1
895	3.900e1
896	1.200e1
897	5.100e1
898	0
899	4.500e1
900	6.000e0
901	0
902	3.900e1
903	3.000e1
904	0
905	4.000e1
906	0
907	5.000e1
908	4.600e1
909	0
910	4.500e1
911	0
912	4.600e1
913	0
914	2.200e1
915	5.300e1
916	0
917	2.600e1
918	5.100e1
919	7.000e0
920	0
921	5.500e1
922	0
923	4.600e1
924	3.700e1
925	0
926	4.400e1
927	3.200e1
928	0
929	7.000e0
930	4.100e1
931	3.500e1
932	0
933	4.100e1
934	3.300e1
935	3.000e0
936	3.500e1
937	0
938	2.400e1
939	0
940	5.300e1
941	1.600e1
942	4.800e1
943	0
944	7.000e0
945	4.800e1
946	3.500e1
947	0
948	4.400e1
949	1.100e1
950	5.500e1
951	0
952	4.100e1
953	0
954	4.600e1
955	0
956	1.900e1
957	4.900e1
958	2.000e1
959	0
960	4.200e1
961	4.600e1
962	0
963	4.200e1
964	0
965	4.700e1
966	0
967	4.500e1
968	6.000e0
969	5.100e1
970	0
971	1.300e1
972	4.300e1
973	0
974	3.600e1
975	2.100e1
976	0
977	4.300e1
978	4.100e1
979	0
980	1.800e1
981	4.100e1
982	0
983	4.200e1
984	3.300e1
985	0
986	2.400e1
987	4.600e1
988	0
989	4.600e1
990	1.300e1
991	4.500e1
992	0
993	8.000e0
994	3.300e1
995	4.500e1
996	0
997	2.000e1
