52	5.200e2
53	1.507e3
54	7.723e3
55	1.569e4
56	7.579e4
57	2.176e4
58	6.574e4
59	7.926e4
60	1.501e5
61	1.361e4
62	5.248e3
63	8.610e2
64	5.039e3
65	1.565e3
66	8.912e3
67	8.981e4
68	6.005e4
69	4.902e4
70	6.632e4
71	1.094e5
72	4.379e4
73	1.254e4
74	2.252e4
75	2.488e3
76	9.080e2
77	7.500e2
78	9.893e3
79	8.610e3
80	1.589e4
81	6.991e4
82	8.165e4
83	1.446e5
84	5.262e4
85	1.312e5
86	4.215e4
87	9.881e3
88	4.711e3
89	9.714e3
90	3.418e3
91	4.702e3
92	1.189e5
93	2.925e4
94	1.331e5
95	8.006e4
96	1.152e5
97	8.601e4
98	1.729e5
99	2.839e4
100	1.775e4
101	8.551e3
102	6.651e4
103	1.180e4
104	1.784e4
105	7.746e3
106	2.719e4
107	4.007e4
108	1.655e5
109	8.213e4
110	1.095e5
111	4.563e4
112	5.923e4
113	1.486e4
114	1.573e4
115	8.632e3
116	1.135e4
117	1.082e5
118	2.065e4
119	5.912e4
120	4.282e4
121	3.013e4
122	5.277e4
123	5.333e4
124	4.839e4
125	3.473e4
126	1.130e5
127	1.294e4
128	1.938e4
129	1.149e4
130	9.508e3
131	6.668e4
132	2.467e4
133	2.369e4
134	2.403e4
135	3.244e4
136	2.970e4
137	4.217e4
138	4.050e4
139	2.275e4
140	1.327e4
141	6.463e3
142	8.154e3
143	1.490e4
144	2.936e4
145	2.500e4
146	2.075e4
147	1.990e4
148	1.983e4
149	2.509e4
150	2.221e4
151	3.019e4
152	2.560e4
153	2.015e4
154	1.060e4
155	6.579e3
156	6.859e3
157	1.458e4
158	1.186e4
159	1.457e4
160	1.521e4
161	1.326e4
162	1.740e4
163	1.458e4
164	1.620e4
165	1.905e4
166	1.724e4
167	1.744e4
168	1.039e4
169	8.038e3
170	7.210e3
171	9.449e3
172	8.411e3
173	1.080e4
174	1.087e4
175	8.482e3
176	9.951e3
177	8.096e3
178	1.180e4
179	7.933e3
180	1.034e4
181	9.112e3
182	8.633e3
183	7.232e3
184	5.437e3
185	1.218e4
186	7.432e3
187	6.906e3
188	6.299e3
189	5.996e3
190	6.311e3
191	4.888e3
192	8.073e3
193	5.693e3
194	7.653e3
195	1.852e4
196	5.752e3
197	4.492e3
198	4.165e3
199	1.368e4
200	5.844e3
201	5.180e3
202	3.617e3
203	2.532e3
204	3.197e3
205	2.145e3
206	3.698e3
207	2.963e3
208	3.488e3
209	6.755e3
210	3.512e3
211	2.496e3
212	2.020e3
213	2.350e3
214	2.386e3
215	1.622e3
216	1.888e3
217	1.571e3
218	1.771e3
219	1.208e3
220	1.885e3
221	1.239e3
222	1.557e3
223	1.087e3
224	1.377e3
225	1.103e3
226	1.734e3
227	1.337e3
228	1.233e3
229	2.176e3
230	1.175e3
231	8.210e2
232	9.480e2
233	9.020e2
234	1.087e3
235	6.750e2
236	1.188e3
237	6.030e2
238	9.160e2
239	5.610e2
240	7.150e2
241	4.750e2
242	7.490e2
243	1.295e3
244	7.280e2
245	5.110e2
246	5.610e2
247	4.140e2
248	5.410e2
249	4.270e2
250	5.840e2
251	3.200e2
252	4.530e2
253	3.120e2
254	4.720e2
255	2.820e2
256	4.160e2
257	2.530e2
258	3.600e2
259	2.810e2
260	3.320e2
261	3.020e2
262	3.820e2
263	2.420e2
264	3.930e2
265	2.240e2
266	3.160e2
267	1.900e2
268	3.530e2
269	1.780e2
270	3.390e2
271	1.580e2
272	5.030e2
273	1.990e2
274	2.930e2
275	1.610e2
276	2.380e2
277	1.790e2
278	3.060e2
279	1.570e2
280	2.640e2
281	1.680e2
282	3.320e2
283	1.610e2
284	2.490e2
285	1.330e2
286	1.990e2
287	9.900e1
288	2.100e2
289	1.340e2
290	2.030e2
291	1.050e2
292	2.190e2
293	1.260e2
294	2.200e2
295	1.100e2
296	2.470e2
297	1.260e2
298	2.120e2
299	1.060e2
300	1.820e2
301	9.900e1
302	1.910e2
303	9.000e1
304	1.620e2
305	7.700e1
306	1.600e2
307	8.100e1
308	1.930e2
309	9.200e1
310	1.990e2
311	9.700e1
312	1.500e2
313	7.400e1
314	1.590e2
315	6.800e1
316	1.660e2
317	7.600e1
318	1.330e2
319	7.900e1
320	1.160e2
321	7.200e1
322	1.340e2
323	7.400e1
324	1.430e2
325	7.100e1
326	1.160e2
327	6.200e1
328	1.080e2
329	7.000e1
330	1.110e2
331	6.800e1
332	1.000e2
333	5.900e1
334	9.800e1
335	5.800e1
336	9.100e1
337	5.000e1
338	9.000e1
339	5.800e1
340	9.600e1
341	7.000e1
342	8.100e1
343	4.600e1
344	8.000e1
345	4.300e1
346	7.200e1
347	4.700e1
348	6.400e1
349	4.500e1
350	6.000e1
351	4.300e1
352	5.500e1
353	4.200e1
354	5.200e1
355	6.500e1
356	6.200e1
357	5.300e1
358	5.700e1
359	4.200e1
360	4.700e1
361	4.300e1
362	4.200e1
363	3.800e1
364	5.200e1
365	4.100e1
366	4.900e1
367	4.400e1
368	4.200e1
369	3.200e1
370	4.200e1
371	3.000e1
372	4.000e1
373	3.700e1
374	3.100e1
375	3.700e1
376	4.000e1
377	3.400e1
378	4.300e1
379	3.500e1
380	3.800e1
381	2.900e1
382	3.000e1
383	2.100e1
384	3.000e1
385	3.400e1
386	3.100e1
387	2.700e1
388	3.400e1
389	2.300e1
390	2.300e1
391	3.300e1
392	2.900e1
393	3.400e1
394	3.200e1
395	2.500e1
396	3.100e1
397	2.600e1
398	3.000e1
399	2.400e1
400	2.900e1
401	2.900e1
402	3.000e1
403	2.100e1
404	2.300e1
405	2.500e1
406	2.200e1
407	2.100e1
408	4.100e1
409	3.000e1
410	3.100e1
411	3.100e1
412	2.800e1
413	2.700e1
414	2.200e1
415	2.200e1
416	2.100e1
417	2.600e1
418	1.800e1
419	2.100e1
420	2.700e1
421	2.100e1
422	2.000e1
423	2.000e1
424	2.500e1
425	2.000e1
426	2.200e1
427	2.400e1
428	1.800e1
429	3.900e1
430	3.400e1
431	2.900e1
432	2.100e1
433	2.600e1
434	2.400e1
435	2.500e1
436	1.800e1
437	2.200e1
438	2.300e1
439	2.400e1
440	1.800e1
441	2.000e1
442	1.600e1
443	2.700e1
444	2.200e1
445	2.300e1
446	2.000e1
447	1.800e1
448	1.900e1
449	1.800e1
450	1.800e1
451	1.600e1
452	2.100e1
453	1.900e1
454	2.400e1
455	2.100e1
456	1.400e1
457	1.800e1
458	2.000e1
459	2.200e1
460	1.700e1
461	2.100e1
462	1.600e1
463	2.100e1
464	2.200e1
465	1.900e1
466	1.800e1
467	2.500e1
468	2.100e1
469	1.800e1
470	1.800e1
471	2.000e1
472	2.100e1
473	2.200e1
474	1.800e1
475	1.900e1
476	2.200e1
477	2.000e1
478	1.800e1
479	2.200e1
480	2.100e1
481	1.500e1
482	2.200e1
483	1.900e1
484	1.600e1
485	1.500e1
486	1.700e1
487	2.100e1
488	1.700e1
489	1.800e1
490	1.700e1
491	2.000e1
492	1.800e1
493	1.800e1
494	1.600e1
495	2.000e1
496	1.900e1
497	1.500e1
498	1.800e1
499	1.700e1
500	1.300e1
501	1.500e1
502	2.200e1
503	2.900e1
504	2.300e1
505	2.400e1
506	2.000e1
507	1.400e1
508	2.100e1
509	1.100e1
510	2.000e1
511	1.700e1
512	1.700e1
513	1.600e1
514	1.700e1
515	1.300e1
516	1.600e1
517	1.300e1
518	1.500e1
519	1.900e1
520	1.400e1
521	1.700e1
522	1.600e1
523	1.400e1
524	1.400e1
525	1.500e1
526	2.300e1
527	1.700e1
528	1.500e1
529	1.500e1
530	1.500e1
531	1.600e1
532	1.700e1
533	1.600e1
534	1.600e1
535	1.700e1
536	1.900e1
537	1.600e1
538	1.700e1
539	1.700e1
540	1.600e1
541	1.500e1
542	1.700e1
543	1.600e1
544	1.800e1
545	1.500e1
546	1.700e1
547	1.900e1
548	1.700e1
549	1.600e1
550	1.600e1
551	1.600e1
552	1.600e1
553	1.500e1
554	1.700e1
555	1.600e1
556	1.500e1
557	1.500e1
558	1.500e1
559	1.800e1
560	1.600e1
561	1.400e1
562	1.700e1
563	1.500e1
564	1.200e1
565	1.600e1
566	1.800e1
567	1.700e1
568	1.300e1
569	1.300e1
570	1.300e1
571	1.400e1
572	1.400e1
573	1.700e1
574	1.700e1
575	1.700e1
576	2.100e1
577	1.500e1
578	1.800e1
579	1.600e1
580	1.200e1
581	1.700e1
582	2.000e1
583	1.700e1
584	1.400e1
585	1.700e1
586	1.300e1
587	1.400e1
588	1.200e1
589	1.000e1
590	1.600e1
591	1.400e1
592	1.200e1
593	1.300e1
594	1.200e1
595	1.500e1
596	1.300e1
597	1.500e1
598	1.100e1
599	1.000e1
600	1.500e1
601	1.200e1
602	1.100e1
603	1.600e1
604	1.600e1
605	1.400e1
606	7.000e0
607	1.500e1
608	1.300e1
609	1.200e1
610	1.600e1
611	1.300e1
612	1.300e1
613	1.100e1
614	1.400e1
615	1.400e1
616	8.000e0
617	1.500e1
618	1.600e1
619	1.400e1
620	1.700e1
621	1.100e1
622	1.700e1
623	1.400e1
624	1.300e1
625	1.300e1
626	1.300e1
627	1.200e1
628	1.400e1
629	1.100e1
630	1.100e1
631	1.600e1
632	1.300e1
633	1.400e1
634	1.200e1
635	1.100e1
636	1.400e1
637	1.100e1
638	9.000e0
639	1.400e1
640	1.500e1
641	1.200e1
642	1.400e1
643	1.500e1
644	1.300e1
645	1.300e1
646	1.600e1
647	1.400e1
648	1.300e1
649	1.200e1
650	1.000e1
651	1.400e1
652	1.300e1
653	1.300e1
654	1.500e1
655	1.100e1
656	1.200e1
657	1.100e1
658	1.100e1
659	1.400e1
660	1.300e1
661	1.300e1
662	1.400e1
663	1.200e1
664	1.100e1
665	1.200e1
666	1.300e1
667	1.200e1
668	1.500e1
669	1.100e1
670	1.600e1
671	1.100e1
672	1.100e1
673	1.300e1
674	1.400e1
675	1.300e1
676	1.100e1
677	1.000e1
678	1.100e1
679	1.400e1
680	8.000e0
681	1.100e1
682	1.200e1
683	1.400e1
684	1.000e1
685	1.300e1
686	1.600e1
687	1.400e1
688	1.100e1
689	1.200e1
690	1.300e1
691	1.300e1
692	1.300e1
693	1.400e1
694	1.200e1
695	1.000e1
696	1.000e1
697	1.200e1
698	1.400e1
699	1.700e1
700	1.200e1
701	8.000e0
702	1.700e1
703	1.300e1
704	1.300e1
705	1.000e1
706	1.200e1
707	1.100e1
708	1.500e1
709	1.500e1
710	1.200e1
711	1.000e1
712	7.000e0
713	1.000e1
714	1.200e1
715	1.500e1
716	9.000e0
717	1.000e1
718	1.000e1
719	1.200e1
720	1.000e1
721	1.100e1
722	8.000e0
723	1.200e1
724	8.000e0
725	9.000e0
726	1.200e1
727	1.300e1
728	1.000e1
729	1.400e1
730	1.400e1
731	1.100e1
732	9.000e0
733	8.000e0
734	1.200e1
735	1.000e1
736	1.000e1
737	1.300e1
738	1.300e1
739	1.300e1
740	1.400e1
741	1.100e1
742	1.300e1
743	1.300e1
744	1.200e1
745	1.000e1
746	1.100e1
747	1.000e1
748	7.000e0
749	1.000e1
750	9.000e0
751	8.000e0
752	1.000e1
753	1.200e1
754	1.200e1
755	1.300e1
756	1.300e1
757	9.000e0
758	1.100e1
759	1.200e1
760	1.000e1
761	1.100e1
762	1.000e1
763	1.000e1
764	1.400e1
765	9.000e0
766	1.400e1
767	1.200e1
768	1.100e1
769	8.000e0
770	1.200e1
771	1.200e1
772	1.300e1
773	6.000e0
774	1.200e1
775	1.000e1
776	1.200e1
777	1.400e1
778	1.400e1
779	1.000e1
780	1.000e1
781	1.000e1
782	9.000e0
783	1.000e1
784	8.000e0
785	1.100e1
786	9.000e0
787	8.000e0
788	8.000e0
789	1.100e1
790	1.000e1
791	1.000e1
792	1.200e1
793	7.000e0
794	1.300e1
795	1.000e1
796	1.200e1
797	1.000e1
798	9.000e0
799	1.100e1
800	1.400e1
801	1.000e1
802	1.000e1
803	1.200e1
804	7.000e0
805	1.100e1
806	9.000e0
807	1.100e1
808	7.000e0
809	1.000e1
810	1.500e1
811	1.400e1
812	1.000e1
813	1.200e1
814	1.100e1
815	9.000e0
816	1.000e1
817	1.200e1
818	1.000e1
819	1.000e1
820	1.100e1
821	1.100e1
822	1.400e1
823	1.000e1
824	8.000e0
825	1.300e1
826	9.000e0
827	1.000e1
828	1.100e1
829	9.000e0
830	1.200e1
831	8.000e0
832	7.000e0
833	1.100e1
834	1.400e1
835	9.000e0
836	6.000e0
837	9.000e0
838	1.000e1
839	1.200e1
840	1.400e1
841	9.000e0
842	9.000e0
843	1.100e1
844	1.100e1
845	1.400e1
846	9.000e0
847	9.000e0
848	1.000e1
849	1.400e1
850	1.100e1
851	8.000e0
852	1.300e1
853	1.000e1
854	1.000e1
855	1.100e1
856	1.000e1
857	1.200e1
858	9.000e0
859	1.100e1
860	1.100e1
861	7.000e0
862	1.100e1
863	1.000e1
864	9.000e0
865	9.000e0
866	1.100e1
867	9.000e0
868	1.200e1
869	8.000e0
870	1.200e1
871	8.000e0
872	9.000e0
873	1.000e1
874	1.100e1
875	1.300e1
876	8.000e0
877	1.000e1
878	9.000e0
879	9.000e0
880	1.100e1
881	8.000e0
882	1.000e1
883	8.000e0
884	9.000e0
885	1.100e1
886	1.100e1
887	1.100e1
888	1.300e1
889	9.000e0
890	1.100e1
891	1.000e1
892	8.000e0
893	8.000e0
894	1.300e1
895	1.000e1
896	9.000e0
897	1.000e1
898	1.000e1
899	1.200e1
900	8.000e0
901	1.200e1
902	8.000e0
903	8.000e0
904	1.200e1
905	1.400e1
906	1.000e1
907	1.100e1
908	1.100e1
909	1.100e1
910	9.000e0
911	1.300e1
912	1.000e1
913	1.100e1
914	1.000e1
915	1.100e1
916	9.000e0
917	8.000e0
918	9.000e0
919	1.100e1
920	8.000e0
921	7.000e0
922	9.000e0
923	1.100e1
924	1.200e1
925	1.100e1
926	7.000e0
927	1.300e1
928	9.000e0
929	9.000e0
930	1.100e1
931	9.000e0
932	1.300e1
933	8.000e0
934	1.000e1
935	8.000e0
936	8.000e0
937	6.000e0
938	1.000e1
939	1.000e1
940	1.000e1
941	1.000e1
942	1.000e1
943	9.000e0
944	9.000e0
945	1.200e1
946	1.300e1
947	1.000e1
948	1.400e1
949	1.100e1
950	1.100e1
951	1.100e1
952	8.000e0
953	6.000e0
954	1.000e1
955	1.100e1
956	8.000e0
957	1.000e1
958	1.000e1
959	1.000e1
960	8.000e0
961	9.000e0
962	7.000e0
963	8.000e0
964	1.100e1
965	8.000e0
966	9.000e0
967	1.000e1
968	1.200e1
969	9.000e0
970	1.300e1
971	9.000e0
972	1.000e1
973	1.000e1
974	9.000e0
975	7.000e0
976	7.000e0
977	1.100e1
978	1.100e1
979	1.100e1
980	8.000e0
981	1.000e1
982	1.200e1
983	9.000e0
984	8.000e0
985	8.000e0
986	9.000e0
987	9.000e0
988	8.000e0
989	9.000e0
990	1.200e1
991	5.000e0
992	7.000e0
993	1.100e1
994	1.100e1
995	1.000e1
996	1.100e1
997	1.000e1
