52	6.020e2
53	1.958e3
54	1.065e4
55	6.995e4
56	9.219e4
57	4.250e4
58	1.052e5
59	5.318e4
60	9.092e4
61	1.332e4
62	4.499e3
63	2.955e3
64	3.725e3
65	1.082e3
66	7.452e3
67	6.945e4
68	9.040e4
69	7.690e4
70	1.737e5
71	8.721e4
72	7.341e4
73	1.534e4
74	2.923e4
75	1.616e3
76	7.300e2
77	7.840e2
78	6.966e3
79	8.963e3
80	2.433e4
81	1.047e5
82	9.290e4
83	1.858e5
84	1.629e5
85	1.107e5
86	6.735e4
87	1.362e4
88	3.413e3
89	7.016e3
90	2.104e3
91	1.823e4
92	8.226e4
93	3.157e4
94	1.012e5
95	1.036e5
96	1.486e5
97	1.128e5
98	2.659e5
99	3.426e4
100	2.107e4
101	8.264e3
102	1.129e4
103	4.605e3
104	1.706e4
105	1.100e4
106	3.808e4
107	4.808e4
108	1.382e5
109	1.044e5
110	1.288e5
111	7.453e4
112	7.602e4
113	2.052e4
114	1.732e4
115	7.439e3
116	7.180e3
117	7.820e4
118	2.430e4
119	7.183e4
120	5.524e4
121	4.594e4
122	6.442e4
123	7.233e4
124	1.101e5
125	7.926e4
126	1.057e5
127	1.524e4
128	1.659e4
129	2.138e4
130	1.668e4
131	7.272e4
132	4.004e4
133	4.842e4
134	4.716e4
135	9.843e4
136	7.911e4
137	6.963e4
138	1.065e5
139	5.253e4
140	2.644e4
141	9.782e3
142	8.265e3
143	2.439e4
144	1.981e4
145	4.630e4
146	3.703e4
147	5.087e4
148	4.536e4
149	6.178e4
150	7.393e4
151	7.389e4
152	8.925e4
153	5.213e4
154	1.081e5
155	1.473e4
156	1.678e4
157	2.499e4
158	2.765e4
159	3.545e4
160	3.497e4
161	3.889e4
162	4.287e4
163	4.323e4
164	5.434e4
165	4.534e4
166	7.372e4
167	2.892e4
168	4.202e4
169	1.635e4
170	1.785e4
171	2.245e4
172	2.587e4
173	3.261e4
174	3.506e4
175	3.262e4
176	4.810e4
177	2.994e4
178	6.316e4
179	3.395e4
180	4.780e4
181	2.406e4
182	3.360e4
183	2.125e4
184	2.132e4
185	3.069e4
186	4.172e4
187	3.211e4
188	3.201e4
189	3.355e4
190	3.894e4
191	2.467e4
192	5.849e4
193	2.858e4
194	4.922e4
195	3.033e4
196	2.539e4
197	2.190e4
198	2.195e4
199	3.528e4
200	3.503e4
201	3.134e4
202	2.555e4
203	2.220e4
204	2.357e4
205	1.821e4
206	2.385e4
207	2.261e4
208	4.896e4
209	2.428e4
210	1.986e4
211	1.347e4
212	2.004e4
213	1.808e4
214	2.033e4
215	3.104e4
216	2.405e4
217	2.040e4
218	1.594e4
219	1.124e4
220	6.875e3
221	7.085e3
222	5.374e3
223	1.082e4
224	1.639e4
225	1.882e4
226	4.210e4
227	7.924e3
228	9.701e3
229	4.294e3
230	4.523e3
231	8.700e3
232	1.576e4
233	1.992e4
234	5.049e3
235	4.674e3
236	4.725e3
237	4.242e3
238	4.859e3
239	1.430e4
240	1.724e4
241	4.186e3
242	2.058e4
243	2.969e3
244	4.261e3
245	3.366e3
246	1.644e3
247	4.400e3
248	9.130e3
249	1.372e4
250	4.267e3
251	1.963e3
252	1.557e3
253	1.590e3
254	1.388e3
255	1.802e3
256	4.843e3
257	1.912e3
258	2.178e3
259	2.417e3
260	0
261	3.146e3
262	1.440e3
263	1.766e3
264	0
265	3.758e3
266	4.026e3
267	1.647e3
268	1.340e3
269	9.790e2
270	0
271	1.858e3
272	1.254e3
273	1.775e3
274	1.751e3
275	2.428e3
276	1.831e3
277	1.414e3
278	1.078e3
279	8.460e2
280	1.111e3
281	1.306e3
282	5.448e3
283	1.724e3
284	1.483e3
285	1.079e3
286	9.860e2
287	8.110e2
288	7.870e2
289	1.379e3
290	1.281e3
291	1.129e3
292	1.600e3
293	1.590e3
294	1.217e3
295	9.460e2
296	9.890e2
297	6.630e2
298	0
299	1.947e3
300	1.251e3
301	1.359e3
302	0
303	2.420e3
304	8.890e2
305	7.160e2
306	0
307	1.528e3
308	1.056e3
309	1.015e3
310	1.382e3
311	1.156e3
312	1.177e3
313	8.460e2
314	8.900e2
315	5.930e2
316	0
317	1.588e3
318	0
319	1.763e3
320	1.153e3
321	1.028e3
322	9.650e2
323	1.065e3
324	8.390e2
325	5.570e2
326	0
327	1.535e3
328	9.740e2
329	8.360e2
330	1.031e3
331	7.550e2
332	7.550e2
333	5.260e2
334	7.330e2
335	5.740e2
336	0
337	1.518e3
338	0
339	1.808e3
340	8.730e2
341	6.590e2
342	7.120e2
343	5.160e2
344	0
345	1.104e3
346	0
347	1.258e3
348	7.600e2
349	6.500e2
350	8.330e2
351	6.370e2
352	6.420e2
353	5.140e2
354	0
355	1.145e3
356	6.580e2
357	5.850e2
358	9.710e2
359	6.260e2
360	1.153e3
361	6.140e2
362	1.001e3
363	6.040e2
364	6.800e2
365	4.630e2
366	7.130e2
367	4.860e2
368	8.070e2
369	0
370	1.037e3
371	0
372	1.029e3
373	3.800e2
374	6.740e2
375	4.300e2
376	1.565e3
377	7.950e2
378	5.635e3
379	7.960e2
380	5.850e2
381	3.190e2
382	3.350e2
383	2.380e2
384	3.150e2
385	2.560e2
386	0
387	9.520e2
388	3.250e2
389	3.640e2
390	4.030e2
391	4.010e2
392	0
393	9.600e2
394	4.820e2
395	3.160e2
396	5.140e2
397	0
398	6.680e2
399	3.110e2
400	0
401	6.320e2
402	0
403	5.720e2
404	3.010e2
405	2.380e2
406	3.000e2
407	2.550e2
408	3.250e2
409	2.640e2
410	0
411	5.520e2
412	0
413	5.110e2
414	0
415	5.020e2
416	0
417	4.960e2
418	2.500e2
419	2.410e2
420	2.280e2
421	2.240e2
422	2.250e2
423	2.240e2
424	0
425	4.270e2
426	2.450e2
427	2.060e2
428	0
429	4.470e2
430	2.230e2
431	1.990e2
432	1.870e2
433	2.090e2
434	2.010e2
435	1.750e2
436	1.820e2
437	0
438	3.560e2
439	3.000e0
440	3.250e2
441	1.770e2
442	1.710e2
443	1.720e2
444	1.580e2
445	1.660e2
446	1.610e2
447	1.580e2
448	1.440e2
449	1.630e2
450	0
451	3.050e2
452	1.480e2
453	1.520e2
454	1.320e2
455	1.530e2
456	0
457	2.720e2
458	1.310e2
459	1.490e2
460	0
461	2.420e2
462	1.410e2
463	1.140e2
464	1.560e2
465	0
466	2.250e2
467	1.360e2
468	1.300e2
469	0
470	2.350e2
471	1.210e2
472	0
473	2.400e2
474	1.210e2
475	0
476	2.010e2
477	1.180e2
478	1.000e2
479	1.070e2
480	0
481	2.100e2
482	9.500e1
483	0
484	1.970e2
485	1.050e2
486	0
487	1.880e2
488	1.000e1
489	1.800e2
490	9.400e1
491	8.800e1
492	0
493	1.830e2
494	0
495	1.720e2
496	0
497	1.690e2
498	7.400e1
499	0
500	1.620e2
501	0
502	1.510e2
503	1.070e2
504	0
505	1.700e2
506	8.400e1
507	0
508	1.500e2
509	0
510	1.510e2
511	6.300e1
512	0
513	1.360e2
514	0
515	6.700e1
516	1.280e2
517	7.200e1
518	0
519	1.370e2
520	0
521	7.000e1
522	1.280e2
523	0
524	6.100e1
525	1.150e2
526	0
527	1.270e2
528	0
529	1.300e2
530	0
531	1.160e2
532	5.800e1
533	0
534	5.300e1
535	1.260e2
536	0
537	6.800e1
538	1.040e2
539	0
540	1.080e2
541	6.000e0
542	1.030e2
543	3.000e0
544	1.050e2
545	5.000e0
546	1.030e2
547	0
548	5.900e1
549	1.060e2
550	0
551	1.090e2
552	0
553	8.800e1
554	0
555	5.300e1
556	8.500e1
557	3.000e0
558	9.200e1
559	0
560	5.100e1
561	9.200e1
562	0
563	5.100e1
564	1.010e2
565	8.000e0
566	1.080e2
567	0
568	4.300e1
569	8.400e1
570	4.200e1
571	0
572	8.300e1
573	0
574	9.300e1
575	3.000e0
576	8.900e1
577	0
578	9.000e1
579	0
580	8.800e1
581	3.800e1
582	0
583	8.200e1
584	2.000e0
585	8.100e1
586	1.100e1
587	8.000e1
588	1.300e1
589	7.900e1
590	2.000e0
591	7.800e1
592	0
593	8.900e1
594	3.000e0
595	8.100e1
596	4.000e0
597	7.000e1
598	7.000e0
599	6.600e1
600	5.000e0
601	6.900e1
602	0
603	8.700e1
604	7.000e0
605	9.000e1
606	0
607	8.100e1
608	4.100e1
609	0
610	6.800e1
611	0
612	8.900e1
613	0
614	7.500e1
615	9.000e0
616	6.600e1
617	2.000e0
618	7.800e1
619	0
620	3.200e1
621	9.900e1
622	0
623	5.500e1
624	7.300e1
625	5.000e0
626	6.700e1
627	3.000e0
628	4.900e1
629	0
630	3.400e1
631	8.000e1
632	0
633	8.500e1
634	0
635	6.900e1
636	0
637	6.300e1
638	0
639	6.000e1
640	0
641	4.900e1
642	5.000e0
643	6.800e1
644	0
645	5.500e1
646	1.000e1
647	7.800e1
648	0
649	3.800e1
650	8.500e1
651	2.000e0
652	5.800e1
653	0
654	7.100e1
655	0
656	4.700e1
657	0
658	4.500e1
659	6.200e1
660	2.000e0
661	7.100e1
662	0
663	6.500e1
664	0
665	3.500e1
666	4.900e1
667	2.900e1
668	5.000e1
669	0
670	5.600e1
671	5.000e0
672	6.300e1
673	0
674	3.400e1
675	6.100e1
676	2.000e0
677	6.700e1
678	0
679	6.000e1
680	0
681	4.300e1
682	3.400e1
683	0
684	5.900e1
685	4.300e1
686	0
687	5.900e1
688	0
689	2.000e1
690	6.800e1
691	0
692	4.500e1
693	6.300e1
694	0
695	4.800e1
696	8.000e0
697	4.900e1
698	0
699	5.900e1
700	0
701	3.700e1
702	5.200e1
703	0
704	6.000e1
705	0
706	3.600e1
707	7.000e0
708	4.600e1
709	0
710	5.600e1
711	4.000e0
712	3.700e1
713	1.800e1
714	0
715	5.000e1
716	5.800e1
717	0
718	2.800e1
719	4.600e1
720	0
721	6.600e1
722	5.000e0
723	6.000e1
724	3.000e0
725	4.700e1
726	0
727	5.300e1
728	2.000e0
729	5.600e1
730	0
731	5.300e1
732	0
733	5.500e1
734	0
735	1.500e1
736	4.800e1
737	0
738	5.300e1
739	0
740	3.700e1
741	2.400e1
742	4.100e1
743	0
744	5.500e1
745	0
746	5.400e1
747	0
748	3.100e1
749	5.800e1
750	0
751	3.600e1
752	4.700e1
753	0
754	4.200e1
755	0
756	4.100e1
757	5.500e1
758	0
759	4.400e1
760	3.000e0
761	5.600e1
762	0
763	3.800e1
764	3.700e1
765	0
766	2.000e1
767	4.600e1
768	3.000e0
769	6.100e1
770	0
771	4.200e1
772	0
773	5.300e1
774	3.000e0
775	4.900e1
776	0
777	2.200e1
778	4.100e1
779	0
780	4.200e1
781	3.000e0
782	4.700e1
783	3.600e1
784	0
785	5.600e1
786	0
787	3.800e1
788	5.500e1
789	0
790	1.800e1
791	5.500e1
792	2.100e1
793	0
794	5.800e1
795	3.300e1
796	0
797	4.900e1
798	7.000e0
799	5.100e1
800	0
801	3.500e1
802	2.300e1
803	0
804	5.300e1
805	0
806	3.800e1
807	3.000e0
808	4.800e1
809	2.000e1
810	0
811	5.800e1
812	0
813	4.500e1
814	0
815	5.300e1
816	3.100e1
817	0
818	6.100e1
819	0
820	3.900e1
821	2.600e1
822	0
823	4.200e1
824	8.000e0
825	4.600e1
826	0
827	5.700e1
828	0
829	5.100e1
830	0
831	5.500e1
832	7.000e0
833	5.000e1
834	6.000e0
835	2.900e1
836	4.200e1
837	0
838	4.900e1
839	0
840	3.400e1
841	1.100e1
842	5.400e1
843	0
844	3.900e1
845	0
846	4.300e1
847	5.300e1
848	0
849	1.800e1
850	4.700e1
851	2.000e1
852	0
853	4.300e1
854	1.900e1
855	0
856	5.100e1
857	1.100e1
858	5.000e1
859	0
860	4.500e1
861	0
862	4.200e1
863	1.900e1
864	0
865	3.900e1
866	1.600e1
867	5.400e1
868	0
869	4.900e1
870	2.000e0
871	4.500e1
872	0
873	4.700e1
874	0
875	3.000e1
876	4.200e1
877	0
878	45
879	0
880	1.700e1
881	3.900e1
882	0
883	4.100e1
884	3.000e1
885	0
886	4.600e1
887	5.000e0
888	4.800e1
889	0
890	1.400e1
891	4.100e1
892	0
893	5.300e1
894	3.000e0
895	5.100e1
896	3.000e0
897	4.400e1
898	6.000e0
899	4.500e1
900	0
901	3.800e1
902	0
903	5.500e1
904	2.000e0
905	4.800e1
906	1.400e1
907	0
908	5.300e1
909	0
910	4.500e1
911	1.900e1
912	4.300e1
913	0
914	4.800e1
915	0
916	4.300e1
917	2.900e1
918	0
919	4.500e1
920	2.000e0
921	4.300e1
922	0
923	3.400e1
924	5.900e1
925	0
926	3.500e1
927	0
928	3.500e1
929	3.000e1
930	0
931	4.100e1
932	0
933	4.200e1
934	0
935	3.300e1
936	0
937	5.200e1
938	2.000e0
939	4.000e1
940	3.000e0
941	4.500e1
942	2.100e1
943	0
944	5.000e1
945	4.200e1
946	0
947	4.200e1
948	2.000e0
949	3.600e1
950	0
951	4.600e1
952	4.000e0
953	5.000e1
954	0
955	2.500e1
956	4.500e1
957	0
958	4.400e1
959	0
960	4.600e1
961	0
962	2.800e1
963	3.000e1
964	9.000e0
965	4.600e1
966	0
967	5.000e1
968	0
969	5.600e1
970	0
971	2.700e1
972	4.700e1
973	0
974	1.700e1
975	4.300e1
976	2.200e1
977	4.500e1
978	0
979	3.500e1
980	0
981	3.600e1
982	4.500e1
983	0
984	3.800e1
985	1.200e1
986	0
987	4.700e1
988	4.100e1
989	6.000e0
990	5.100e1
991	0
992	4.900e1
993	0
994	4.200e1
995	0
996	4.700e1
