52	9.000e2
53	2.720e3
54	2.039e4
55	7.558e4
56	1.385e5
57	6.331e4
58	1.072e5
59	9.439e4
60	9.104e4
61	1.051e4
62	5.096e3
63	2.308e3
64	2.422e3
65	1.321e3
66	9.190e3
67	1.189e5
68	1.034e5
69	8.942e4
70	1.858e5
71	1.132e5
72	6.436e4
73	1.538e4
74	4.043e4
75	1.828e3
76	1.114e3
77	8.090e2
78	1.316e4
79	1.263e4
80	2.796e4
81	1.216e5
82	1.343e5
83	2.603e5
84	1.417e5
85	1.071e5
86	7.978e4
87	1.301e4
88	3.678e3
89	5.965e3
90	1.720e3
91	1.946e4
92	1.232e5
93	4.340e4
94	1.201e5
95	1.202e5
96	1.620e5
97	1.423e5
98	2.543e5
99	3.471e4
100	2.111e4
101	7.496e3
102	1.133e4
103	5.485e3
104	2.631e4
105	1.325e4
106	4.253e4
107	5.724e4
108	1.416e5
109	1.127e5
110	1.606e5
111	8.317e4
112	8.445e4
113	2.041e4
114	1.497e4
115	6.027e3
116	8.253e3
117	1.008e5
118	3.028e4
119	8.223e4
120	6.061e4
121	5.038e4
122	6.873e4
123	7.237e4
124	1.289e5
125	9.079e4
126	1.363e5
127	1.747e4
128	2.011e4
129	2.718e4
130	1.627e4
131	9.473e4
132	4.579e4
133	5.188e4
134	4.745e4
135	9.947e4
136	8.204e4
137	6.925e4
138	1.106e5
139	5.097e4
140	2.466e4
141	1.021e4
142	9.330e3
143	2.917e4
144	1.906e4
145	4.700e4
146	3.740e4
147	5.510e4
148	4.636e4
149	5.857e4
150	7.601e4
151	7.698e4
152	9.710e4
153	5.349e4
154	1.048e5
155	1.419e4
156	1.950e4
157	2.642e4
158	2.979e4
159	3.657e4
160	3.324e4
161	4.082e4
162	4.397e4
163	3.816e4
164	5.540e4
165	4.462e4
166	7.389e4
167	3.042e4
168	3.849e4
169	1.814e4
170	1.830e4
171	2.377e4
172	2.634e4
173	3.068e4
174	3.486e4
175	2.972e4
176	4.437e4
177	2.851e4
178	6.293e4
179	2.872e4
180	4.563e4
181	2.245e4
182	2.926e4
183	2.175e4
184	2.094e4
185	2.896e4
186	4.241e4
187	3.098e4
188	2.873e4
189	3.183e4
190	3.492e4
191	2.136e4
192	5.896e4
193	2.744e4
194	4.953e4
195	2.911e4
196	2.269e4
197	1.795e4
198	2.011e4
199	3.717e4
200	3.132e4
201	3.014e4
202	2.097e4
203	1.880e4
204	1.967e4
205	1.616e4
206	2.646e4
207	2.380e4
208	5.245e4
209	2.120e4
210	1.928e4
211	1.380e4
212	1.020e4
213	8.664e3
214	8.868e3
215	2.904e4
216	1.424e4
217	1.573e4
218	1.366e4
219	3.931e3
220	4.244e3
221	3.522e3
222	3.988e3
223	7.191e3
224	1.204e4
225	4.196e3
226	3.806e4
227	3.508e3
228	9.596e3
229	2.827e3
230	3.796e3
231	3.235e3
232	1.065e4
233	1.272e4
234	4.246e3
235	3.235e3
236	3.671e3
237	2.925e3
238	3.615e3
239	3.481e3
240	1.377e4
241	2.870e3
242	8.644e3
243	2.323e3
244	4.078e3
245	2.495e3
246	2.249e3
247	3.191e3
248	7.588e3
249	3.467e3
250	3.133e3
251	2.415e3
252	2.172e3
253	2.105e3
254	1.866e3
255	2.090e3
256	2.421e3
257	2.189e3
258	2.507e3
259	2.569e3
260	2.046e3
261	0
262	3.926e3
263	1.743e3
264	0
265	4.501e3
266	2.279e3
267	1.556e3
268	1.421e3
269	9.490e2
270	9.850e2
271	8.350e2
272	1.210e3
273	1.481e3
274	1.573e3
275	2.348e3
276	2.001e3
277	1.225e3
278	1.032e3
279	7.880e2
280	9.890e2
281	1.109e3
282	1.815e3
283	1.378e3
284	1.340e3
285	1.060e3
286	1.033e3
287	8.310e2
288	8.270e2
289	1.271e3
290	1.039e3
291	9.650e2
292	1.269e3
293	1.238e3
294	1.216e3
295	9.660e2
296	1.017e3
297	6.510e2
298	8.710e2
299	7.620e2
300	9.890e2
301	1.074e3
302	1.153e3
303	1.011e3
304	8.580e2
305	7.300e2
306	7.140e2
307	6.720e2
308	9.060e2
309	7.950e2
310	1.131e3
311	9.040e2
312	1.066e3
313	7.640e2
314	8.660e2
315	5.770e2
316	7.720e2
317	5.610e2
318	7.500e2
319	7.020e2
320	8.500e2
321	9.490e2
322	0
323	2.015e3
324	7.990e2
325	5.050e2
326	6.590e2
327	5.370e2
328	0
329	1.305e3
330	9.000e2
331	5.600e2
332	7.360e2
333	5.200e2
334	6.270e2
335	5.020e2
336	0
337	1.228e3
338	7.280e2
339	6.060e2
340	0
341	1.235e3
342	6.810e2
343	4.870e2
344	6.270e2
345	4.300e2
346	6.130e2
347	4.600e2
348	5.930e2
349	5.170e2
350	6.040e2
351	5.550e2
352	5.270e2
353	4.730e2
354	5.340e2
355	4.590e2
356	6.520e2
357	4.590e2
358	1.302e3
359	5.860e2
360	1.725e3
361	6.690e2
362	1.069e3
363	6.210e2
364	7.510e2
365	4.180e2
366	6.340e2
367	3.620e2
368	0
369	1.511e3
370	4.180e2
371	3.440e2
372	5.670e2
373	3.320e2
374	7.530e2
375	3.810e2
376	1.662e3
377	6.690e2
378	4.902e3
379	8.100e2
380	5.580e2
381	2.840e2
382	2.790e2
383	2.020e2
384	2.810e2
385	1.980e2
386	4.680e2
387	2.590e2
388	0
389	4.670e2
390	3.140e2
391	2.450e2
392	0
393	6.930e2
394	3.510e2
395	2.010e2
396	3.050e2
397	2.030e2
398	0
399	3.990e2
400	0
401	3.990e2
402	0
403	3.630e2
404	1.870e2
405	1.630e2
406	0
407	3.480e2
408	2.090e2
409	1.680e2
410	0
411	3.370e2
412	1.660e2
413	1.430e2
414	0
415	2.950e2
416	1.810e2
417	1.160e2
418	1.390e2
419	1.350e2
420	1.460e2
421	1.260e2
422	1.450e2
423	1.180e2
424	0
425	2.420e2
426	1.420e2
427	1.160e2
428	0
429	2.550e2
430	0
431	2.380e2
432	1.370e2
433	0
434	2.010e2
435	0
436	2.250e2
437	9.000e1
438	1.320e2
439	0
440	1.880e2
441	3.000e0
442	1.960e2
443	9.300e1
444	0
445	1.780e2
446	3.000e0
447	1.750e2
448	9.200e1
449	0
450	1.680e2
451	0
452	1.810e2
453	0
454	1.610e2
455	9.600e1
456	0
457	1.540e2
458	0
459	1.620e2
460	0
461	1.490e2
462	2.000e0
463	1.420e2
464	0
465	1.430e2
466	7.900e1
467	0
468	1.480e2
469	4.000e0
470	1.410e2
471	3.000e0
472	1.330e2
473	3.000e0
474	1.430e2
475	5.400e1
476	0
477	1.310e2
478	6.400e1
479	0
480	1.370e2
481	2.000e0
482	1.160e2
483	0
484	1.230e2
485	5.000e0
486	1.150e2
487	0
488	1.310e2
489	0
490	1.170e2
491	6.300e1
492	0
493	1.190e2
494	0
495	1.180e2
496	0
497	1.170e2
498	6.000e0
499	1.120e2
500	6.100e1
501	0
502	1.060e2
503	8.300e1
504	0
505	1.080e2
506	5.800e1
507	0
508	1.140e2
509	4.000e0
510	9.700e1
511	0
512	9.900e1
513	7.000e0
514	9.600e1
515	0
516	9.900e1
517	5.000e1
518	0
519	1.070e2
520	0
521	1.020e2
522	0
523	8.900e1
524	0
525	9.000e1
526	0
527	1.110e2
528	0
529	9.600e1
530	3.000e0
531	9.300e1
532	7.000e0
533	9.100e1
534	7.000e0
535	8.600e1
536	0
537	8.900e1
538	3.700e1
539	0
540	9.100e1
541	5.200e1
542	0
543	7.300e1
544	0
545	8.300e1
546	3.000e0
547	8.600e1
548	0
549	8.900e1
550	1.700e1
551	7.900e1
552	0
553	7.100e1
554	7.000e0
555	8.300e1
556	0
557	8.000e1
558	0
559	7.700e1
560	3.000e0
561	5.900e1
562	6.000e0
563	8.100e1
564	0
565	9.100e1
566	3.000e0
567	7.900e1
568	7.000e0
569	6.100e1
570	0
571	7.000e1
572	9.000e0
573	7.700e1
574	0
575	7.700e1
576	5.300e1
577	0
578	8.100e1
579	3.000e0
580	7.000e1
581	0
582	6.600e1
583	9.000e0
584	8.000e1
585	3.200e1
586	0
587	7.500e1
588	0
589	7.300e1
590	4.400e1
591	0
592	5.500e1
593	0
594	8.800e1
595	0
596	6.900e1
597	2.200e1
598	5.900e1
599	0
600	7.100e1
601	3.000e1
602	0
603	8.400e1
604	0
605	7.500e1
606	4.400e1
607	0
608	6.900e1
609	3.900e1
610	0
611	7.400e1
612	0
613	7.200e1
614	3.000e0
615	6.200e1
616	3.100e1
617	0
618	6.800e1
619	3.100e1
620	0
621	6.800e1
622	0
623	5.700e1
624	3.000e0
625	7.000e1
626	0
627	5.500e1
628	3.000e0
629	7.000e1
630	3.500e1
631	0
632	7.400e1
633	0
634	7.300e1
635	0
636	7.100e1
637	7.000e0
638	5.600e1
639	0
640	6.100e1
641	4.900e1
642	0
643	4.700e1
644	3.000e0
645	6.500e1
646	2.200e1
647	0
648	7.300e1
649	0
650	2.900e1
651	6.300e1
652	0
653	6.000e1
654	3.300e1
655	0
656	6.000e1
657	3.000e0
658	4.900e1
659	0
660	5.800e1
661	4.900e1
662	0
663	3.400e1
664	6.100e1
665	0
666	4.400e1
667	4.000e0
668	5.400e1
669	0
670	5.000e1
671	3.700e1
672	0
673	6.300e1
674	3.300e1
675	0
676	5.800e1
677	3.000e0
678	6.100e1
679	0
680	3.800e1
681	5.300e1
682	1.600e1
683	5.900e1
684	0
685	4.400e1
686	0
687	5.700e1
688	5.000e0
689	5.100e1
690	1.200e1
691	0
692	6.400e1
693	6.000e0
694	6.900e1
695	3.000e0
696	6.400e1
697	0
698	4.300e1
699	4.600e1
700	0
701	6.400e1
702	0
703	5.000e1
704	5.300e1
705	0
706	1.300e1
707	6.200e1
708	4.200e1
709	0
710	5.400e1
711	0
712	5.900e1
713	9.000e0
714	5.700e1
715	0
716	0
717	6.200e1
718	0
719	3.900e1
720	0
721	6.800e1
722	1.300e1
723	5.700e1
724	1.600e1
725	5.200e1
726	0
727	2.300e1
728	5.000e1
729	1.900e1
730	0
731	4.900e1
732	0
733	6.100e1
734	1.900e1
735	4.800e1
736	0
737	4.800e1
738	2.300e1
739	0
740	5.900e1
741	7.000e0
742	5.200e1
743	4.100e1
744	0
745	5.700e1
746	0
747	4.800e1
748	0
749	5.000e1
750	1.300e1
751	5.900e1
752	1.200e1
753	5.700e1
754	0
755	1.600e1
756	4.100e1
757	5.200e1
758	0
759	5.400e1
760	0
761	4.700e1
762	5.000e1
763	0
764	3.100e1
765	6.300e1
766	6.000e0
767	0
768	5.800e1
769	0
770	5.600e1
771	4.400e1
772	0
773	1.600e1
774	5.100e1
775	1.000e1
776	6.100e1
777	0
778	4.700e1
779	0
780	3.000e1
781	5.100e1
782	3.000e0
783	4.600e1
784	0
785	4.400e1
786	2.200e1
787	4.100e1
788	0
789	4.400e1
790	3.400e1
791	0
792	5.000e1
793	0
794	3.100e1
795	2.100e1
796	3.400e1
797	0
798	5.400e1
799	2.600e1
800	0
801	5.100e1
802	0
803	4.600e1
804	0
805	5.100e1
806	5.000e0
807	5.200e1
808	0
809	2.800e1
810	7.500e1
811	0
812	3.200e1
813	2.000e1
814	0
815	5.500e1
816	7.000e0
817	5.000e1
818	0
819	3.800e1
820	4.800e1
821	0
822	3.200e1
823	4.700e1
824	0
825	3.100e1
826	5.600e1
827	0
828	3.500e1
829	4.600e1
830	1.500e1
831	0
832	4.900e1
833	6.000e0
834	3.200e1
835	4.500e1
836	0
837	5.100e1
838	1.300e1
839	0
840	6.100e1
841	0
842	3.800e1
843	5.500e1
844	0
845	2.800e1
846	1.400e1
847	5.300e1
848	0
849	4.100e1
850	2.200e1
851	5.500e1
852	0
853	2.300e1
854	5.100e1
855	0
856	4.500e1
857	3.400e1
858	0
859	3.100e1
860	6.000e1
861	1.200e1
862	0
863	4.900e1
864	9.000e0
865	4.100e1
866	5.100e1
867	0
868	4.700e1
869	0
870	3.900e1
871	9.000e0
872	4.900e1
873	0
874	5.700e1
875	0
876	1.900e1
877	5.100e1
878	6.000e0
879	3.400e1
880	0
881	4.700e1
882	0
883	3.900e1
884	5.800e1
885	0
886	2.000e1
887	4.800e1
888	0
889	4.800e1
890	0
891	3.300e1
892	0
893	4.900e1
894	4.600e1
895	0
896	3.300e1
897	5.400e1
898	0
899	2.800e1
900	5.700e1
901	6.000e0
902	0
903	4.700e1
904	3.000e0
905	5.600e1
906	0
907	3.800e1
908	4.300e1
909	0
910	2.500e1
911	4.400e1
912	9.000e0
913	0
914	4.200e1
915	3.000e0
916	3.000e1
917	5.300e1
918	0
919	4.100e1
920	0
921	2.100e1
922	4.400e1
923	8.000e0
924	4.900e1
925	0
926	2.100e1
927	4.400e1
928	0
929	4.600e1
930	0
931	2.800e1
932	4.700e1
933	0
934	4.100e1
935	4.900e1
936	3.000e0
937	5.000e1
938	0
939	1.800e1
940	1.800e1
941	4.100e1
942	0
943	4.500e1
944	3.400e1
945	0
946	3.400e1
947	0
948	3.800e1
949	3.100e1
950	0
951	4.500e1
952	0
953	5.400e1
954	0
955	4.800e1
956	4.100e1
957	0
958	4.800e1
959	0
960	4.800e1
961	0
962	3.400e1
963	3.900e1
964	0
965	2.300e1
966	1.600e1
967	5.600e1
968	0
969	3.200e1
970	3.000e0
971	5.300e1
972	3.000e0
973	5.000e1
974	0
975	4.000e1
976	1.300e1
977	4.300e1
978	1.500e1
979	0
980	4.500e1
981	1.300e1
982	5.800e1
983	0
984	4.100e1
985	1.500e1
986	0
987	5.200e1
988	4.900e1
989	0
990	6.000e0
991	4.200e1
992	9.000e0
993	4.900e1
994	0
995	4.500e1
996	5.000e0
997	4.400e1
