0	-1.12E+00
1	-1.25E+00
2	-1.003649
3	-0.3103005
4	0.991468
5	3.157334
6	6.103032
7	8.896602
8	10.13035
9	9.327798
10	8.255111
11	11.41119
12	25.77895
13	57.98234
14	106.3132
15	153.3601
16	173.0809
17	152.575
18	104.84
19	5.59E+01
20	2.29E+01
21	7.09E+00
22	1.59E+00
23	3.36E-01
24	5.37E-01
25	1.69E+00
26	4.19E+00
27	8.171044
28	12.58044
29	15.33874
30	14.82866
31	11.37729
32	6.931791
33	3.354146
34	1.288591
35	0.3927666
36	0.09488257
37	0.01814338
38	0.00274237
39	0.000327145
40	3.02E-05
41	-3.70E-06
42	-4.80E-05
43	-0.000303575
44	-1.50E-03
45	-5.77E-03
46	-1.74E-02
47	-4.11E-02
48	-7.60E-02
49	-1.10E-01
50	-1.24E-01
51	-1.10E-01
52	-7.60E-02
53	-4.11E-02
54	-1.74E-02
55	-5.77E-03
56	-1.50E-03
57	-3.04E-04
58	-4.81E-05
59	-3.77E-06
60	3.67E-05
61	4.90E-04
62	0.005045856
63	0.04064013
64	0.2560852
65	1.262476
66	4.869357
67	14.69366
68	34.68968
69	64.0753
70	92.60561
71	104.7602
72	92.90585
73	65.02147
74	36.90099
75	18.70096
76	10.50127
77	7.393868
78	5.445106
79	3.520591
80	1.96506
81	1.037217
82	0.5619438
83	0.2958531
84	0.1342073
85	0.04863169
86	0.01368168
87	0.002967841
88	0.0004966
89	6.42E-05
90	6.46E-06
91	7.55E-07
92	3.36E-06
93	3.43E-05
94	2.77E-04
95	1.75E-03
96	8.72E-03
97	3.45E-02
98	1.11E-01
99	3.05E-01
100	7.74E-01
101	1.94E+00
102	4.65E+00
103	9.94E+00
104	1.76E+01
105	2.51E+01
106	2.82E+01
107	2.49E+01
108	1.76E+01
109	1.11E+01
110	1.07E+01
111	2.17E+01
112	4.86E+01
113	8.91E+01
114	128.7319
115	145.5287
116	128.7211
117	89.07659
118	48.22665
119	20.42773
120	6.769591
121	1.75515
122	0.3560209
123	0.05649969
124	0.007014975
125	0.000681421
126	5.18E-05
127	3.08E-06
128	1.43E-07
129	5.21E-09
130	1.48E-10
131	3.31E-12
132	5.76E-14
133	7.86E-16
134	8.38E-18
135	7.00E-20
136	4.57E-22
137	2.33E-24
138	9.33E-27
139	2.92E-29
140	7.13E-32
141	1.37E-34
142	2.04E-37
143	2.40E-40
144	2.20E-43
145	0
146	0
147	0
148	0
149	0
150	0
151	0
152	0
153	0
154	3.08E-44
155	3.42E-41
156	2.92E-38
157	1.95E-35
158	1.02E-32
159	4.17E-30
160	1.33E-27
161	3.33E-25
162	6.53E-23
163	1.00E-20
164	1.20E-18
165	1.12E-16
166	8.23E-15
167	4.72E-13
168	2.12E-11
169	7.45E-10
170	2.05E-08
171	4.40E-07
172	7.40E-06
173	9.74E-05
174	0.00100233
175	0.008072924
176	0.05086982
177	0.2507835
178	0.9672689
179	2.918803
180	6.890835
181	12.72765
182	18.39222
183	20.79359
184	18.39222
185	12.72765
186	6.890835
187	2.918803
188	0.9672689
189	0.2507835
190	0.05086982
191	0.008072924
192	0.00100233
193	9.74E-05
194	7.44E-06
195	1.16E-06
196	9.55E-06
197	9.95E-05
198	8.26E-04
199	5.53E-03
200	3.06E-02
201	1.45E-01
202	6.06E-01
203	2.27E+00
204	7.40E+00
205	2.04E+01
206	4.60E+01
207	8.30E+01
208	1.19E+02
209	1.33E+02
210	1.18E+02
211	8.14E+01
212	4.40E+01
213	1.86E+01
214	6.18E+00
215	1.60E+00
216	3.25E-01
217	5.15E-02
218	6.40E-03
219	6.22E-04
220	4.72E-05
221	2.81E-06
222	1.31E-07
223	4.76E-09
224	1.35E-10
225	3.02E-12
226	9.08E-14
227	1.72E-12
228	6.03E-11
229	1.66E-09
230	3.56E-08
231	5.99E-07
232	7.88E-06
233	8.11E-05
234	0.00065312
235	0.004115494
236	0.02028901
237	0.07825455
238	0.2361399
239	0.5575012
240	1.029825
241	1.48877
242	1.686168
243	1.503078
244	1.075269
245	0.665071
246	0.4348564
247	0.3654421
248	0.3451509
249	0.2923366
250	0.2034855
251	0.1200944
252	0.07491988
253	0.06929848
254	0.08224951
255	0.08953479
256	0.08005906
257	0.06440887
258	0.07962085
259	0.20635
260	5.89E-01
261	1.38E+00
262	2.55E+00
263	3.69E+00
264	4.17E+00
265	3.69E+00
266	2.55E+00
267	1.38E+00
268	5.85E-01
269	1.94E-01
270	5.03E-02
271	1.02E-02
272	1.62E-03
273	2.01E-04
274	1.95E-05
275	1.48E-06
276	8.82E-08
277	4.10E-09
278	1.49E-10
279	4.25E-12
280	2.69E-13
281	7.81E-12
282	2.74E-10
283	7.54E-09
284	1.62E-07
285	2.73E-06
286	3.59E-05
287	3.69E-04
288	2.97E-03
289	0.01873794
290	0.09237631
291	0.3562942
292	1.075144
293	2.538245
294	4.688241
295	6.77479
296	7.659336
297	6.77479
298	4.688241
299	2.538245
300	1.075144
301	0.3562942
302	0.09237631
303	0.01873794
304	2.97E-03
305	3.69E-04
306	3.59E-05
307	2.73E-06
308	1.62E-07
309	7.54E-09
310	2.74E-10
311	7.81E-12
312	1.74E-13
313	3.03E-15
314	4.02E-17
315	-8.55E-17
316	-4.93E-15
317	-2.21E-13
318	-7.78E-12
319	-2.14E-10
320	-4.59E-09
321	-7.73E-08
322	-1.02E-06
323	-1.05E-05
324	-8.43E-05
325	-5.31E-04
326	-0.002619096
327	-0.01010182
328	-0.03048297
329	-7.20E-02
330	-1.33E-01
331	-1.92E-01
332	-2.17E-01
333	-1.92E-01
334	-1.33E-01
335	-7.20E-02
336	-3.05E-02
337	-1.01E-02
338	-2.62E-03
339	-5.31E-04
340	-8.43E-05
341	-1.05E-05
342	-1.02E-06
343	-7.70E-08
344	2.01E-09
345	1.42E-07
346	2.39E-06
347	3.14E-05
348	3.23E-04
349	0.002605372
350	0.0164172
351	0.08093528
352	0.3121664
353	0.9419846
354	2.223882
355	4.107681
356	5.936899
357	6.722892
358	6.033846
359	4.725943
360	5.272295
361	12.69969
362	35.7919
363	83.84301
364	154.7284
365	223.5707
366	252.7584
367	223.5681
368	1.55E+02
369	8.38E+01
370	3.55E+01
371	1.18E+01
372	3.05E+00
373	6.19E-01
374	1.00E-01
375	2.26E-02
376	4.08E-02
377	1.17E-01
378	2.63E-01
379	0.4365344
380	0.4810302
381	0.1901085
382	-0.4860128
383	-1.286791
384	-1.79665
385	-1.831975
386	-1.643978
387	-1.685851
388	-2.165199
389	-2.811497
390	-3.09593
391	-2.721591
392	-1.880683
393	-1.017694
394	-0.4298532
395	-0.136595
396	-1.28E-02
397	6.55E-02
398	1.71E-01
399	3.18E-01
400	4.60E-01
401	5.20E-01
402	4.60E-01
403	3.18E-01
404	0.1724012
405	0.07302529
406	0.02420001
407	0.006274331
408	0.001272708
409	0.000201976
410	2.51E-05
411	2.44E-06
412	1.85E-07
413	1.10E-08
414	5.12E-10
415	1.86E-11
416	-1.27E-12
417	-6.33E-11
418	-1.74E-09
419	-3.74E-08
420	-6.29E-07
421	-8.28E-06
422	-8.52E-05
423	-0.000686531
424	-0.00432603
425	-0.02132693
426	-0.08225769
427	-0.2482185
428	-0.5860048
429	-1.082375
430	-1.564096
431	-1.768312
432	-1.564096
433	-1.082375
434	-0.5860048
435	-0.2482184
436	-0.082257
437	-0.02131781
438	-0.004232135
439	6.97E-05
440	0.00468007
441	0.02348425
442	0.09060977
443	0.2734234
444	0.6455096
445	1.192283
446	1.72292
447	1.947872
448	1.72292
449	1.192283
450	0.6455097
451	0.2734248
452	0.09062511
453	0.02361096
454	0.005511546
455	0.00443512
456	0.01428327
457	0.04282659
458	0.101086
459	0.1867087
460	0.2698053
461	0.3050322
462	0.2698053
463	0.1867087
464	0.1010853
465	0.04281747
466	0.01418942
467	0.003679429
468	0.000751927
469	1.64E-04
470	3.04E-04
471	1.43E-03
472	5.49E-03
473	1.66E-02
474	3.91E-02
475	7.23E-02
476	1.04E-01
477	1.18E-01
478	1.04E-01
479	7.23E-02
480	3.91E-02
481	1.66E-02
482	5.93E-03
483	4.16E-03
484	1.38E-02
485	5.21E-02
486	1.57E-01
487	3.71E-01
488	0.6867112
489	1.00301
490	1.190341
491	1.300656
492	1.839003
493	4.15507
494	11.23176
495	28.38181
496	61.1421
497	107.8207
498	152.2821
499	170.2576