0	2.54E+01
1	28.79075
2	25.57956
3	18.14004
4	11.14484
5	7.845829
6	8.3732
7	10.52295
8	11.65339
9	10.75023
10	9.867764
11	14.73978
12	34.64568
13	78.7485
14	145.4872
15	212.734
16	246.782
17	229.9147
18	175.9183
19	114.2535
20	6.52E+01
21	33.25172
22	14.95584
23	5.877464
24	2.510039
25	2.696905
26	5.594048
27	10.65702
28	16.26262
29	19.6578
30	18.82746
31	14.30253
32	8.624893
33	4.130513
34	1.570952
35	0.4742854
36	0.1135729
37	0.02154659
38	0.003234337
39	0.000384583
40	4.90E-05
41	0.000137912
42	0.001089601
43	0.006864929
44	0.03384343
45	1.31E-01
46	3.94E-01
47	9.30E-01
48	1.72E+00
49	2.48E+00
50	2.81E+00
51	2.48E+00
52	1.72E+00
53	9.30E-01
54	3.94E-01
55	1.31E-01
56	3.38E-02
57	6.86E-03
58	1.09E-03
59	1.38E-04
60	6.35E-05
61	0.000663578
62	0.006821061
63	0.05493741
64	0.3461764
65	1.706618
66	6.582406
67	19.86291
68	46.89352
69	86.61679
70	125.1833
71	141.6171
72	125.6458
73	88.298
74	51.73373
75	31.41266
76	29.4395
77	38.95647
78	49.81297
79	53.0097
80	45.2915
81	30.72733
82	16.46613
83	6.948528
84	2.304934
85	0.6004571
86	0.1228022
87	0.01971742
88	0.002486385
89	0.000246391
90	1.92E-05
91	1.47E-06
92	3.86E-06
93	3.92E-05
94	3.16E-04
95	2.00E-03
96	9.98E-03
97	3.96E-02
98	1.29E-01
99	3.62E-01
100	9.55E-01
101	2.48E+00
102	6.14E+00
103	1.33E+01
104	2.37E+01
105	3.39E+01
106	3.81E+01
107	3.37E+01
108	2.37E+01
109	1.50E+01
110	1.45E+01
111	2.94E+01
112	6.57E+01
113	120.5068
114	174.02
115	196.726
116	174.0055
117	120.4139
118	65.19288
119	27.61424
120	9.151146
121	2.372615
122	0.4812697
123	0.07637639
124	0.009482857
125	0.000921146
126	7.00E-05
127	4.16E-06
128	1.94E-07
129	7.05E-09
130	2.01E-10
131	4.47E-12
132	7.79E-14
133	1.06E-15
134	1.13E-17
135	9.46E-20
136	6.17E-22
137	3.15E-24
138	1.26E-26
139	3.94E-29
140	9.64E-32
141	1.85E-34
142	2.76E-37
143	3.24E-40
144	2.97E-43
145	0
146	0
147	0
148	0
149	0
150	0
151	0
152	0
153	0
154	3.78E-44
155	4.13E-41
156	3.52E-38
157	2.35E-35
158	1.23E-32
159	5.02E-30
160	1.61E-27
161	4.02E-25
162	7.87E-23
163	1.20E-20
164	1.44E-18
165	1.35E-16
166	9.92E-15
167	5.69E-13
168	2.56E-11
169	8.98E-10
170	2.47E-08
171	5.30E-07
172	8.92E-06
173	1.17E-04
174	0.001208071
175	0.009729992
176	0.06131148
177	0.30226
178	1.165813
179	3.517924
180	8.305264
181	15.34016
182	22.16745
183	25.06173
184	22.16745
185	15.34016
186	8.305264
187	3.517924
188	1.165813
189	0.30226
190	0.06131148
191	0.009729992
192	0.001208071
193	0.00011735
194	8.93E-06
195	7.57E-07
196	3.10E-06
197	3.37E-05
198	3.05E-04
199	2.36E-03
200	1.61E-02
201	9.85E-02
202	5.26E-01
203	2.369948
204	8.727902
205	25.74032
206	60.09418
207	110.3997
208	159.1212
209	179.6731
210	158.8287
211	109.8801
212	59.48168
213	25.19345
214	8.348655
215	2.164521
216	0.4390559
217	0.06967693
218	0.00865104
219	0.000840345
220	6.39E-05
221	3.80E-06
222	1.77E-07
223	6.43E-09
224	1.83E-10
225	4.08E-12
226	8.29E-14
227	5.31E-13
228	1.86E-11
229	5.11E-10
230	1.10E-08
231	1.85E-07
232	2.43E-06
233	2.51E-05
234	0.000201766
235	0.001271382
236	0.0062678
237	0.02417485
238	0.07294971
239	0.1722265
240	0.3181394
241	0.4599196
242	0.5209009
243	0.4643396
244	0.3321784
245	0.2054576
246	0.1343384
247	0.1128945
248	0.106626
249	0.09031033
250	0.06286193
251	0.03710025
252	0.02314476
253	0.02140932
254	0.02542525
255	0.02782694
256	0.02608006
257	0.02839013
258	0.06646449
259	0.2252295
260	6.69E-01
261	1.58E+00
262	2.91E+00
263	4.21E+00
264	4.76E+00
265	4.21E+00
266	2.91E+00
267	1.58E+00
268	6.68E-01
269	2.21E-01
270	5.74E-02
271	1.16E-02
272	1.85E-03
273	2.29E-04
274	2.23E-05
275	1.69E-06
276	1.01E-07
277	4.68E-09
278	1.70E-10
279	4.86E-12
280	3.43E-13
281	1.06E-11
282	3.71E-10
283	1.02E-08
284	2.19E-07
285	3.68E-06
286	4.85E-05
287	4.99E-04
288	0.00401981
289	0.02532998
290	0.1248745
291	0.4816393
292	1.453381
293	3.431204
294	6.337574
295	9.158174
296	10.3539
297	9.158174
298	6.337574
299	3.431204
300	1.453381
301	0.4816393
302	0.1248745
303	0.02532998
304	0.00401981
305	4.99E-04
306	4.85E-05
307	3.68E-06
308	2.19E-07
309	1.02E-08
310	3.71E-10
311	1.06E-11
312	2.35E-13
313	4.10E-15
314	8.24E-17
315	1.95E-15
316	1.12E-13
317	5.01E-12
318	1.76E-10
319	4.83E-09
320	1.04E-07
321	1.75E-06
322	2.30E-05
323	2.37E-04
324	1.91E-03
325	1.20E-02
326	0.059226
327	0.2284339
328	0.6893158
329	1.63E+00
330	3.01E+00
331	4.34E+00
332	4.91E+00
333	4.34E+00
334	3.01E+00
335	1.63E+00
336	6.89E-01
337	2.28E-01
338	5.92E-02
339	1.20E-02
340	1.91E-03
341	2.37E-04
342	2.30E-05
343	1.75E-06
344	1.11E-07
345	1.67E-07
346	2.73E-06
347	3.59E-05
348	0.000369302
349	0.002974416
350	0.01874265
351	0.09239955
352	0.3563839
353	1.075414
354	2.538891
355	4.689542
356	6.778094
357	7.677733
358	6.909148
359	5.52531
360	6.659741
361	16.96951
362	48.31796
363	113.3221
364	209.1587
365	302.2227
366	341.6792
367	302.2198
368	209.1399
369	1.13E+02
370	4.80E+01
371	1.59E+01
372	4.12E+00
373	8.39E-01
374	1.53E-01
375	1.16E-01
376	3.96E-01
377	1.25E+00
378	3.239594
379	7.106058
380	13.65585
381	23.4377
382	35.52374
383	46.07587
384	49.81963
385	45.32013
386	38.46576
387	38.45692
388	49.02982
389	63.58755
390	70.01006
391	61.54392
392	42.52887
393	23.01886
394	9.755552
395	3.262477
396	0.960094
397	5.39E-01
398	8.99E-01
399	1.61E+00
400	2.33E+00
401	2.63E+00
402	2.33E+00
403	1.611477
404	0.8724644
405	0.3695563
406	0.1224681
407	0.03175227
408	0.006440744
409	0.001022131
410	0.000126907
411	1.23E-05
412	9.37E-07
413	5.57E-08
414	2.59E-09
415	9.52E-11
416	4.35E-11
417	1.43E-09
418	3.94E-08
419	8.46E-07
420	1.42E-05
421	0.000187237
422	0.00192753
423	0.01552462
424	0.09782513
425	0.4822689
426	1.860105
427	5.613
428	13.25141
429	24.47589
430	35.36913
431	39.98708
432	35.36913
433	24.47589
434	13.25141
435	5.613
436	1.860105
437	0.4822717
438	0.09785414
439	0.01575825
440	0.003399657
441	0.007444686
442	0.02800612
443	0.08446839
444	0.1994146
445	0.3683268
446	0.5322544
447	0.6017478
448	0.5322544
449	0.3683268
450	0.1994147
451	0.08446918
452	0.02800868
453	0.00739265
454	0.002324066
455	0.004433603
456	0.01622828
457	0.04888527
458	0.115404
459	0.2131555
460	0.3080225
461	0.3482392
462	0.3080225
463	0.2131555
464	0.1154038
465	0.04888246
466	0.01619928
467	0.00420015
468	0.000853697
469	1.49E-04
470	1.06E-04
471	4.41E-04
472	1.70E-03
473	5.12E-03
474	1.21E-02
475	2.23E-02
476	3.23E-02
477	3.65E-02
478	3.23E-02
479	2.23E-02
480	1.21E-02
481	5.18E-03
482	2.19E-03
483	3.56E-03
484	1.55E-02
485	5.94E-02
486	1.79E-01
487	4.23E-01
488	0.7839947
489	1.145249
490	1.360657
491	1.498639
492	2.186126
493	5.170718
494	14.46999
495	37.37284
496	81.53803
497	144.7688
498	205.175
499	229.7863