0	10.26882
1	11.65096
2	10.50953
3	8.059904
4	6.739042
5	8.462428
6	13.16345
7	18.39274
8	20.75017
9	18.87383
10	15.72388
11	18.79637
12	39.01071
13	86.31592
14	158.2625
15	229.4661
16	261.9181
17	236.3571
18	170.3432
19	99.89212
20	49.0945
21	20.96873
22	8.017315
23	2.90546
24	1.630728
25	2.864505
26	6.714392
27	13.19518
28	20.64184
29	25.62181
30	25.24683
31	19.75674
32	12.27811
33	6.057062
34	2.369986
35	0.7346689
36	0.180188
37	0.03491705
38	0.005338538
39	0.0006435362
40	6.627542E-5
41	5.910006E-5
42	0.0004396607
43	0.002768765
44	0.01364969
45	0.0526467
46	0.1588652
47	0.3750557
48	0.6927431
49	1.001055
50	1.131757
51	1.001055
52	0.6927431
53	0.3750557
54	0.1588652
55	0.0526467
56	0.01364969
57	0.002768758
58	0.0004395472
59	5.783405E-5
60	6.044814E-5
61	0.000726069
62	0.007470486
63	0.06016826
64	0.3791375
65	1.869113
66	7.20915
67	21.75418
68	51.35873
69	94.86597
70	137.1145
71	155.1549
72	137.7854
73	97.08375
74	56.962
75	33.18248
76	26.28761
77	28.22051
78	30.68345
79	29.06489
80	22.95715
81	14.86041
82	7.792493
83	3.281708
84	1.103382
85	0.2951188
86	0.06267896
87	0.01056396
88	0.001413
89	0.0001500521
90	1.268677E-5
91	1.366943E-6
92	6.874168E-6
93	7.032981E-5
94	0.0005669819
95	0.003581969
96	0.01778052
97	0.0698326
98	0.2208196
99	0.5849297
100	1.393978
101	3.223889
102	7.29459
103	15.06872
104	26.34293
105	37.2615
106	41.79414
107	36.92876
108	25.99503
109	16.38108
110	15.85951
111	32.17775
112	71.90168
113	131.9808
114	190.5893
115	215.4572
116	190.5734
117	131.8791
118	71.4002
119	30.24352
120	10.02247
121	2.598523
122	0.5270936
123	0.08364855
124	0.01038576
125	0.001008853
126	7.667024E-5
127	4.558638E-6
128	2.120571E-7
129	7.717559E-9
130	2.197438E-10
131	4.895111E-12
132	8.531352E-14
133	1.163276E-15
134	1.240958E-17
135	1.035716E-19
136	6.76291E-22
137	3.454905E-24
138	1.380855E-26
139	4.317868E-29
140	1.056331E-31
141	2.021809E-34
142	3.027539E-37
143	3.546897E-40
144	3.251012E-43
145	0
146	0
147	0
148	0
149	0
150	0
151	0
152	0
153	0
154	4.344025E-44
155	4.743816E-41
156	4.049145E-38
157	2.704044E-35
158	1.412777E-32
159	5.774879E-30
160	1.846807E-27
161	4.620721E-25
162	9.044972E-23
163	1.385205E-20
164	1.659704E-18
165	1.555809E-16
166	1.141015E-14
167	6.546906E-13
168	2.938936E-11
169	1.032176E-9
170	2.836132E-8
171	6.096895E-7
172	1.025417E-5
173	0.0001349278
174	0.001389031
175	0.01118747
176	0.07049549
177	0.3475363
178	1.340443
179	4.044883
180	9.549333
181	17.63801
182	25.48798
183	28.8158
184	25.48798
185	17.63801
186	9.549333
187	4.044883
188	1.340443
189	0.3475363
190	0.07049549
191	0.01118747
192	0.001389031
193	0.0001349294
194	1.028861E-5
195	1.192686E-6
196	7.800441E-6
197	8.217889E-5
198	0.0006983227
199	0.004879948
200	0.02899515
201	0.1516009
202	0.7080503
203	2.906949
204	10.134
205	29.02219
206	66.75555
207	121.7423
208	174.8469
209	197.092
210	174.0834
211	120.386
212	65.15655
213	27.59454
214	9.143934
215	2.370661
216	0.4808649
217	0.07631154
218	0.009474766
219	0.0009203588
220	6.994484E-5
221	4.158759E-6
222	1.934556E-7
223	7.040581E-9
224	2.00468E-10
225	4.466252E-12
226	1.08654E-13
227	1.384771E-12
228	4.859689E-11
229	1.335307E-9
230	2.87054E-8
231	4.827866E-7
232	6.352671E-6
233	6.539837E-5
234	0.0005267285
235	0.003319069
236	0.01636271
237	0.06311082
238	0.1904424
239	0.4496142
240	0.8305341
241	1.200665
242	1.359863
243	1.212204
244	0.8671843
245	0.5363672
246	0.3507035
247	0.2947222
248	0.2783577
249	0.235764
250	0.1641072
251	0.09685384
252	0.06042158
253	0.05588976
254	0.06635693
255	0.07245774
256	0.06657659
257	0.06461303
258	0.1266672
259	0.4073035
260	1.202143
261	2.83109
262	5.227723
263	7.554149
264	8.540423
265	7.554121
266	5.227549
267	2.830229
268	1.198822
269	0.3972802
270	0.1030027
271	0.02089344
272	0.003315741
273	0.0004116808
274	3.998988E-5
275	3.039128E-6
276	1.806997E-7
277	8.405722E-9
278	3.05916E-10
279	8.714903E-12
280	4.516745E-13
281	1.156884E-11
282	4.061874E-10
283	1.11609E-8
284	2.399283E-7
285	4.035276E-6
286	5.309753E-5
287	0.0005466192
288	0.004402555
289	0.02774177
290	0.1367644
291	0.5274984
292	1.591764
293	3.757905
294	6.941004
295	10.03017
296	11.33975
297	10.03017
298	6.941004
299	3.757905
300	1.591764
301	0.5274984
302	0.1367644
303	0.02774177
304	0.004402555
305	0.0005466192
306	5.309753E-5
307	4.035276E-6
308	2.399283E-7
309	1.11609E-8
310	4.061873E-10
311	1.156546E-11
312	2.576374E-13
313	4.4903E-15
314	7.191848E-17
315	7.848991E-16
316	4.499839E-14
317	2.019998E-12
318	7.094379E-11
319	1.949338E-9
320	4.190536E-8
321	7.047924E-7
322	9.273898E-6
323	9.54713E-5
324	0.0007689406
325	0.004845317
326	0.02388696
327	0.09213172
328	0.2780141
329	0.6563475
330	1.212301
331	1.751847
332	1.980576
333	1.751847
334	1.212301
335	0.6563475
336	0.2780141
337	0.09213172
338	0.02388696
339	0.004845317
340	0.0007689406
341	9.54713E-5
342	9.273912E-6
343	7.052848E-7
344	5.543652E-8
345	2.928317E-7
346	4.892326E-6
347	6.437396E-5
348	0.0006627057
349	0.005337534
350	0.03363334
351	0.1658093
352	0.6395243
353	1.929811
354	4.555987
355	8.415212
356	12.16205
357	13.76603
358	12.30558
359	9.330557
360	9.069203
361	19.33726
362	53.16775
363	124.1767
364	229.0868
365	331.0009
366	374.2124
367	330.9956
368	229.0531
369	124.0109
370	52.52823
371	17.40747
372	4.513422
373	0.9170723
374	0.1553732
375	0.06824491
376	0.1991761
377	0.6196809
378	1.580029
379	3.371053
380	6.237484
381	10.27798
382	15.05721
383	19.08831
384	20.36663
385	18.39428
386	15.55235
387	15.52035
388	19.77667
389	25.64638
390	28.23642
391	24.82183
392	17.15273
393	9.284246
394	3.936523
395	1.325308
396	0.4238248
397	0.3280213
398	0.6235009
399	1.132895
400	1.635282
401	1.848653
402	1.635151
403	1.131545
404	0.612626
405	0.2594946
406	0.08599451
407	0.02229577
408	0.004522554
409	0.0007177189
410	8.911164E-5
411	8.656132E-6
412	6.578438E-7
413	3.91139E-8
414	1.819493E-9
415	6.65844E-11
416	1.833399E-11
417	5.777271E-10
418	1.587319E-8
419	3.412293E-7
420	5.739024E-6
421	7.551603E-5
422	0.0007774092
423	0.006261374
424	0.03945472
425	0.1945081
426	0.7502154
427	2.263829
428	5.344544
429	9.87159
430	14.26504
431	16.12754
432	14.26504
433	9.87159
434	5.344544
435	2.263829
436	0.7502159
437	0.1945155
438	0.03953045
439	0.00687127
440	0.004620541
441	0.0190218
442	0.07308131
443	0.2205112
444	0.5205913
445	0.9615533
446	1.389502
447	1.570922
448	1.389502
449	0.9615533
450	0.5205916
451	0.2205137
452	0.0731057
453	0.0191889
454	0.00537192
455	0.008146682
456	0.02914501
457	0.08772601
458	0.2070905
459	0.3825036
460	0.5527406
461	0.6249088
462	0.5527406
463	0.3825036
464	0.2070899
465	0.08771866
466	0.02906932
467	0.007537231
468	0.001533378
469	0.0002795786
470	0.0002630401
471	0.001151186
472	0.004429045
473	0.0133643
474	0.03155099
475	0.05827596
476	0.08421226
477	0.09520738
478	0.0842123
479	0.05827678
480	0.03156172
481	0.01347474
482	0.005318413
483	0.006753828
484	0.02786803
485	0.1066282
486	0.3216906
487	0.7598577
488	1.406807
489	2.054383
490	2.433995
491	2.627439
492	3.533289
493	7.357705
494	18.55666
495	44.70624
496	93.5333
497	162.2885
498	227.2946
499	253.0641