0	23.73118
1	26.84439
2	23.817
3	16.76229
4	9.922025
5	6.201958
6	5.748243
7	6.830381
8	7.450824
9	6.724255
10	5.543084
11	6.461719
12	13.22197
13	29.33449
14	54.46378
15	81.08211
16	97.52678
17	97.11431
18	82.88692
19	62.60592
20	42.20149
21	24.84002
22	12.32947
23	5.058467
24	1.903244
25	1.323567
26	2.359103
27	4.521392
28	7.080056
29	8.817581
30	8.720349
31	6.849404
32	4.272177
33	2.114878
34	0.8301641
35	0.2580887
36	0.06346192
37	0.01232492
38	0.00188796
39	0.0002287243
40	3.388004E-5
41	0.0001277731
42	0.001016203
43	0.006402795
44	0.03156517
45	0.1217465
46	0.3673787
47	0.8673232
48	1.601981
49	2.314959
50	2.61721
51	2.314959
52	1.601981
53	0.8673232
54	0.3673787
55	0.1217465
56	0.03156517
57	0.006402793
58	0.001016159
59	0.0001272598
60	3.076025E-5
61	0.0002444311
62	0.002506794
63	0.02018966
64	0.1272209
65	0.6271872
66	2.419055
67	7.29969
68	17.23362
69	31.83289
70	46.0118
71	52.08115
72	46.34157
73	33.07948
74	20.99288
75	16.69926
76	21.82103
77	33.36142
78	44.78085
79	48.80713
80	42.39087
81	29.14625
82	15.81225
83	6.757246
84	2.273037
85	0.6018621
86	0.125501
87	0.02062618
88	0.002674764
89	0.0002740285
90	2.221984E-5
91	1.610741E-6
92	2.507089E-6
93	2.507383E-5
94	0.0002021096
95	0.001276655
96	0.006334643
97	0.0248532
98	0.07838363
99	0.2063958
100	0.4864471
101	1.1088
102	2.478264
103	5.083372
104	8.858152
105	12.51334
106	14.02845
107	12.39299
108	8.723086
109	5.496799
110	5.321722
111	10.79735
112	24.12685
113	44.28659
114	63.95288
115	72.29739
116	63.94753
117	44.25247
118	23.95858
119	10.14832
120	3.363073
121	0.8719431
122	0.176868
123	0.02806855
124	0.003484978
125	0.000338524
126	2.572695E-5
127	1.529666E-6
128	7.115647E-8
129	2.589653E-9
130	7.373575E-11
131	1.642571E-12
132	2.862724E-14
133	3.903411E-16
134	4.164074E-18
135	3.475379E-20
136	2.269317E-22
137	1.159305E-24
138	4.633504E-27
139	1.448875E-29
140	3.544554E-32
141	6.784249E-35
142	1.015901E-37
143	1.190179E-40
144	1.093013E-43
145	0
146	0
147	0
148	0
149	0
150	0
151	0
152	0
153	0
154	1.681558E-44
155	1.88811E-41
156	1.611603E-38
157	1.076238E-35
158	5.623002E-33
159	2.298463E-30
160	7.350488E-28
161	1.839096E-25
162	3.599995E-23
163	5.513264E-21
164	6.605796E-19
165	6.192285E-17
166	4.541362E-15
167	2.605738E-13
168	1.169728E-11
169	4.108168E-10
170	1.12881E-8
171	2.426628E-7
172	4.081267E-6
173	5.37027E-5
174	0.0005528491
175	0.004452732
176	0.02805795
177	0.1383231
178	0.5335105
179	1.609906
180	3.800735
181	7.020113
182	10.14448
183	11.46899
184	10.14448
185	7.020113
186	3.800735
187	1.609906
188	0.5335105
189	0.1383231
190	0.02805795
191	0.004452732
192	0.0005528492
193	5.370445E-5
194	4.118981E-6
195	8.781922E-7
196	8.407627E-6
197	8.716479E-5
198	0.0007142661
199	0.004661733
200	0.02463869
201	0.1083751
202	0.4111138
203	1.385102
204	4.157166
205	10.83193
206	23.63624
207	41.94448
208	59.42714
209	66.54455
210	58.5878
211	40.45344
212	21.8784
213	9.262465
214	3.068758
215	0.7955426
216	0.1613616
217	0.02560703
218	0.003179316
219	0.0003088307
220	2.347027E-5
221	1.395487E-6
222	6.491472E-8
223	2.362491E-9
224	6.726772E-11
225	1.499076E-12
226	6.000204E-14
227	1.521512E-12
228	5.342411E-11
229	1.467946E-9
230	3.155676E-8
231	5.307428E-7
232	6.983694E-6
233	7.189452E-5
234	0.0005790495
235	0.003648758
236	0.01798805
237	0.06937975
238	0.2093594
239	0.4942753
240	0.9130327
241	1.31993
242	1.494941
243	1.332615
244	0.9533234
245	0.5896456
246	0.3855396
247	0.3239975
248	0.3060075
249	0.2591829
250	0.1804083
251	0.1064745
252	0.06642324
253	0.06143914
254	0.07291859
255	0.07934929
256	0.07072672
257	0.05551082
258	0.06273537
259	0.1526486
260	0.4310291
261	1.009918
262	1.863803
263	2.693059
264	3.044647
265	2.693029
266	1.863611
267	1.008971
268	0.4273775
269	0.1416296
270	0.03672027
271	0.00744847
272	0.001182055
273	0.0001467634
274	1.425631E-5
275	1.083443E-6
276	6.441906E-8
277	2.996623E-9
278	1.090584E-10
279	3.106751E-12
280	1.556249E-13
281	3.882034E-12
282	1.362975E-10
283	3.745078E-9
284	8.050875E-8
285	1.35405E-6
286	1.781705E-5
287	0.0001834199
288	0.001477292
289	0.009308844
290	0.04589174
291	0.1770039
292	0.5341219
293	1.260978
294	2.329077
295	3.365656
296	3.805091
297	3.365656
298	2.329077
299	1.260978
300	0.5341219
301	0.1770039
302	0.04589174
303	0.009308844
304	0.001477292
305	0.0001834199
306	1.781705E-5
307	1.35405E-6
308	8.050875E-8
309	3.745078E-9
310	1.362975E-10
311	3.880829E-12
312	8.645109E-14
313	1.506961E-15
314	4.527302E-17
315	1.813802E-15
316	1.040596E-13
317	4.671282E-12
318	1.640588E-10
319	4.507881E-9
320	9.69069E-8
321	1.629845E-6
322	2.144606E-5
323	0.0002207792
324	0.001778189
325	0.01120488
326	0.05523904
327	0.2130563
328	0.6429127
329	1.517816
330	2.803467
331	4.051178
332	4.580118
333	4.051178
334	2.803467
335	1.517816
336	0.6429127
337	0.2130563
338	0.05523904
339	0.01120488
340	0.001778189
341	0.0002207792
342	2.144607E-5
343	1.630021E-6
344	1.017307E-7
345	1.082069E-7
346	1.744243E-6
347	2.294919E-5
348	0.0002362533
349	0.00190282
350	0.01199022
351	0.05911068
352	0.2279891
353	0.6879737
354	1.6242
355	3.000003
356	4.335708
357	4.907185
358	4.383871
359	3.30715
360	3.138625
361	6.529101
362	17.85401
363	41.67137
364	76.87153
365	111.0686
366	125.5682
367	111.0667
368	76.85954
369	41.61226
370	17.62602
371	5.841166
372	1.514827
373	0.310418
374	0.06918506
375	0.1078775
376	0.4020611
377	1.266573
378	3.26149
379	7.070951
380	13.3771
381	22.5841
382	33.77289
383	43.4174
384	46.70586
385	42.37093
386	35.91002
387	35.87683
388	45.73101
389	59.30726
390	65.29717
391	57.40093
392	39.66592
393	21.46928
394	9.098801
395	3.042706
396	0.8948865
397	0.5014091
398	0.834776
399	1.498537
400	2.161267
401	2.443132
402	2.160965
403	1.495415
404	0.8096274
405	0.34294
406	0.1136477
407	0.0294654
408	0.005976866
409	0.0009485149
410	0.0001177672
411	1.143968E-5
412	8.693859E-7
413	5.169171E-8
414	2.404591E-9
415	8.835897E-11
416	4.052932E-11
417	1.335963E-9
418	3.670703E-8
419	7.89099E-7
420	1.32716E-5
421	0.0001746322
422	0.001797773
423	0.01447954
424	0.09123977
425	0.4498037
426	1.734887
427	5.235146
428	12.35936
429	22.82823
430	32.98817
431	37.29525
432	32.98817
433	22.82823
434	12.35936
435	5.235146
436	1.734888
437	0.4498117
438	0.09132302
439	0.01515002
440	0.006022651
441	0.02100289
442	0.08034759
443	0.2424154
444	0.5723028
445	1.057066
446	1.527524
447	1.726964
448	1.527524
449	1.057066
450	0.5723028
451	0.2424156
452	0.08034506
453	0.02091475
454	0.004769888
455	0.003357327
456	0.01044639
457	0.03127961
458	0.07382777
459	0.1363618
460	0.1970509
461	0.2227787
462	0.1970509
463	0.1363617
464	0.07382715
465	0.03127153
466	0.01036318
467	0.002687339
468	0.0005500552
469	0.0001271269
470	0.000266792
471	0.001263362
472	0.004868826
473	0.0146918
474	0.03468501
475	0.06406463
476	0.09257723
477	0.1046645
478	0.09257725
479	0.06406492
480	0.03468884
481	0.01473117
482	0.005185883
483	0.003260692
484	0.01010791
485	0.0380402
486	0.1146855
487	0.2708879
488	0.5015221
489	0.7323588
490	0.8674626
491	0.9346482
492	1.246827
493	2.559988
494	6.372351
495	15.20423
496	31.61286
497	54.65724
498	76.40835
499	84.99171