0	32.78838
1	37.07654
2	32.83007
3	22.85516
4	12.78534
5	6.386878
6	3.911136
7	3.612977
8	3.716814
9	3.517133
10	3.883016
11	7.731107
12	20.31832
13	47.24634
14	88.14176
15	130.7556
16	155.938
17	152.9241
18	127.4953
19	93.52606
20	61.28586
21	35.30869
22	17.29348
23	7.047185
24	2.650283
25	1.828366
26	3.140397
27	5.753407
28	8.563777
29	10.07541
30	9.359208
31	6.872538
32	3.994775
33	1.840409
34	0.672719
35	0.1952343
36	0.04499965
37	0.008236219
38	0.001196435
39	0.0001390721
40	2.950029E-5
41	0.0001752293
42	0.001404075
43	0.008847159
44	0.04361567
45	0.1682251
46	0.5076312
47	1.198437
48	2.213563
49	3.198731
50	3.616371
51	3.198731
52	2.213563
53	1.198437
54	0.5076312
55	0.1682251
56	0.04361567
57	0.00884716
58	0.001404107
59	0.0001761134
60	4.704809E-5
61	0.0003975463
62	0.004079419
63	0.03285566
64	0.2070329
65	1.020653
66	3.936648
67	11.87913
68	28.04486
69	51.80098
70	74.86269
71	84.68044
72	75.11838
73	52.88639
74	31.72158
75	22.02608
76	26.52715
77	41.21574
78	56.96094
79	63.30982
80	55.53131
81	38.27237
82	20.69314
83	8.77061
84	2.912968
85	0.7580405
86	0.1545702
87	0.02470145
88	0.003094743
89	0.0003041077
90	2.345742E-5
91	1.510249E-6
92	1.250925E-6
93	1.219822E-5
94	9.852642E-5
95	0.0006258954
96	0.003152088
97	0.01284197
98	0.0442639
99	0.1392349
100	0.4284116
101	1.279548
102	3.439619
103	7.74757
104	14.05211
105	20.16695
106	22.74591
107	20.14013
108	14.18836
109	8.943769
110	8.660077
111	17.57105
112	39.26284
113	72.06982
114	104.0738
115	117.6532
116	104.065
117	72.01428
118	38.989
119	16.51487
120	5.472899
121	1.418957
122	0.2878263
123	0.04567737
124	0.005671281
125	0.0005508973
126	4.186677E-5
127	2.489303E-6
128	1.157965E-7
129	4.214273E-9
130	1.199939E-10
131	2.673038E-12
132	4.658655E-14
133	6.352218E-16
134	6.776409E-18
135	5.655659E-20
136	3.692975E-22
137	1.886596E-24
138	7.540336E-27
139	2.357827E-29
140	5.768232E-32
141	1.104035E-34
142	1.653227E-37
143	1.936833E-40
144	1.779649E-43
145	0
146	0
147	0
148	0
149	0
150	0
151	0
152	0
153	0
154	2.242078E-44
155	2.483802E-41
156	2.12012E-38
157	1.415829E-35
158	7.397257E-33
159	3.023709E-30
160	9.669826E-28
161	2.419395E-25
162	4.735919E-23
163	7.252892E-21
164	8.690156E-19
165	8.146167E-17
166	5.97432E-15
167	3.427939E-13
168	1.538818E-11
169	5.404439E-10
170	1.48499E-8
171	3.192315E-7
172	5.36905E-6
173	7.064779E-5
174	0.0007272924
175	0.005857726
176	0.03691122
177	0.1819689
178	0.7018517
179	2.117888
180	5
181	9.235204
182	13.34542
183	15.08786
184	13.34542
185	9.235204
186	5
187	2.117888
188	0.7018517
189	0.1819689
190	0.03691122
191	0.005857726
192	0.0007272924
193	7.064822E-5
194	5.378451E-6
195	4.793498E-7
196	2.176791E-6
197	2.344035E-5
198	0.0002086915
199	0.001576926
200	0.01047026
201	0.06209896
202	0.3242225
203	1.440019
204	5.261624
205	15.45463
206	36.00807
207	66.08567
208	95.20524
209	107.4773
210	94.99809
211	65.71766
212	35.57421
213	15.06727
214	4.992991
215	1.294508
216	0.2625804
217	0.04167074
218	0.005173809
219	0.0005025734
220	3.819427E-5
221	2.270944E-6
222	1.056389E-7
223	3.8446E-9
224	1.094681E-10
225	2.438707E-12
226	5.08635E-14
227	3.760203E-13
228	1.318576E-11
229	3.623079E-10
230	7.788612E-9
231	1.309941E-7
232	1.723665E-6
233	1.774449E-5
234	0.0001429168
235	0.0009005603
236	0.00443968
237	0.01712381
238	0.05167258
239	0.1219935
240	0.2253482
241	0.3257755
242	0.3689705
243	0.3289063
244	0.2352924
245	0.1455321
246	0.0951561
247	0.07996673
248	0.07552657
249	0.06396965
250	0.04452709
251	0.02627928
252	0.01639412
253	0.01516423
254	0.01800065
255	0.0196195
256	0.01773878
257	0.01548104
258	0.0242604
259	0.07152649
260	0.2085309
261	0.4904147
262	0.9054317
263	1.308342
264	1.479157
265	1.308335
266	0.9053843
267	0.490181
268	0.2076297
269	0.06880688
270	0.01783954
271	0.003618636
272	0.0005742692
273	7.130099E-5
274	6.92604E-6
275	5.263612E-7
276	3.129624E-8
277	1.455827E-9
278	5.298309E-11
279	1.51105E-12
280	1.742924E-13
281	6.316055E-12
282	2.218039E-10
283	6.094554E-9
284	1.31016E-7
285	2.203514E-6
286	2.899459E-5
287	0.0002984885
288	0.002404072
289	0.01514875
290	0.07468195
291	0.2880473
292	0.8692035
293	2.052053
294	3.790225
295	5.477102
296	6.192216
297	5.477102
298	3.790225
299	2.052053
300	0.8692035
301	0.2880473
302	0.07468195
303	0.01514875
304	0.002404072
305	0.0002984885
306	2.899459E-5
307	2.203514E-6
308	1.31016E-7
309	6.094554E-9
310	2.218038E-10
311	6.315469E-12
312	1.406862E-13
313	2.452288E-15
314	6.760208E-17
315	2.506304E-15
316	1.43786E-13
317	6.454618E-12
318	2.266908E-10
319	6.228835E-9
320	1.339026E-7
321	2.252065E-6
322	2.963343E-5
323	0.0003050651
324	0.002457041
325	0.01548253
326	0.07632742
327	0.2943939
328	0.8883547
329	2.097266
330	3.873735
331	5.597779
332	6.32865
333	5.597779
334	3.873735
335	2.097266
336	0.8883547
337	0.2943939
338	0.07632742
339	0.01548253
340	0.002457041
341	0.0003050651
342	2.963343E-5
343	2.25215E-6
344	1.362462E-7
345	5.660815E-8
346	8.475399E-7
347	1.114924E-5
348	0.0001147772
349	0.0009244333
350	0.005825121
351	0.02871731
352	0.1107623
353	0.3342334
354	0.7890762
355	1.457521
356	2.107056
357	2.390931
358	2.185434
359	1.957357
360	3.253576
361	9.839795
362	28.79448
363	67.74646
364	125.0832
365	180.7453
366	204.3433
367	180.7444
368	125.0774
369	67.71774
370	28.68372
371	9.50561
372	2.464998
373	0.5038939
374	0.1045912
375	0.135863
376	0.4990593
377	1.579205
378	4.103115
379	9.025116
380	17.40705
381	29.98834
382	45.58925
383	59.2474
384	64.13306
385	58.37579
386	49.5626
387	49.55869
388	63.18657
389	81.94827
390	90.22534
391	79.31463
392	54.80899
393	29.66533
394	12.57125
395	4.198589
396	1.214474
397	0.6262929
398	0.9963815
399	1.780488
400	2.567096
401	2.901825
402	2.566679
403	1.776173
404	0.9616319
405	0.4073257
406	0.1349846
407	0.03499742
408	0.007099001
409	0.001126595
410	0.0001398775
411	1.358743E-5
412	1.03261E-6
413	6.139663E-8
414	2.856047E-9
415	1.051124E-10
416	5.551858E-11
417	1.845977E-9
418	5.072052E-8
419	1.09035E-6
420	1.833824E-5
421	0.0002413008
422	0.002484101
423	0.02000733
424	0.126072
425	0.6215233
426	2.397207
427	7.233746
428	17.07773
429	31.54327
430	45.58192
431	51.53329
432	45.58192
433	31.54327
434	17.07773
435	7.233746
436	2.397207
437	0.6215253
438	0.1260925
439	0.02017282
440	0.003526855
441	0.005381981
442	0.01984588
443	0.05983211
444	0.1412517
445	0.2608975
446	0.3770126
447	0.426237
448	0.3770126
449	0.2608975
450	0.1412517
451	0.05983153
452	0.01983276
453	0.0051827
454	0.001307532
455	0.001470815
456	0.005055196
457	0.01519441
458	0.03586706
459	0.06624764
460	0.0957318
461	0.108231
462	0.0957318
463	0.06624763
464	0.03586691
465	0.01519242
466	0.005034659
467	0.001305453
468	0.0002660234
469	5.204894E-5
470	6.841435E-5
471	0.0003120632
472	0.001201708
473	0.003626125
474	0.008560705
475	0.01581197
476	0.02284924
477	0.02583254
478	0.02284925
479	0.01581211
480	0.008562563
481	0.003645252
482	0.001355741
483	0.001282412
484	0.004849455
485	0.01847108
486	0.05571569
487	0.1316054
488	0.2436848
489	0.356244
490	0.4260394
491	0.4911734
492	0.8395157
493	2.396208
494	7.541039
495	20.80029
496	47.02595
497	85.04527
498	121.6447
499	136.8505