0	17.13111
1	19.38899
2	17.25417
3	12.34255
4	7.896735
5	6.211946
6	7.355033
7	9.569427
8	10.67501
9	9.866681
10	9.086342
11	13.65099
12	32.16085
13	73.07764
14	134.794
15	196.4239
16	226.2858
17	207.9833
18	155.2466
19	96.84928
20	52.34357
21	25.18474
22	10.80309
23	4.150525
24	1.897205
25	2.390299
26	5.165586
27	9.875601
28	15.06676
29	18.20123
30	17.42024
31	13.22354
32	7.967938
33	3.812837
34	1.448986
35	0.4371318
36	0.1046024
37	0.01983209
38	0.002975281
39	0.0003533627
40	4.183497E-5
41	9.349305E-5
42	0.0007335641
43	0.004621517
44	0.02278362
45	0.08787613
46	0.2651725
47	0.6260306
48	1.156304
49	1.670929
50	1.889092
51	1.670929
52	1.156304
53	0.6260306
54	0.2651725
55	0.08787613
56	0.02278362
57	0.004621515
58	0.0007335526
59	9.384435E-5
60	5.564993E-5
61	0.0006165404
62	0.006340172
63	0.0510644
64	0.3217715
65	1.586304
66	6.118357
67	18.46261
68	43.58759
69	80.51035
70	116.3573
71	131.6275
72	116.7541
73	81.91535
74	47.50135
75	27.48178
76	23.40374
77	29.04591
78	36.16873
79	38.09507
80	32.50426
81	22.17117
82	12.01529
83	5.156095
84	1.749161
85	0.4688556
86	0.09932514
87	0.01664221
88	0.002207648
89	0.0002321042
90	1.937509E-5
91	1.547269E-6
92	3.559249E-6
93	3.597159E-5
94	0.000290165
95	0.001836266
96	0.009155946
97	0.03637808
98	0.1183407
99	0.3333688
100	0.8818864
101	2.30088
102	5.698834
103	12.35351
104	22.0559
105	31.46053
106	35.40135
107	31.3183
108	22.05587
109	13.90131
110	13.45967
111	27.30902
112	61.02248
113	112.0112
114	161.7519
115	182.8571
116	161.7384
117	111.9249
118	60.59688
119	25.66748
120	8.506004
121	2.205349
122	0.4473409
123	0.07099197
124	0.008814329
125	0.000856207
126	6.506953E-5
127	3.868886E-6
128	1.799715E-7
129	6.549842E-9
130	1.864951E-10
131	4.154448E-12
132	7.240503E-14
133	9.872645E-16
134	1.053192E-17
135	8.790051E-20
136	5.739637E-22
137	2.932155E-24
138	1.171922E-26
139	3.664546E-29
140	8.965012E-32
141	1.715896E-34
142	2.569452E-37
143	3.010227E-40
144	2.760558E-43
145	0
146	0
147	0
148	0
149	0
150	0
151	0
152	0
153	0
154	3.923636E-44
155	4.227157E-41
156	3.608205E-38
157	2.409582E-35
158	1.25893E-32
159	5.146012E-30
160	1.645695E-27
161	4.117538E-25
162	8.060001E-23
163	1.234361E-20
164	1.478967E-18
165	1.386386E-16
166	1.016762E-14
167	5.833967E-13
168	2.618895E-11
169	9.197746E-10
170	2.527285E-8
171	5.432961E-7
172	9.137519E-6
173	0.0001202346
174	0.00123777
175	0.00996919
176	0.06281874
177	0.3096906
178	1.194473
179	3.604407
180	8.509439
181	15.71728
182	22.71241
183	25.67784
184	22.71241
185	15.71728
186	8.509439
187	3.604407
188	1.194473
189	0.3096906
190	0.06281874
191	0.00996919
192	0.00123777
193	0.0001202368
194	9.184512E-6
195	1.336783E-6
196	1.05518E-5
197	0.0001102069
198	0.0009185504
199	0.006195097
200	0.03473165
201	0.1677095
202	0.7187442
203	2.745279
204	9.114448
205	25.3734
206	57.49439
207	104.0644
208	148.9052
209	167.5489
210	147.8613
211	102.2099
212	55.30805
213	23.42136
214	7.760723
215	2.012004
216	0.4081108
217	0.06476539
218	0.00804119
219	0.0007811033
220	5.936175E-5
221	3.529512E-6
222	1.641846E-7
223	5.975295E-9
224	1.701359E-10
225	3.790758E-12
226	1.081999E-13
227	1.892864E-12
228	6.644712E-11
229	1.825782E-9
230	3.924924E-8
231	6.6012E-7
232	8.686084E-6
233	8.941998E-5
234	0.0007202023
235	0.004538203
236	0.02237293
237	0.08629219
238	0.2603942
239	0.614763
240	1.135599
241	1.641684
242	1.859357
243	1.657461
244	1.185712
245	0.7333813
246	0.4795212
247	0.4029772
248	0.3806019
249	0.322363
250	0.2243858
251	0.1324294
252	0.082615
253	0.07641614
254	0.0906964
255	0.09871992
256	0.08819249
257	0.07046005
258	0.08501661
259	0.2168135
260	0.6174363
261	1.448125
262	2.67281
263	3.862064
264	4.366273
265	3.862026
266	2.672571
267	1.446948
268	0.6128946
269	0.2031085
270	0.05265989
271	0.01068172
272	0.001695164
273	0.0002104708
274	2.044473E-5
275	1.553747E-6
276	9.238224E-8
277	4.297405E-9
278	1.563988E-10
279	4.456988E-12
280	3.178561E-13
281	9.817259E-12
282	3.447285E-10
283	9.472183E-9
284	2.036256E-7
285	3.424712E-6
286	4.506352E-5
287	0.0004639121
288	0.00373642
289	0.02354426
290	0.116071
291	0.4476844
292	1.35092
293	3.189309
294	5.890784
295	8.512536
296	9.62397
297	8.512536
298	5.890784
299	3.189309
300	1.35092
301	0.4476844
302	0.116071
303	0.02354426
304	0.00373642
305	0.0004639121
306	4.506352E-5
307	3.424712E-6
308	2.036256E-7
309	9.472183E-9
310	3.447285E-10
311	9.81553E-12
312	2.186552E-13
313	3.810981E-15
314	6.981042E-17
315	1.309592E-15
316	7.510982E-14
317	3.371714E-12
318	1.18417E-10
319	3.253771E-9
320	6.994703E-8
321	1.176416E-6
322	1.547969E-5
323	0.0001593576
324	0.00128349
325	0.008087643
326	0.03987134
327	0.1537832
328	0.4640519
329	1.095554
330	2.023532
331	2.924125
332	3.305912
333	2.924125
334	2.023532
335	1.095554
336	0.4640519
337	0.1537832
338	0.03987134
339	0.008087643
340	0.00128349
341	0.0001593576
342	1.547969E-5
343	1.176668E-6
344	7.686481E-8
345	1.519667E-7
346	2.501272E-6
347	3.291103E-5
348	0.0003388067
349	0.002728801
350	0.01719496
351	0.08476958
352	0.3269552
353	0.9866111
354	2.32924
355	4.302301
356	6.218407
357	7.043937
358	6.340221
359	5.079148
360	6.159576
361	15.7602
362	44.90731
363	105.332
364	194.4131
365	280.9164
366	317.5914
367	280.9137
368	194.3959
369	105.2472
370	44.58036
371	14.77362
372	3.830659
373	0.7795066
374	0.1394213
375	0.09555937
376	0.3173177
377	0.9928923
378	2.539707
379	5.446544
380	10.15085
381	16.86109
382	24.87245
383	31.68128
384	33.89769
385	30.66178
386	25.94577
387	25.90251
388	33.00985
389	42.80798
390	47.13128
391	41.43178
392	28.63073
393	15.49656
394	6.568232
395	2.199918
396	0.6602151
397	0.4050345
398	0.7043359
399	1.269663
400	1.831701
401	2.070625
402	1.831483
403	1.267409
404	0.6861837
405	0.290652
406	0.09631984
407	0.02497282
408	0.005065575
409	0.0008038951
410	9.981124E-5
411	9.695471E-6
412	7.368308E-7
413	4.381029E-8
414	2.037962E-9
415	7.478036E-11
416	2.956721E-11
417	9.643001E-10
418	2.6495E-8
419	5.695687E-7
420	9.579389E-6
421	0.0001260489
422	0.001297626
423	0.01045128
424	0.06585652
425	0.3246666
426	1.252235
427	3.778709
428	8.920937
429	16.47733
430	23.81073
431	26.91957
432	23.81073
433	16.47733
434	8.920937
435	3.778709
436	1.252236
437	0.3246766
438	0.06596006
439	0.0112852
440	0.006552387
441	0.02603154
442	0.09992671
443	0.3015077
444	0.7118109
445	1.314744
446	1.899883
447	2.14794
448	1.899883
449	1.314744
450	0.7118109
451	0.3015086
452	0.09993253
453	0.02602952
454	0.00603635
455	0.004687082
456	0.01496514
457	0.044856
458	0.105875
459	0.195554
460	0.2825873
461	0.3194831
462	0.2825873
463	0.195554
464	0.1058742
465	0.04484595
466	0.01486165
467	0.003853772
468	0.0007878643
469	0.0001745769
470	0.0003338707
471	0.001571525
472	0.006055697
473	0.01827317
474	0.04314005
475	0.07968143
476	0.1151444
477	0.1301782
478	0.1151445
479	0.07968184
480	0.04314554
481	0.01832963
482	0.006510384
483	0.004435862
484	0.01444685
485	0.05454505
486	0.1644675
487	0.3884775
488	0.7192566
489	1.050692
490	1.248432
491	1.375956
492	2.012335
493	4.776921
494	13.4031
495	34.67291
496	75.71664
497	134.4983
498	190.6659
499	213.5626