0	14.07053
1	15.90392
2	14.04889
3	9.651238
4	5.011691
5	1.618708
6	-0.3942653
7	-1.442408
8	-1.769736
9	-1.347821
10	0.2759391
11	4.828133
12	16.18851
13	38.87349
14	72.42696
15	106.165
16	123.5151
17	115.6872
18	89.3572
19	58.89299
20	34.24618
21	17.78723
22	8.111794
23	3.198279
24	1.290735
25	1.163988
26	2.177502
27	3.86064
28	5.42625
29	5.928229
30	5.011208
31	3.262327
32	1.624044
33	0.6109204
34	0.1698438
35	0.03322846
36	0.003938282
37	5.665113E-5
38	-8.31289E-5
39	-1.872448E-5
40	4.714534E-6
41	7.457998E-5
42	0.0006025512
43	0.003796948
44	0.01871861
45	0.07219743
46	0.2178609
47	0.5143354
48	0.9499984
49	1.372805
50	1.552044
51	1.372805
52	0.9499984
53	0.5143354
54	0.2178609
55	0.07219743
56	0.01871861
57	0.003796951
58	0.0006026364
59	7.630485E-5
60	3.233403E-5
61	0.0003303885
62	0.003395573
63	0.02734821
64	0.1723289
65	0.8495656
66	3.276763
67	9.887865
68	23.34365
69	43.11641
70	62.30449
71	70.43626
72	62.31211
73	43.25926
74	24.16398
75	12.86962
76	11.06786
77	16.13637
78	23.14145
79	26.72775
80	24.15718
81	17.06668
82	9.442335
83	4.098582
84	1.398036
85	0.3753163
86	0.07941923
87	0.01326664
88	0.001752081
89	0.0001831996
90	1.518245E-5
91	9.521648E-7
92	-5.609892E-7
93	-6.298384E-6
94	-5.049546E-5
95	-0.0003139813
96	-0.001492561
97	-0.005187106
98	-0.01106414
99	0.002791619
100	0.1476913
101	0.7631788
102	2.521751
103	6.146995
104	11.48771
105	16.67335
106	18.88521
107	16.74825
108	11.80591
109	7.443728
110	7.208293
111	14.62568
112	32.68138
113	59.98907
114	86.62833
115	97.93152
116	86.62108
117	59.94284
118	32.45345
119	13.74655
120	4.555501
121	1.181103
122	0.2395792
123	0.03802067
124	0.004720629
125	0.0004585528
126	3.484883E-5
127	2.072032E-6
128	9.638606E-8
129	3.507853E-9
130	9.987986E-11
131	2.224969E-12
132	3.877745E-14
133	5.287423E-16
134	5.640509E-18
135	4.707626E-20
136	3.073938E-22
137	1.570354E-24
138	6.276382E-27
139	1.962595E-29
140	4.801329E-32
141	9.189705E-35
142	1.376104E-37
143	1.612166E-40
144	1.471363E-43
145	0
146	0
147	0
148	0
149	0
150	0
151	0
152	0
153	0
154	2.101948E-44
155	2.367914E-41
156	2.02118E-38
157	1.349757E-35
158	7.052048E-33
159	2.882601E-30
160	9.218563E-28
161	2.306489E-25
162	4.514907E-23
163	6.914421E-21
164	8.284611E-19
165	7.76601E-17
166	5.695516E-15
167	3.267967E-13
168	1.467006E-11
169	5.152229E-10
170	1.41569E-8
171	3.043339E-7
172	5.118492E-6
173	6.735086E-5
174	0.0006933518
175	0.005584363
176	0.03518868
177	0.1734769
178	0.6690984
179	2.019053
180	4.766665
181	8.804224
182	12.72263
183	14.38375
184	12.72263
185	8.804224
186	4.766665
187	2.019053
188	0.6690984
189	0.1734769
190	0.03518868
191	0.005584363
192	0.0006933519
193	6.735246E-5
194	5.15284E-6
195	8.836872E-7
196	7.683308E-6
197	7.99366E-5
198	0.0006603849
199	0.004379275
200	0.02383364
201	0.1100013
202	0.4458342
203	1.614048
204	5.146926
205	13.97281
206	31.22573
207	56.11679
208	80.01369
209	89.87675
210	79.24993
211	54.76001
212	29.62618
213	12.54467
214	4.156524
215	1.077576
216	0.2185711
217	0.0346861
218	0.004306573
219	0.0004183304
220	3.179197E-5
221	1.890277E-6
222	8.793118E-8
223	3.200147E-9
224	9.111848E-11
225	2.030333E-12
226	6.621061E-14
227	1.384666E-12
228	4.861352E-11
229	1.335764E-9
230	2.871522E-8
231	4.829519E-7
232	6.354845E-6
233	6.542075E-5
234	0.0005269088
235	0.003320205
236	0.01636831
237	0.06313243
238	0.1905076
239	0.4497681
240	0.8308184
241	1.201076
242	1.360328
243	1.212619
244	0.8674811
245	0.5365508
246	0.3508236
247	0.2948231
248	0.278453
249	0.2358447
250	0.1641634
251	0.09688699
252	0.06044206
253	0.05590557
254	0.06633604
255	0.0720337
256	0.0629844
257	0.04185613
258	0.01441211
259	-0.02569073
260	-0.1044573
261	-0.2535902
262	-0.4698079
263	-0.6791253
264	-0.7678228
265	-0.6791527
266	-0.4699826
267	-0.2544517
268	-0.10778
269	-0.03571747
270	-0.009260458
271	-0.001878424
272	-0.0002981016
273	-3.701215E-5
274	-3.595289E-6
275	-2.732327E-7
276	-1.62458E-8
277	-7.557162E-10
278	-2.750334E-11
279	-7.810685E-13
280	9.965872E-14
281	5.25653E-12
282	1.846238E-10
283	5.072951E-9
284	1.090543E-7
285	1.834149E-6
286	2.413436E-5
287	0.0002484541
288	0.002001088
289	0.01260943
290	0.06216334
291	0.2397632
292	0.7235028
293	1.708076
294	3.154886
295	4.559
296	5.154243
297	4.559
298	3.154886
299	1.708076
300	0.7235028
301	0.2397632
302	0.06216334
303	0.01260943
304	0.002001088
305	0.0002484541
306	2.413436E-5
307	1.834149E-6
308	1.090543E-7
309	5.072951E-9
310	1.846238E-10
311	5.256834E-12
312	1.171036E-13
313	2.041075E-15
314	4.249306E-17
315	1.075778E-15
316	6.170886E-14
317	2.770139E-12
318	9.728928E-11
319	2.673239E-9
320	5.746721E-8
321	9.665222E-7
322	1.271783E-5
323	0.0001309253
324	0.001054492
325	0.006644661
326	0.03275756
327	0.1263455
328	0.3812566
329	0.9000869
330	1.662497
331	2.402408
332	2.716077
333	2.402408
334	1.662497
335	0.9000869
336	0.3812566
337	0.1263455
338	0.03275756
339	0.006644661
340	0.001054492
341	0.0001309253
342	1.271783E-5
343	9.66478E-7
344	5.625069E-8
345	-2.347853E-8
346	-4.397407E-7
347	-5.787536E-6
348	-5.958054E-5
349	-0.0004798709
350	-0.003023805
351	-0.01490708
352	-0.05749641
353	-0.1734994
354	-0.4096015
355	-0.7564968
356	-1.092474
357	-1.227814
358	-1.027235
359	-0.3404461
360	1.641785
361	7.738687
362	23.81809
363	56.3516
364	104.1082
365	150.4465
366	170.0899
367	150.447
368	104.1112
369	56.36651
370	23.87559
371	7.912211
372	2.051644
373	0.4181565
374	0.07898565
375	0.07268329
376	0.2546927
377	0.7988587
378	2.046792
379	4.4013
380	8.233569
381	13.73272
382	20.32857
383	25.95528
384	27.80994
385	25.17431
386	21.31099
387	21.27958
388	27.12
389	35.17021
390	38.7222
391	34.03959
392	23.52246
393	12.73152
394	5.39525
395	1.802041
396	0.5217026
397	0.2702506
398	0.4310736
399	0.7705163
400	1.110946
401	1.255807
402	1.110767
403	0.7686647
404	0.4161601
405	0.1762761
406	0.05841653
407	0.01514564
408	0.003072195
409	0.0004875503
410	6.053402E-5
411	5.880157E-6
412	4.468768E-7
413	2.657028E-8
414	1.235996E-9
415	4.548472E-11
416	2.383763E-11
417	7.922413E-10
418	2.176781E-8
419	4.679473E-7
420	7.870252E-6
421	0.0001035595
422	0.001066106
423	0.008586581
424	0.05410652
425	0.2667401
426	1.028813
427	3.104518
428	7.329279
429	13.53748
430	19.56247
431	22.11663
432	19.56247
433	13.53748
434	7.329279
435	3.104518
436	1.028814
437	0.2667475
438	0.05418227
439	0.009196686
440	0.004910553
441	0.01905633
442	0.07310846
443	0.2205868
444	0.5207695
445	0.9618825
446	1.389978
447	1.57146
448	1.389978
449	0.9618825
450	0.5207695
451	0.220586
452	0.07309788
453	0.01893096
454	0.003707002
455	-6.748953E-5
456	-0.002537723
457	-0.007878985
458	-0.01861786
459	-0.03438894
460	-0.04969412
461	-0.05618241
462	-0.04969412
463	-0.03438897
464	-0.01861842
465	-0.007886342
466	-0.002613439
467	-0.0006771485
468	-0.0001328547
469	1.516375E-5
470	0.0002302886
471	0.00114839
472	0.004430319
473	0.01336887
474	0.03156179
475	0.05829591
476	0.08424108
477	0.09523997
478	0.08424108
479	0.05829583
480	0.03156083
481	0.01335894
482	0.00435036
483	0.0006446844
484	-0.002251537
485	-0.009546102
486	-0.02891645
487	-0.06831162
488	-0.1264306
489	-0.1840632
490	-0.2122811
491	-0.1834881
492	0.01461802
493	0.9766068
494	4.649799
495	15.04611
496	36.60136
497	68.54562
498	99.70184
499	113.0706