0	11.05177
1	12.51904
2	11.19307
3	8.207812
4	5.838082
5	5.764684
6	7.990958
7	10.86369
8	12.18423
9	11.01879
10	8.923498
11	9.852325
12	19.34433
13	42.32006
14	77.6568
15	113.1961
16	130.6822
17	120.6393
18	90.78494
19	57.40622
20	31.61771
21	15.53356
22	6.782834
23	2.636386
24	1.212818
25	1.556966
26	3.462709
27	6.831957
28	10.79284
29	13.54285
30	13.49559
31	10.68076
32	6.711068
33	3.345318
34	1.321528
35	0.4131908
36	0.1021068
37	0.01991487
38	0.003061536
39	0.000370939
40	4.096527E-5
41	6.137166E-5
42	0.0004732189
43	0.002980921
44	0.01469563
45	0.05668087
46	0.1710386
47	0.4037952
48	0.7458261
49	1.077763
50	1.218481
51	1.077763
52	0.7458261
53	0.4037952
54	0.1710386
55	0.05668087
56	0.01469563
57	0.002980917
58	0.0004731387
59	6.033554E-5
60	3.261706E-5
61	0.0003545458
62	0.003645478
63	0.02936104
64	0.1850124
65	0.9120941
66	3.517937
67	10.61566
68	25.06222
69	46.29351
70	66.91344
71	75.73424
72	67.33041
73	47.71261
74	28.80784
75	18.71703
76	18.05201
77	22.64991
78	27.23596
79	27.81928
80	23.32682
81	15.83297
82	8.625975
83	3.752185
84	1.299163
85	0.3575242
86	0.07816236
87	0.01357525
88	0.001873382
89	0.0002054267
90	1.791339E-5
91	1.542351E-6
92	4.076361E-6
93	4.128091E-5
94	0.0003327276
95	0.002101127
96	0.01041777
97	0.04079283
98	0.1280213
99	0.3332784
100	0.7686045
101	1.700898
102	3.704
103	7.480964
104	12.94325
105	18.23079
106	20.41506
107	18.02729
108	12.68685
109	7.994027
110	7.739213
111	15.70218
112	35.08674
113	64.40427
114	93.00419
115	105.1393
116	92.99641
117	64.35464
118	34.84203
119	14.7583
120	4.890787
121	1.268033
122	0.2572123
123	0.040819
124	0.005068068
125	0.0004923024
126	3.741371E-5
127	2.224534E-6
128	1.034801E-7
129	3.766031E-9
130	1.07231E-10
131	2.388727E-12
132	4.163148E-14
133	5.676579E-16
134	6.055652E-18
135	5.054108E-20
136	3.30018E-22
137	1.685932E-24
138	6.738326E-27
139	2.107043E-29
140	5.154707E-32
141	9.86607E-35
142	1.477385E-37
143	1.730828E-40
144	1.583467E-43
145	0
146	0
147	0
148	0
149	0
150	0
151	0
152	0
153	0
154	2.662467E-44
155	2.829502E-41
156	2.415147E-38
157	1.61285E-35
158	8.426629E-33
159	3.444476E-30
160	1.101544E-27
161	2.756068E-25
162	5.39495E-23
163	8.262175E-21
164	9.899443E-19
165	9.279755E-17
166	6.805683E-15
167	3.904958E-13
168	1.752953E-11
169	6.156499E-10
170	1.691635E-8
171	3.636545E-7
172	6.116185E-6
173	8.047885E-5
174	0.0008284996
175	0.006672863
176	0.04204764
177	0.207291
178	0.7995186
179	2.412605
180	5.695781
181	10.52034
182	15.20252
183	17.18743
184	15.20252
185	10.52034
186	5.695781
187	2.412605
188	0.7995186
189	0.207291
190	0.04204764
191	0.006672863
192	0.0008284997
193	8.048174E-5
194	6.178421E-6
195	1.412174E-6
196	1.386289E-5
197	0.0001435973
198	0.001174336
199	0.007633875
200	0.04004369
201	0.1738536
202	0.6468961
203	2.13005
204	6.2594
205	16.0614
206	34.72256
207	61.30718
208	86.63638
209	96.88891
210	85.25099
211	58.84611
212	31.82113
213	13.4709
214	4.462911
215	1.156944
216	0.2346636
217	0.03723943
218	0.004623563
219	0.0004491208
220	3.413191E-5
221	2.029403E-6
222	9.440296E-8
223	3.435679E-9
224	9.782484E-11
225	2.180164E-12
226	9.391062E-14
227	2.511287E-12
228	8.818003E-11
229	2.422942E-9
230	5.208652E-8
231	8.760261E-7
232	1.152705E-5
233	0.0001186666
234	0.0009557595
235	0.006022517
236	0.02969046
237	0.1145159
238	0.3455615
239	0.815834
240	1.507021
241	2.178631
242	2.467499
243	2.199569
244	1.573523
245	0.973249
246	0.6363586
247	0.5347793
248	0.5050856
249	0.4277985
250	0.2977759
251	0.1757433
252	0.1096359
253	0.1014094
254	0.1203569
255	0.1309707
256	0.1167344
257	0.09159439
258	0.1034016
259	0.2513883
260	0.7097275
261	1.662888
262	3.068853
263	4.434269
264	5.013176
265	4.434219
266	3.068536
267	1.661326
268	0.7037003
269	0.2332008
270	0.06046192
271	0.01226431
272	0.001946318
273	0.0002416539
274	2.347379E-5
275	1.783948E-6
276	1.060695E-7
277	4.934102E-9
278	1.795707E-10
279	5.115145E-12
280	2.396209E-13
281	5.645724E-12
282	1.982122E-10
283	5.446321E-9
284	1.170808E-7
285	1.969143E-6
286	2.591065E-5
287	0.0002667404
288	0.002148369
289	0.01353749
290	0.06673858
291	0.2574098
292	0.7767527
293	1.833791
294	3.387086
295	4.894543
296	5.533596
297	4.894543
298	3.387086
299	1.833791
300	0.7767527
301	0.2574098
302	0.06673858
303	0.01353749
304	0.002148369
305	0.0002667404
306	2.591065E-5
307	1.969143E-6
308	1.170808E-7
309	5.446321E-9
310	1.982122E-10
311	5.643739E-12
312	1.257225E-13
313	2.191253E-15
314	4.138957E-17
315	8.446592E-16
316	4.844649E-14
317	2.174785E-12
318	7.638001E-11
319	2.098711E-9
320	4.511644E-8
321	7.587986E-7
322	9.984531E-6
323	0.000102787
324	0.0008278624
325	0.0052166
326	0.02571736
327	0.09919152
328	0.2993175
329	0.7066416
330	1.305196
331	1.886086
332	2.132342
333	1.886086
334	1.305196
335	0.7066416
336	0.2993175
337	0.09919152
338	0.02571736
339	0.0052166
340	0.0008278624
341	0.000102787
342	9.984539E-6
343	7.590878E-7
344	5.305915E-8
345	1.728447E-7
346	2.871797E-6
347	3.778709E-5
348	0.0003890038
349	0.003133097
350	0.01974255
351	0.09732894
352	0.3753965
353	1.132786
354	2.674333
355	4.93966
356	7.138865
357	8.078783
358	7.208907
359	5.386332
360	4.876702
361	9.627311
362	26.00824
363	60.61243
364	111.7936
365	161.523
366	182.6091
367	161.52
368	111.7738
369	60.5151
370	25.63284
371	8.494549
372	2.20262
373	0.4487327
374	0.0835198
375	0.07154085
376	0.2469039
377	0.7681664
378	1.939731
379	4.070132
380	7.352377
381	11.78564
382	16.84794
383	20.99176
384	22.1659
385	19.90487
386	16.77758
387	16.71832
388	21.29386
389	27.61187
390	30.40013
391	26.72386
392	18.46708
393	9.995562
394	4.237471
395	1.423425
396	0.4430426
397	0.3131474
398	0.5768226
399	1.045243
400	1.508479
401	1.705284
402	1.508338
403	1.043789
404	0.5651143
405	0.2393697
406	0.07932528
407	0.02056664
408	0.004171811
409	0.0006620568
410	8.220066E-5
411	7.984813E-6
412	6.068253E-7
413	3.608045E-8
414	1.678385E-9
415	6.1477E-11
416	1.944818E-11
417	6.219903E-10
418	1.70895E-8
419	3.673768E-7
420	6.178789E-6
421	8.130261E-5
422	0.0008369799
423	0.006741165
424	0.04247803
425	0.2094128
426	0.8077023
427	2.4373
428	5.754081
429	10.62802
430	15.35813
431	17.36335
432	15.35813
433	10.62802
434	5.754081
435	2.4373
436	0.8077033
437	0.2094261
438	0.04261543
439	0.007847834
440	0.00781042
441	0.03445972
442	0.1326033
443	0.4001217
444	0.9446235
445	1.744758
446	2.52128
447	2.850469
448	2.52128
449	1.744758
450	0.9446236
451	0.400123
452	0.1326148
453	0.03452083
454	0.007870829
455	0.005530712
456	0.01720088
457	0.05150361
458	0.1215614
459	0.2245271
460	0.324455
461	0.3668173
462	0.324455
463	0.224527
464	0.1215604
465	0.05149027
466	0.01706354
467	0.004424851
468	0.000905716
469	0.0002094843
470	0.0004403147
471	0.002085258
472	0.008036319
473	0.02424978
474	0.05724991
475	0.1057429
476	0.1528048
477	0.1727557
478	0.1528049
479	0.1057434
480	0.0572562
481	0.02431461
482	0.008558372
483	0.005373972
484	0.01664426
485	0.06263541
486	0.1888359
487	0.4460314
488	0.8257776
489	1.205793
490	1.427548
491	1.532699
492	2.013588
493	4.021018
494	9.743616
495	22.77501
496	46.71778
497	80.14307
498	111.5723
499	123.8462