0	20.39138
1	23.08012
2	20.54461
3	14.71822
4	9.480624
5	7.585625
6	9.10823
7	11.89867
8	13.25928
9	12.09645
10	10.38458
11	13.41365
12	29.22894
13	65.44897
14	120.626
15	176.2533
16	204.2827
17	190.0111
18	144.9637
19	93.71745
20	53.17109
21	26.94922
22	12.06495
23	4.735844
24	2.058954
25	2.320268
26	4.926647
27	9.52248
28	14.75232
29	18.13194
30	17.68276
31	13.69165
32	8.419597
33	4.111466
34	1.593406
35	0.4896399
36	0.1191591
37	0.02293444
38	0.003486202
39	0.00041873
40	4.999265E-5
41	0.0001113222
42	0.0008731643
43	0.00550099
44	0.02711933
45	0.1045989
46	0.3156348
47	0.745164
48	1.376348
49	1.988906
50	2.248586
51	1.988906
52	1.376348
53	0.745164
54	0.3156348
55	0.1045989
56	0.02711933
57	0.005500986
58	0.0008731086
59	0.0001108728
60	5.227977E-5
61	0.0005501732
62	0.005655637
63	0.04555099
64	0.28703
65	1.415031
66	5.45776
67	16.46922
68	38.88158
69	71.8187
70	103.8009
71	117.4502
72	104.2903
73	73.54368
74	43.65696
75	27.39097
76	26.21231
77	34.09251
78	42.55928
79	44.49207
80	37.59816
81	25.3656
82	13.57267
83	5.737344
84	1.911558
85	0.501419
86	0.1035157
87	0.01682318
88	0.002153731
89	0.0002174088
90	1.734459E-5
91	1.421647E-6
92	4.401747E-6
93	4.477571E-5
94	0.0003610297
95	0.002281957
96	0.01134201
97	0.04469484
98	0.1425122
99	0.384605
100	0.9477865
101	2.285278
102	5.346755
103	11.25253
104	19.83565
105	28.15097
106	31.61602
107	27.94912
108	19.67768
109	12.40103
110	12.00653
111	24.36049
112	54.4339
113	99.9174
114	144.2876
115	163.1141
116	144.2755
117	99.84041
118	54.05425
119	22.89617
120	7.587613
121	1.967238
122	0.3990416
123	0.06332698
124	0.007862649
125	0.0007637625
126	5.804398E-5
127	3.451163E-6
128	1.6054E-7
129	5.842657E-9
130	1.663592E-10
131	3.705893E-12
132	6.458748E-14
133	8.806698E-16
134	9.394796E-18
135	7.840992E-20
136	5.11993E-22
137	2.615571E-24
138	1.04539E-26
139	3.268886E-29
140	7.997062E-32
141	1.530631E-34
142	2.292029E-37
143	2.68521E-40
144	2.466285E-43
145	0
146	0
147	0
148	0
149	0
150	0
151	0
152	0
153	0
154	3.222986E-44
155	3.546126E-41
156	3.026927E-38
157	2.021401E-35
158	1.056118E-32
159	4.316995E-30
160	1.380576E-27
161	3.454207E-25
162	6.761543E-23
163	1.035506E-20
164	1.240707E-18
165	1.163041E-16
166	8.529629E-15
167	4.894121E-13
168	2.196993E-11
169	7.716E-10
170	2.120142E-8
171	4.557717E-7
172	7.665474E-6
173	0.0001008649
174	0.001038366
175	0.008363164
176	0.05269871
177	0.2597998
178	1.002044
179	3.023741
180	7.138577
181	13.18524
182	19.05346
183	21.54117
184	19.05346
185	13.18524
186	7.138577
187	3.023741
188	1.002044
189	0.2597998
190	0.05269871
191	0.008363164
192	0.001038367
193	0.0001008659
194	7.687568E-6
195	8.301326E-7
196	5.023492E-6
197	5.313818E-5
198	0.0004555714
199	0.003233784
200	0.01968021
201	0.1060124
202	0.5096067
203	2.138339
204	7.556796
205	21.805
206	50.34968
207	91.99974
208	132.2544
209	149.1481
210	131.7652
211	91.13071
212	49.32516
213	20.89027
214	6.922436
215	1.794724
216	0.3640428
217	0.05777236
218	0.007172965
219	0.0006967668
220	5.295244E-5
221	3.148431E-6
222	1.464576E-7
223	5.330143E-9
224	1.517663E-10
225	3.381159E-12
226	7.867178E-14
227	8.873841E-13
228	3.113736E-11
229	8.555681E-10
230	1.839233E-8
231	3.093346E-7
232	4.07033E-6
233	4.190252E-5
234	0.0003374894
235	0.002126618
236	0.01048403
237	0.04043683
238	0.1220217
239	0.2880802
240	0.532146
241	0.7692991
242	0.8713014
243	0.7766923
244	0.5556287
245	0.3436652
246	0.2247053
247	0.1888366
248	0.1783514
249	0.1510604
250	0.105148
251	0.06205691
252	0.03871376
253	0.03581009
254	0.04251654
255	0.04642395
256	0.04264366
257	0.04131248
258	0.08073093
259	0.2593189
260	0.7652622
261	1.802191
262	3.327813
263	4.808745
264	5.436578
265	4.808727
266	3.327701
267	1.801639
268	0.7631339
269	0.2528967
270	0.06556845
271	0.01330014
272	0.002110702
273	0.0002620637
274	2.545636E-5
275	1.934618E-6
276	1.15028E-7
277	5.350831E-9
278	1.94737E-10
279	5.548187E-12
280	3.185652E-13
281	8.757902E-12
282	3.075083E-10
283	8.449473E-9
284	1.816402E-7
285	3.054947E-6
286	4.019803E-5
287	0.0004138236
288	0.003332999
289	0.02100219
290	0.1035389
291	0.3993481
292	1.205061
293	2.84496
294	5.254758
295	7.59344
296	8.584872
297	7.59344
298	5.254758
299	2.84496
300	1.205061
301	0.3993481
302	0.1035389
303	0.02100219
304	0.003332999
305	0.0004138236
306	4.019803E-5
307	3.054947E-6
308	1.816402E-7
309	8.449473E-9
310	3.075083E-10
311	8.75575E-12
312	1.95047E-13
313	3.399567E-15
314	6.759685E-17
315	1.558641E-15
316	8.940319E-14
317	4.01335E-12
318	1.409518E-10
319	3.872963E-9
320	8.325793E-8
321	1.400288E-6
322	1.842546E-5
323	0.0001896832
324	0.001527738
325	0.009626718
326	0.04745883
327	0.1830481
328	0.5523608
329	1.304037
330	2.408609
331	3.480585
332	3.935025
333	3.480585
334	2.408609
335	1.304037
336	0.5523608
337	0.1830481
338	0.04745883
339	0.009626718
340	0.001527738
341	0.0001896832
342	1.842547E-5
343	1.400601E-6
344	9.187146E-8
345	1.8904E-7
346	3.114404E-6
347	4.097854E-5
348	0.0004218586
349	0.003397714
350	0.02140998
351	0.1055492
352	0.407102
353	1.22846
354	2.900206
355	5.356887
356	7.742205
357	8.765217
358	7.850867
359	6.049859
360	6.316982
361	14.40695
362	40.17413
363	93.98924
364	173.4284
365	250.5869
366	283.3012
367	250.5836
368	173.407
369	93.8837
370	39.76703
371	13.17852
372	3.417111
373	0.695729
374	0.1268201
375	0.09756393
376	0.3324641
377	1.046632
378	2.703887
379	5.893585
380	11.23079
381	19.10677
382	28.7539
383	37.12078
384	40.02928
385	36.36153
386	30.83844
387	30.82013
388	39.28925
389	50.95394
390	56.1003
391	49.31622
392	34.07914
393	18.4455
394	7.817819
395	2.61686
396	0.7792922
397	0.4623125
398	0.7916265
399	1.424941
400	2.055509
401	2.32361
402	2.055249
403	1.422258
404	0.7700199
405	0.3261632
406	0.108088
407	0.02802393
408	0.005684474
409	0.000902113
410	0.0001120059
411	1.088004E-5
412	8.26855E-7
413	4.916292E-8
414	2.286956E-9
415	8.39585E-11
416	3.504997E-11
417	1.147803E-9
418	3.153698E-8
419	6.779574E-7
420	1.140234E-5
421	0.0001500359
422	0.001544563
423	0.01244015
424	0.07838899
425	0.3864505
426	1.490535
427	4.497795
428	10.61859
429	19.61296
430	28.34191
431	32.04235
432	28.34191
433	19.61296
434	10.61859
435	4.497796
436	1.490535
437	0.3864552
438	0.07843751
439	0.01283093
440	0.004006963
441	0.01228944
442	0.04683293
443	0.141288
444	0.3335572
445	0.6160936
446	0.8902922
447	1.006533
448	0.8902922
449	0.6160936
450	0.3335573
451	0.1412892
452	0.0468407
453	0.01229385
454	0.003435581
455	0.005188469
456	0.01855315
457	0.05584378
458	0.1318276
459	0.2434903
460	0.3518581
461	0.3977982
462	0.3518581
463	0.2434903
464	0.1318273
465	0.05583907
466	0.01850466
467	0.004797977
468	0.0009761214
469	0.000178125
470	0.0001684117
471	0.0007375841
472	0.00283781
473	0.008562877
474	0.02021558
475	0.03733901
476	0.0539571
477	0.06100198
478	0.05395713
479	0.03733952
480	0.02022241
481	0.008633178
482	0.003403954
483	0.004304058
484	0.01774092
485	0.06787648
486	0.2047787
487	0.4837033
488	0.895542
489	1.307899
490	1.550858
491	1.684219
492	2.322723
493	5.046227
494	13.2109
495	32.67808
496	69.50189
497	121.7071
498	171.2767
499	191.1523