0	17.37218
1	19.65812
2	17.47538
3	12.43068
4	7.748442
5	5.686347
6	6.325464
7	8.060139
8	8.913872
9	7.982448
10	6.17525
11	5.87633
12	10.16347
13	21.63221
14	39.90627
15	59.35627
16	71.38599
17	71.08328
18	60.66983
19	45.8254
20	30.89034
21	18.18243
22	9.025704
23	3.707579
24	1.41716
25	1.06147
26	2.006393
27	3.969636
28	6.401675
29	8.216183
30	8.375095
31	6.775586
32	4.346463
33	2.208201
34	0.8872914
35	0.2815829
36	0.07047876
37	0.01389511
38	0.002155368
39	0.0002634492
40	3.412751E-5
41	9.423674E-5
42	0.000743886
43	0.004686744
44	0.02310519
45	0.08911642
46	0.2689152
47	0.6348665
48	1.172624
49	1.694512
50	1.915755
51	1.694512
52	1.172624
53	0.6348665
54	0.2689152
55	0.08911642
56	0.02310519
57	0.004686741
58	0.0007438122
59	9.315206E-5
60	2.251528E-5
61	0.0001789101
62	0.001834834
63	0.01477772
64	0.09311865
65	0.4590664
66	1.770615
67	5.34298
68	12.61417
69	23.30084
70	33.68391
71	38.14919
72	34.03004
73	24.54602
74	16.15349
75	13.67853
76	18.0763
77	26.80046
78	34.88816
79	37.19113
80	31.82878
81	21.67861
82	11.69208
83	4.978763
84	1.671294
85	0.4420242
86	0.09212141
87	0.01513799
88	0.001963306
89	0.0002012031
90	1.632727E-5
91	1.270373E-6
92	2.980936E-6
93	3.014651E-5
94	0.0002429225
95	0.001532997
96	0.007587433
97	0.02957246
98	0.09171635
99	0.2321508
100	0.5058113
101	1.027991
102	2.058618
103	3.937158
104	6.633436
105	9.240153
106	10.30239
107	9.082363
108	6.387768
109	4.023952
110	3.895301
111	7.903078
112	17.65952
113	32.41534
114	46.80997
115	52.91769
116	46.80605
117	32.39036
118	17.53635
119	7.428006
120	2.461584
121	0.6382141
122	0.1294576
123	0.02054463
124	0.002550811
125	0.0002477809
126	1.883071E-5
127	1.119631E-6
128	5.20826E-8
129	1.895483E-9
130	5.397049E-11
131	1.202271E-12
132	2.095356E-14
133	2.857081E-16
134	3.047872E-18
135	2.543785E-20
136	1.661015E-22
137	8.485471E-25
138	3.391469E-27
139	1.060496E-29
140	2.594418E-32
141	4.965695E-35
142	7.435833E-38
143	8.711452E-41
144	7.987401E-44
145	0
146	0
147	0
148	0
149	0
150	0
151	0
152	0
153	0
154	1.261169E-44
155	1.385604E-41
156	1.182771E-38
157	7.89862E-36
158	4.126778E-33
159	1.686865E-30
160	5.394597E-28
161	1.349731E-25
162	2.642072E-23
163	4.04624E-21
164	4.84806E-19
165	4.54458E-17
166	3.332951E-15
167	1.912377E-13
168	8.584748E-12
169	3.015026E-10
170	8.284453E-9
171	1.780927E-7
172	2.995283E-6
173	3.941295E-5
174	0.0004057416
175	0.003267905
176	0.02059201
177	0.1015167
178	0.3915487
179	1.181526
180	2.789398
181	5.152131
182	7.445138
183	8.417209
184	7.445138
185	5.152131
186	2.789398
187	1.181526
188	0.3915487
189	0.1015167
190	0.02059201
191	0.003267905
192	0.0004057416
193	3.941425E-5
194	3.023215E-6
195	6.487745E-7
196	6.226436E-6
197	6.454613E-5
198	0.0005288143
199	0.003450008
200	0.01822089
201	0.08004478
202	0.3030858
203	1.018949
204	3.052292
205	7.942065
206	17.3159
207	30.71474
208	43.50685
209	48.71206
210	42.8852
211	29.6104
212	16.01397
213	6.77965
214	2.246167
215	0.5822939
216	0.1181079
217	0.01874294
218	0.002327084
219	0.000226047
220	1.717894E-5
221	1.021419E-6
222	4.751398E-8
223	1.729213E-9
224	4.923625E-11
225	1.097246E-12
226	4.421303E-14
227	1.126899E-12
228	3.956836E-11
229	1.087229E-9
230	2.337239E-8
231	3.930926E-7
232	5.172446E-6
233	5.32484E-5
234	0.0004288708
235	0.002702439
236	0.01332278
237	0.05138584
238	0.1550612
239	0.3660831
240	0.6762342
241	0.9776009
242	1.107222
243	0.9869959
244	0.7060754
245	0.4367188
246	0.2855484
247	0.2399675
248	0.2266433
249	0.1919628
250	0.1336187
251	0.07885996
252	0.04919615
253	0.04550517
254	0.05401346
255	0.05883756
256	0.05292956
257	0.04455489
258	0.0634286
259	0.178488
260	0.5166782
261	1.214112
262	2.241362
263	3.238719
264	3.661557
265	3.238697
266	2.241219
267	1.213411
268	0.5139737
269	0.1703269
270	0.04416061
271	0.008957694
272	0.001421566
273	0.0001765009
274	1.714496E-5
275	1.302973E-6
276	7.747179E-8
277	3.603805E-9
278	1.311561E-10
279	3.735539E-12
280	1.464674E-13
281	2.842002E-12
282	9.976226E-11
283	2.741189E-9
284	5.892795E-8
285	9.910899E-7
286	1.30411E-5
287	0.0001342532
288	0.001081296
289	0.006813559
290	0.03359022
291	0.129557
292	0.3909477
293	0.9229659
294	1.704756
295	2.463474
296	2.785116
297	2.463474
298	1.704756
299	0.9229659
300	0.3909477
301	0.129557
302	0.03359022
303	0.006813559
304	0.001081296
305	0.0001342532
306	1.30411E-5
307	9.910899E-7
308	5.892795E-8
309	2.741189E-9
310	9.976224E-11
311	2.840552E-12
312	6.327742E-14
313	1.103012E-15
314	3.313832E-17
315	1.327674E-15
316	7.616993E-14
317	3.419303E-12
318	1.200884E-10
319	3.299696E-9
320	7.093428E-8
321	1.19302E-6
322	1.569817E-5
323	0.0001616068
324	0.001301606
325	0.008201794
326	0.04043408
327	0.1559538
328	0.4706016
329	1.111016
330	2.052093
331	2.965397
332	3.352572
333	2.965397
334	2.052093
335	1.111016
336	0.4706016
337	0.1559538
338	0.04043408
339	0.008201794
340	0.001301606
341	0.0001616068
342	1.569817E-5
343	1.193231E-6
344	7.673552E-8
345	1.280104E-7
346	2.097588E-6
347	2.75992E-5
348	0.0002841234
349	0.002288374
350	0.0144197
351	0.07108781
352	0.2741848
353	0.8273723
354	1.953298
355	3.607849
356	5.213942
357	5.89864
358	5.249194
359	3.832664
360	3.061773
361	5.102754
362	13.17546
363	30.52896
364	56.27135
365	81.29693
366	91.90911
367	81.29467
368	56.25694
369	30.45787
370	12.90127
371	4.275411
372	1.10877
373	0.2272125
374	0.05066317
375	0.0790764
376	0.2947345
377	0.9284154
378	2.390437
379	5.181509
380	9.800044
381	16.54048
382	24.72943
383	31.78652
384	34.19101
385	31.01614
386	26.28598
387	26.26137
388	33.47438
389	43.41196
390	47.79647
391	42.01655
392	29.03482
393	15.71522
394	6.660521
395	2.228916
396	0.6616192
397	0.3868695
398	0.6578962
399	1.183445
400	1.707069
401	1.929717
402	1.706848
403	1.18116
404	0.6394877
405	0.2708727
406	0.08976511
407	0.02327337
408	0.004720854
409	0.0007491887
410	9.301891E-5
411	9.035678E-6
412	6.866883E-7
413	4.082892E-8
414	1.899276E-9
415	6.974168E-11
416	2.9811E-11
417	9.779064E-10
418	2.686895E-8
419	5.776077E-7
420	9.714595E-6
421	0.0001278279
422	0.001315941
423	0.01059879
424	0.06678603
425	0.329249
426	1.269909
427	3.832042
428	9.046848
429	16.7099
430	24.1468
431	27.29951
432	24.1468
433	16.7099
434	9.046848
435	3.832042
436	1.26991
437	0.329255
438	0.06684769
439	0.01109538
440	0.00444508
441	0.0155542
442	0.05950902
443	0.179544
444	0.4238738
445	0.7829122
446	1.131355
447	1.27907
448	1.131355
449	0.7829122
450	0.4238739
451	0.1795447
452	0.05951222
453	0.01553039
454	0.003784581
455	0.003727851
456	0.0125246
457	0.03761382
458	0.08878662
459	0.1639917
460	0.2369778
461	0.2679186
462	0.2369778
463	0.1639917
464	0.08878616
465	0.03760783
466	0.01246297
467	0.003231627
468	0.0006591778
469	0.0001341132
470	0.0002025595
471	0.000936186
472	0.003606114
473	0.01088143
474	0.02568932
475	0.04744922
476	0.06856697
477	0.07751938
478	0.06856699
479	0.04744957
480	0.02569392
481	0.01092878
482	0.003987415
483	0.00333822
484	0.01203771
485	0.04572921
486	0.1379209
487	0.3257748
488	0.6031275
489	0.8805664
490	1.04133
491	1.108731
492	1.40307
493	2.603494
494	5.830672
495	12.75416
496	24.96102
497	41.61464
498	57.03933
499	62.81156