1	1.03340518474579
2	1.3438937664032
3	3.76977324485779
4	18.4531402587891
5	87.0423736572266
6	332.864349365234
7	1002.42449951172
8	2365.20556640625
9	4367.78369140625
10	6311.2646484375
11	7135.16015625
12	6311.2646484375
13	4367.78369140625
14	2365.20556640625
15	1002.42449951172
16	332.864349365234
17	87.0423736572266
18	18.4531497955322
19	3.76991677284241
20	1.3457807302475
21	1.05283153057098
22	1.15900182723999
23	1.98607325553894
24	5.86057138442993
25	19.7481212615967
26	57.5867805480957
27	134.72607421875
28	249.073425292969
29	366.260711669922
30	447.374176025391
31	524.738037109375
32	752.440063476563
33	1326.21813964844
34	2258.62451171875
35	3200.40258789063
36	3601.79663085938
37	3182.6416015625
38	2202.2109375
39	1192.68481445313
40	505.7646484375
41	168.274627685547
42	44.3692169189453
43	9.79716491699219
44	2.39608979225159
45	1.17333781719208
46	1.0168377161026
47	1.00127959251404
48	1.00007605552673
49	1.00000357627869
50	1.00000011920929
51	1
52	1
53	1
54	1
55	1
56	1
57	1
58	1.00000131130219
59	1.00003731250763
60	1.00080239772797
61	1.01349723339081
62	1.17766761779785
63	2.83045554161072
64	15.7668781280518
65	94.3675689697266
66	464.559020996094
67	1815.24243164063
68	5641.33837890625
69	14133.9921875
70	29256.537109375
71	51786.453125
72	80999.109375
73	113121.6015625
74	138269.703125
75	142936.203125
76	121751.5234375
77	85725.1953125
78	54006.859375
79	37927.39453125
80	34828.5234375
81	34761.15234375
82	30433.1171875
83	21559.814453125
84	12115.0576171875
85	5380.88916015625
86	1889.8857421875
87	525.911376953125
88	116.598091125488
89	21.1958045959473
90	3.80119824409485
91	1.30856823921204
92	1.02699255943298
93	1.00187408924103
94	1.00010323524475
95	1.000004529953
96	1.00000011920929
97	1
98	1
99	1
100	1
101	1
102	1
103	1
104	1
105	1
106	1
107	1
108	1
109	1
110	1.00000047683716
111	1.00001418590546
112	1.00030434131622
113	1.00511848926544
114	1.0673508644104
115	1.6933513879776
116	6.58435869216919
117	36.1886558532715
118	174.476821899414
119	670.097900390625
120	2020.05102539063
121	4767.66162109375
122	8805.2177734375
123	12723.623046875
124	14384.744140625
125	12723.623046875
126	8805.2177734375
127	4767.66162109375
128	2020.05102539063
129	670.098510742188
130	174.484375
131	36.2663688659668
132	7.210373878479
133	5.63976860046387
134	20.545389175415
135	76.3639678955078
136	230.272048950195
137	554.064208984375
138	1080.654296875
139	1785.34167480469
140	2694.78198242188
141	3980.72412109375
142	5704.81103515625
143	7351.70947265625
144	7933.81787109375
145	6893.01611328125
146	4741.8447265625
147	2585.91528320313
148	1217.00012207031
149	874.955749511719
150	1649.83508300781
151	3699.78881835938
152	6855.2744140625
153	10244.0009765625
154	13267.5888671875
155	18240.69140625
156	32253.447265625
157	63808.890625
158	112641.984375
159	161084.6875
160	181795.71875
161	161012.640625
162	111967.84375
163	61426.84375
164	26932.990234375
165	9734.091796875
166	3083.67724609375
167	929.046081542969
168	276.514709472656
169	77.7041778564453
170	19.4689254760742
171	4.63853979110718
172	1.571293592453
173	1.07523822784424
174	1.06789433956146
175	1.62909734249115
176	6.06468391418457
177	32.9400901794434
178	158.731903076172
179	611.546264648438
180	1857.0810546875
181	4450.52294921875
182	8480.2119140625
183	13040.8369140625
184	16601.044921875
185	18115.1640625
186	17494.513671875
187	15077.7568359375
188	11345.4560546875
189	7191.65771484375
190	3722.990234375
191	1542.84924316406
192	506.449737548828
193	131.364044189453
194	27.3770866394043
195	5.18093538284302
196	1.51880276203156
197	1.05038154125214
198	1.00382840633392
199	1.00022768974304
200	1.00001394748688
201	1.00007176399231
202	1.00120103359222
203	1.01580393314362
204	1.16269588470459
205	2.310378074646
206	9.25706958770752
207	41.7065925598145
208	158.004806518555
209	474.773284912109
210	1119.50415039063
211	2066.92260742188
212	2986.38208007813
213	3376.16674804688
214	2986.38208007813
215	2066.92260742188
216	1119.50415039063
217	474.773284912109
218	158.004806518555
219	41.7065925598145
220	9.25707244873047
221	2.31046319007874
222	1.16452956199646
223	1.04664409160614
224	1.40700697898865
225	5.17770385742188
226	34.6475868225098
227	213.027954101563
228	1046.34167480469
229	4033.52270507813
230	12174.6875
231	28774.306640625
232	53309.875
233	77665.78125
234	89707.890625
235	83837.9921875
236	66310.546875
237	47886.7578125
238	33845.33203125
239	23298.69921875
240	14950.8193359375
241	10561.509765625
242	15296.6875
243	37891.48046875
244	87336.5234375
245	160930.359375
246	232668.40625
247	263590.40625
248	234452.78125
249	164653.28125
250	92625.5625
251	43169.87890625
252	17787.56640625
253	7021.22998046875
254	2729.10083007813
255	986.327697753906
256	306.393707275391
257	78.1262054443359
258	16.4885215759277
259	3.44871544837952
260	1.30359983444214
261	1.02947533130646
262	1.00223958492279
263	1.00013315677643
264	1.00000619888306
265	1.00000023841858
266	1
267	1
268	1
269	1
270	1
271	1
272	1
273	1
274	1
275	1
276	1
277	1
278	1
279	1
280	1
281	1
282	1
283	1
284	1.00000071525574
285	1.00001490116119
286	1.0002509355545
287	1.00330233573914
288	1.03399610519409
289	1.27381026744843
290	2.7253577709198
291	9.50585460662842
292	33.8069725036621
293	99.9973983764648
294	234.71728515625
295	432.685333251953
296	624.811218261719
297	706.258728027344
298	624.811218261719
299	432.685333251953
300	234.71728515625
301	99.9973983764648
302	33.8069725036621
303	9.50585460662842
304	2.7253577709198
305	1.27381026744843
306	1.03399610519409
307	1.00330233573914
308	1.0002509355545
309	1.00001490116119
310	1.00000071525574
311	1
312	1
313	1
314	1
315	1
316	1
317	1
318	1
319	1
320	1
321	1
322	1
323	1
324	1
325	1
326	1
327	1
328	1
329	1
330	1
331	1
332	1
333	1
334	1
335	1
336	1
337	1
338	1
339	1
340	1
341	1
342	1
343	1
344	1
345	1.00000107288361
346	1.00003051757813
347	1.00065624713898
348	1.01103675365448
349	1.14522516727448
350	2.49503874778748
351	13.0412740707397
352	76.8755416870117
353	375.059417724609
354	1443.74230957031
355	4354.57861328125
356	10279.1142578125
357	18985.095703125
358	27434.15625
359	31015.94921875
360	27434.15625
361	18985.095703125
362	10279.1142578125
363	4354.57861328125
364	1443.74230957031
365	375.059417724609
366	76.8755416870117
367	13.0412740707397
368	2.49503874778748
369	1.14522516727448
370	1.01103675365448
371	1.00065624713898
372	1.00003051757813
373	1.0000011920929
374	1.00000262260437
375	1.00005578994751
376	1.00095891952515
377	1.01297914981842
378	1.13835966587067
379	2.16321539878845
380	8.72316360473633
381	41.5534591674805
382	169.635314941406
383	557.005920410156
384	1455.88098144531
385	3024.02709960938
386	4989.69677734375
387	6537.32861328125
388	6795.783203125
389	5599.36279296875
390	3652.23193359375
391	1883.38269042969
392	767.045593261719
393	246.749176025391
394	63.069766998291
395	13.3293075561523
396	2.92420887947083
397	1.23575925827026
398	1.02266180515289
399	1.00170826911926
400	1.00010645389557
401	1.00012874603271
402	1.00215792655945
403	1.02959859371185
404	1.32057654857635
405	3.74535226821899
406	19.6151390075684
407	101.062675476074
408	427.818023681641
409	1446.61840820313
410	3889.64135742188
411	8306.689453125
412	14077.9345703125
413	18915.03125
414	20131.00390625
415	17008.77734375
416	11752.97265625
417	8317.212890625
418	11544.572265625
419	27804.96484375
420	63265.625
421	115709.3203125
422	166434.84375
423	187660.59375
424	165718.1875
425	114565.109375
426	61988.8984375
427	26247.873046875
428	8697.1181640625
429	2256.337890625
430	466.607116699219
431	126.34065246582
432	270.224609375
433	1005.53741455078
434	3029.84716796875
435	7153.09814453125
436	13224.2548828125
437	19191.599609375
438	22102.46875
439	21113.138671875
440	19327.576171875
441	21599.935546875
442	29717.36328125
443	39570.09765625
444	43861.94140625
445	38619.234375
446	26697.162109375
447	14450.9853515625
448	6121.37744140625
449	2029.57849121094
450	530.638061523438
451	138.158340454102
452	210.070938110352
453	950.350708007813
454	3654.7314453125
455	11025.7958984375
456	26028.7734375
457	48075.35546875
458	69471.328125
459	78541.671875
460	69471.328125
461	48075.35546875
462	26028.7734375
463	11025.78125
464	3654.52709960938
465	948.248962402344
466	193.143356323242
467	31.4927082061768
468	4.78596019744873
469	1.36776089668274
470	1.02794885635376
471	1.00166177749634
472	1.00007724761963
473	1.00000286102295
474	1.00000011920929
475	1
476	1
477	1
478	1
479	1
480	1
481	1
482	1
483	1
484	1
485	1
486	1
487	1
488	1
489	1
490	1
491	1
492	1
493	1
494	1
495	1
496	1
497	1
498	1
499	1
500	1
