1	1.01951539516449
2	1.20090413093567
3	2.61811327934265
4	11.1961984634399
5	51.2663154602051
6	194.876541137695
7	586.036376953125
8	1382.17883300781
9	2552.09350585938
10	3687.48315429688
11	4168.80615234375
12	3687.48315429688
13	2552.09350585938
14	1382.17883300781
15	586.036376953125
16	194.876541137695
17	51.2663154602051
18	11.1962041854858
19	2.6182119846344
20	1.20220386981964
21	1.03289532661438
22	1.10924673080444
23	1.67914283275604
24	4.34778785705566
25	13.9141626358032
26	39.9931449890137
27	93.3009872436523
28	173.45133972168
29	262.601318359375
30	357.882141113281
31	552.425598144531
32	1094.01135253906
33	2272.30908203125
34	4065.26416015625
35	5830.71435546875
36	6580.6171875
37	5818.4814453125
38	4026.40966796875
39	2180.33837890625
40	924.114501953125
41	306.912689208984
42	80.3138732910156
43	17.0883083343506
44	3.55317735671997
45	1.31700134277344
46	1.03079295158386
47	1.00234019756317
48	1.00013911724091
49	1.00000643730164
50	1.00000023841858
51	1
52	1
53	1
54	1
55	1
56	1
57	1
58	1.00000095367432
59	1.00002694129944
60	1.00057876110077
61	1.00973570346832
62	1.12815344333649
63	2.32032513618469
64	11.6514911651611
65	68.346923828125
66	335.369598388672
67	1309.63061523438
68	4069.4306640625
69	10195.2646484375
70	21103.3125
71	37354.50390625
72	58427.32421875
73	81608.9296875
74	99817.1015625
75	103503.53125
76	89370.9765625
77	66511.2421875
78	49993.09375
79	47735.5703125
80	54554.62890625
81	58327.0390625
82	51340.2734375
83	35866.8671875
84	19722.73828125
85	8525.8740234375
86	2899.1015625
87	776.6201171875
88	164.613098144531
89	28.2396545410156
90	4.5843448638916
91	1.37329173088074
92	1.03080880641937
93	1.00201725959778
94	1.0001049041748
95	1.00000429153442
96	1.00000011920929
97	1
98	1
99	1
100	1
101	1
102	1
103	1
104	1
105	1
106	1
107	1
108	1
109	1
110	1.00000095367432
111	1.00002586841583
112	1.00055658817291
113	1.0093606710434
114	1.12317156791687
115	2.26800513267517
116	11.2127094268799
117	65.3532257080078
118	318.255462646484
119	1224.65026855469
120	3693.45288085938
121	8718.2998046875
122	16102.20703125
123	23268.2109375
124	26306.078125
125	23268.2109375
126	16102.20703125
127	8718.2998046875
128	3693.45288085938
129	1224.65075683594
130	318.260681152344
131	65.4067535400391
132	11.6438207626343
133	4.98517656326294
134	14.5266304016113
135	52.7892456054688
136	157.917907714844
137	375.665344238281
138	713.767883300781
139	1111.0087890625
140	1497.39147949219
141	1894.61682128906
142	2364.28979492188
143	2801.98071289063
144	2907.57983398438
145	2485.88110351563
146	1699.62280273438
147	924.954528808594
148	435.241668701172
149	312.994415283203
150	589.838500976563
151	1324.41320800781
152	2473.19775390625
153	3818.83447265625
154	5533.73193359375
155	9587.0576171875
156	20794.216796875
157	44688.44140625
158	80682.84375
159	116002.234375
160	131075.921875
161	116114.609375
162	80733.078125
163	44265.78125
164	19379.71484375
165	6979.494140625
166	2195.44677734375
167	654.643859863281
168	193.053833007813
169	54.1145629882813
170	13.7480764389038
171	3.50814914703369
172	1.39391589164734
173	1.0571141242981
174	1.11634409427643
175	2.14956903457642
176	10.2566556930542
177	59.3380928039551
178	288.697845458984
179	1111.423828125
180	3356.67846679688
181	7947.3603515625
182	14771.3251953125
183	21625.8671875
184	25112.37109375
185	23437.0703125
186	17988.841796875
187	11740.5888671875
188	6743.408203125
189	3460.09350585938
190	1560.90515136719
191	598.276977539063
192	188.861419677734
193	48.4562950134277
194	10.5047340393066
195	2.49914813041687
196	1.18558466434479
197	1.01800179481506
198	1.00136721134186
199	1.00008130073547
200	1.00000607967377
201	1.00004935264587
202	1.00082719326019
203	1.01088488101959
204	1.11205625534058
205	1.9025182723999
206	6.68702793121338
207	29.0365238189697
208	109.136512756348
209	327.309692382813
210	771.365844726563
211	1423.89709472656
212	2057.17163085938
213	2325.63427734375
214	2057.17163085938
215	1423.89709472656
216	771.365844726563
217	327.309692382813
218	109.136512756348
219	29.0365238189697
220	6.68703031539917
221	1.90257978439331
222	1.11337888240814
223	1.03313028812408
224	1.29353892803192
225	4.01341581344604
226	25.2703285217285
227	153.937805175781
228	755.015075683594
229	2909.69750976563
230	8781.998046875
231	20755.462890625
232	38453.203125
233	56021.35546875
234	64707.4453125
235	60473.4296875
236	47830.71484375
237	34541.4609375
238	24413.2421875
239	16805.85546875
240	10784.4521484375
241	7618.43017578125
242	11034.263671875
243	27334.4765625
244	63014.00390625
245	116164.953125
246	168150.4375
247	191108.859375
248	171422.921875
249	123032.1796875
250	72976.4765625
251	38108.48046875
252	18995.111328125
253	9330.6640625
254	4278.39453125
255	1690.01647949219
256	545.481262207031
257	140.686553955078
258	29.2219676971436
259	5.47206974029541
260	1.55493879318237
261	1.05389440059662
262	1.00409555435181
263	1.00024354457855
264	1.00001132488251
265	1.00000035762787
266	1
267	1
268	1
269	1
270	1
271	1
272	1
273	1
274	1
275	1
276	1
277	1
278	1
279	1
280	1
281	1
282	1
283	1
284	1.00000047683716
285	1.0000102519989
286	1.00017285346985
287	1.00227451324463
288	1.0234147310257
289	1.18858587741852
290	2.18833422660828
291	6.8583779335022
292	23.5956897735596
293	69.1841201782227
294	161.971969604492
295	298.32177734375
296	430.647796630859
297	486.744476318359
298	430.647796630859
299	298.32177734375
300	161.971969604492
301	69.1841201782227
302	23.5956897735596
303	6.8583779335022
304	2.18833422660828
305	1.18858587741852
306	1.0234147310257
307	1.00227451324463
308	1.00017285346985
309	1.0000102519989
310	1.00000047683716
311	1
312	1
313	1
314	1
315	1
316	1
317	1
318	1
319	1
320	1
321	1
322	1
323	1
324	1
325	1
326	1
327	1
328	1
329	1
330	1
331	1
332	1
333	1
334	1
335	1
336	1
337	1
338	1
339	1
340	1
341	1
342	1
343	1
344	1
345	1.00000202655792
346	1.00005578994751
347	1.00120007991791
348	1.02018404006958
349	1.26558876037598
350	3.73413610458374
351	23.0211544036865
352	139.761642456055
353	685.082092285156
354	2639.49609375
355	7962.85107421875
356	18797.677734375
357	34719.2265625
358	50170.921875
359	56721.328125
360	50170.921875
361	34719.2265625
362	18797.677734375
363	7962.85107421875
364	2639.49609375
365	685.082092285156
366	139.761642456055
367	23.0211544036865
368	3.73413610458374
369	1.26558876037598
370	1.02018404006958
371	1.00120007991791
372	1.00005578994751
373	1.00000214576721
374	1.00000178813934
375	1.00003683567047
376	1.00062775611877
377	1.00838959217072
378	1.08806073665619
379	1.72668957710266
380	5.71950197219849
381	25.1515426635742
382	98.5143356323242
383	312.081268310547
384	786.183715820313
385	1571.1259765625
386	2491.31176757813
387	3136.37329101563
388	3135.96655273438
389	2490.3525390625
390	1570.13757324219
391	785.511108398438
392	311.750793457031
393	98.3930053710938
394	25.1176891326904
395	5.71225500106812
396	1.7254923582077
397	1.08790755271912
398	1.00837433338165
399	1.00062668323517
400	1.00003886222839
401	1.00004601478577
402	1.00077021121979
403	1.01056480407715
404	1.11442482471466
405	1.97991144657135
406	7.6443886756897
407	36.7158355712891
408	153.346145629883
409	516.991333007813
410	1388.99096679688
411	2965.59008789063
412	5025.5703125
413	6752.39208984375
414	7189.37841796875
415	6098.10107421875
416	4362.26708984375
417	3790.57275390625
418	7288.767578125
419	19483.255859375
420	45147.40625
421	82979.90625
422	119635.0859375
423	135074.9375
424	119379.28125
425	82571.5
426	44691.69921875
427	18927.48828125
428	6272.56103515625
429	1628.76721191406
430	346.101318359375
431	149.864242553711
432	483.382598876953
433	1837.13500976563
434	5540.1005859375
435	13080.7958984375
436	24183.767578125
437	35096.88671875
438	40420.30078125
439	38611.00390625
440	35345.55859375
441	39501.265625
442	54346.46484375
443	72365.2109375
444	80214.15625
445	70626.2578125
446	48823.10546875
447	26427.21875
448	11193.9521484375
449	3710.46923828125
450	965.412353515625
451	218.065444946289
452	170.552124023438
453	688.103454589844
454	2636.69775390625
455	7953.30908203125
456	18775.0859375
457	34677.49609375
458	50110.6171875
459	56653.14453125
460	50110.6171875
461	34677.49609375
462	18775.083984375
463	7953.28076171875
464	2636.32446289063
465	684.259826660156
466	139.594848632813
467	22.9946842193604
468	3.73084950447083
469	1.26526939868927
470	1.0201598405838
471	1.00119864940643
472	1.00005578994751
473	1.00000202655792
474	1
475	1
476	1
477	1
478	1
479	1
480	1
481	1
482	1
483	1
484	1
485	1
486	1
487	1
488	1
489	1
490	1
491	1
492	1
493	1
494	1
495	1
496	1
497	1
498	1
499	1
500	1
