1	1.02166092395782
2	1.2229917049408
3	2.79600954055786
4	12.317174911499
5	56.7926254272461
6	216.191436767578
7	650.355651855469
8	1534.02648925781
9	2832.56225585938
10	4092.77734375
11	4627.017578125
12	4092.77734375
13	2832.56225585938
14	1534.02648925781
15	650.355651855469
16	216.191436767578
17	56.7926254272461
18	12.3171787261963
19	2.79608392715454
20	1.22397148609161
21	1.0317474603653
22	1.08288383483887
23	1.51200199127197
24	3.52369165420532
25	10.7346200942993
26	30.3853302001953
27	70.4813385009766
28	130.198272705078
29	193.139846801758
30	245.048126220703
31	320.314758300781
32	534.140014648438
33	1026.63012695313
34	1796.67443847656
35	2563.14672851563
36	2889.19116210938
37	2553.92504882813
38	1767.3837890625
39	957.297973632813
40	406.063079833984
41	135.234527587891
42	35.8029327392578
43	8.05955028533936
44	2.12033438682556
45	1.13910019397736
46	1.01351189613342
47	1.00102686882019
48	1.00006103515625
49	1.00000286102295
50	1.00000011920929
51	1
52	1
53	1
54	1
55	1
56	1
57	1
58	1
59	1.0000011920929
60	1.00002574920654
61	1.00043344497681
62	1.00570511817932
63	1.05877792835236
64	1.47418105602264
65	3.99813771247864
66	15.8854026794434
67	59.2573699951172
68	182.117645263672
69	454.826812744141
70	940.4365234375
71	1663.99841308594
72	2603.06665039063
73	3642.51879882813
74	4498.37890625
75	4874.763671875
76	5010.19482421875
77	6089.109375
78	9661.2890625
79	15980.80078125
80	22676.7890625
81	25815.1875
82	23192.41796875
83	16391.72265625
84	9114.7841796875
85	3991.49145507813
86	1378.54699707031
87	376.426849365234
88	81.890007019043
89	14.7979488372803
90	2.86563801765442
91	1.2001576423645
92	1.01705062389374
93	1.00115358829498
94	1.00006198883057
95	1.00000262260437
96	1.00000011920929
97	1
98	1
99	1
100	1
101	1
102	1
103	1
104	1
105	1
106	1
107	1
108	1
109	1
110	1.00000035762787
111	1.00001132488251
112	1.00024425983429
113	1.00410747528076
114	1.05404770374298
115	1.55640077590942
116	5.48133707046509
117	29.2381992340088
118	140.211715698242
119	537.937805175781
120	1621.24841308594
121	3826.15161132813
122	7066.21044921875
123	10210.6533203125
124	11543.669921875
125	10210.6533203125
126	7066.21044921875
127	3826.15161132813
128	1621.24841308594
129	537.938110351563
130	140.215637207031
131	29.2785511016846
132	5.80643892288208
133	3.60655450820923
134	11.1820878982544
135	40.2837181091309
136	121.268104553223
137	295.890258789063
138	599.690002441406
139	1074.48107910156
140	1843.31457519531
141	3114.75610351563
142	4897.142578125
143	6613.27099609375
144	7280.54541015625
145	6375.3291015625
146	4398.92236328125
147	2401.66918945313
148	1130.82763671875
149	813.119567871094
150	1532.57678222656
151	3430.61499023438
152	6307.79931640625
153	9122.0166015625
154	10366.701171875
155	9378.501953125
156	7120.955078125
157	5345.61083984375
158	5021.8447265625
159	5669.05029296875
160	6058.3994140625
161	5431.4013671875
162	4035.80883789063
163	2603.35498046875
164	1577.46594238281
165	942.966796875
166	535.557006835938
167	266.620330810547
168	109.735023498535
169	36.5651473999023
170	10.1754283905029
171	2.85772585868835
172	1.29483079910278
173	1.04029178619385
174	1.05254244804382
175	1.5047196149826
176	5.06478548049927
177	26.6376781463623
178	127.642509460449
179	491.481109619141
180	1493.80688476563
181	3588.11328125
182	6868.8828125
183	10656.7763671875
184	13774.4638671875
185	15372.5947265625
186	15246.30859375
187	13464.515625
188	10311.8125
189	6606.69677734375
190	3440.080078125
191	1429.86926269531
192	470.096832275391
193	122.073890686035
194	25.5057582855225
195	4.88495683670044
196	1.48211359977722
197	1.04682040214539
198	1.00355780124664
199	1.00021159648895
200	1.00001156330109
201	1.00003743171692
202	1.00062358379364
203	1.00820565223694
204	1.08447372913361
205	1.68036448955536
206	5.2871732711792
207	22.135368347168
208	82.5188446044922
209	246.988967895508
210	581.741271972656
211	1073.65270996094
212	1551.04748535156
213	1753.42846679688
214	1551.04748535156
215	1073.65270996094
216	581.741271972656
217	246.988967895508
218	82.5188446044922
219	22.135368347168
220	5.2871732711792
221	1.68036723136902
222	1.08453261852264
223	1.00919592380524
224	1.01365447044373
225	1.13418555259705
226	2.08046364784241
227	7.80845642089844
228	34.5671005249023
229	130.488845825195
230	391.910797119141
231	924.943237304688
232	1712.80798339844
233	2494.90356445313
234	2881.58935546875
235	2693.10009765625
236	2130.27416992188
237	1538.66564941406
238	1087.77966308594
239	749.115478515625
240	481.057281494141
241	340.132537841797
242	492.395446777344
243	1219.58813476563
244	2817.3017578125
245	5227.0908203125
246	7697.72265625
247	9145.646484375
248	9136.0498046875
249	8255.5126953125
250	7263.2666015625
251	6235.04736328125
252	4860.134765625
253	3193.77001953125
254	1695.14123535156
255	713.1337890625
256	236.316925048828
257	61.9446258544922
258	13.357213973999
259	2.96076345443726
260	1.24343359470367
261	1.02364611625671
262	1.00179708003998
263	1.00010681152344
264	1.00000500679016
265	1.00000023841858
266	1
267	1
268	1
269	1
270	1
271	1
272	1
273	1
274	1
275	1
276	1
277	1
278	1
279	1
280	1
281	1
282	1
283	1
284	1.00000035762787
285	1.00000774860382
286	1.00013029575348
287	1.00171458721161
288	1.01765120029449
289	1.14216578006744
290	1.895827293396
291	5.41634559631348
292	18.0337886810303
293	52.4006805419922
294	122.348922729492
295	225.136383056641
296	324.890533447266
297	367.179077148438
298	324.890533447266
299	225.136383056641
300	122.348922729492
301	52.4006805419922
302	18.0337886810303
303	5.41634559631348
304	1.895827293396
305	1.14216578006744
306	1.01765120029449
307	1.00171458721161
308	1.00013029575348
309	1.00000774860382
310	1.00000035762787
311	1
312	1
313	1
314	1
315	1
316	1
317	1
318	1
319	1
320	1
321	1
322	1
323	1
324	1
325	1
326	1
327	1
328	1
329	1
330	1
331	1
332	1
333	1
334	1
335	1
336	1
337	1
338	1
339	1
340	1
341	1
342	1
343	1
344	1
345	1.00000083446503
346	1.00002443790436
347	1.00052654743195
348	1.00885677337646
349	1.11654031276703
350	2.1997389793396
351	10.6628837585449
352	61.8886184692383
353	301.175262451172
354	1158.77209472656
355	3494.66064453125
356	8248.9833984375
357	15235.3603515625
358	22015.564453125
359	24889.880859375
360	22015.564453125
361	15235.3603515625
362	8248.9833984375
363	3494.66064453125
364	1158.77209472656
365	301.175262451172
366	61.8886184692383
367	10.6628837585449
368	2.1997389793396
369	1.11654031276703
370	1.00885677337646
371	1.00052654743195
372	1.00002455711365
373	1.00000095367432
374	1.00000143051147
375	1.00003087520599
376	1.00053834915161
377	1.00741839408875
378	1.08077955245972
379	1.69600558280945
380	5.75134515762329
381	26.7275257110596
382	111.588424682617
383	378.514984130859
384	1024.44262695313
385	2203.41772460938
386	3760.04614257813
387	5083.8056640625
388	5438.52978515625
389	4596.8017578125
390	3065.61767578125
391	1611.18115234375
392	666.790710449219
393	217.425827026367
394	56.2582740783691
395	12.0731945037842
396	2.74045562744141
397	1.21445882320404
398	1.02070784568787
399	1.00156652927399
400	1.00009799003601
401	1.00011956691742
402	1.00200545787811
403	1.02750742435455
404	1.29792726039886
405	3.55138874053955
406	18.2999496459961
407	93.9930801391602
408	397.662628173828
409	1344.48303222656
410	3614.90234375
411	7719.87548828125
412	13083.31640625
413	17577.9375
414	18700.703125
415	15742.0537109375
416	10512.48828125
417	5707.46630859375
418	2929.42895507813
419	2304.80346679688
420	3231.63598632813
421	4904.92236328125
422	6370.36083984375
423	6733.04931640625
424	5704.3369140625
425	3841.5537109375
426	2045.10986328125
427	857.721557617188
428	283.139282226563
429	74.6700668334961
430	22.4597473144531
431	45.6926383972168
432	210.107986450195
433	806.447265625
434	2431.53857421875
435	5740.4140625
436	10612.3994140625
437	15401.076171875
438	17736.990234375
439	16943.072265625
440	15510.193359375
441	17333.71875
442	23847.791015625
443	31754.416015625
444	35198.53515625
445	30991.3671875
446	21424.140625
447	11596.8251953125
448	4912.4599609375
449	1628.61071777344
450	423.107452392578
451	87.5762100219727
452	20.7539939880371
453	33.1038208007813
454	118.482704162598
455	355.030578613281
456	836.781799316406
457	1544.7216796875
458	2231.77026367188
459	2523.02954101563
460	2231.77026367188
461	1544.7216796875
462	836.781066894531
463	355.018127441406
464	118.318870544434
465	31.4172306060791
466	7.16993951797485
467	1.97915518283844
468	1.12157142162323
469	1.01180922985077
470	1.00089752674103
471	1.00005340576172
472	1.00000250339508
473	1.00000011920929
474	1
475	1
476	1
477	1
478	1
479	1
480	1
481	1
482	1
483	1
484	1
485	1
486	1
487	1
488	1
489	1
490	1
491	1
492	1
493	1
494	1
495	1
496	1
497	1
498	1
499	1
500	1
