1	1.0164178609848
2	1.16901576519012
3	2.36127877235413
4	9.5778112411499
5	43.2878150939941
6	164.103561401367
7	493.176727294922
8	1162.95178222656
9	2147.17211914063
10	3102.34765625
11	3507.27294921875
12	3102.34765625
13	2147.17211914063
14	1162.95178222656
15	493.176727294922
16	164.103561401367
17	43.2878150939941
18	9.57781219482422
19	2.36130499839783
20	1.16936123371124
21	1.01997458934784
22	1.02989387512207
23	1.18058443069458
24	1.88995742797852
25	4.43346786499023
26	11.3729267120361
27	25.6143493652344
28	47.4745101928711
29	74.52783203125
30	115.528381347656
31	223.413055419922
32	520.374084472656
33	1144.98950195313
34	2079.18920898438
35	2992.57373046875
36	3380.17626953125
37	2989.32202148438
38	2068.86083984375
39	1120.54150390625
40	475.211517333984
41	158.149948120117
42	41.7442169189453
43	9.26470184326172
44	2.31158924102783
45	1.162846326828
46	1.01581859588623
47	1.00120222568512
48	1.00007152557373
49	1.00000333786011
50	1.00000011920929
51	1
52	1
53	1
54	1
55	1
56	1
57	1
58	1.00000154972076
59	1.0000422000885
60	1.00090670585632
61	1.01525330543518
62	1.20078361034393
63	3.06861233711243
64	17.6881656646729
65	106.515426635742
66	524.871765136719
67	2051.28979492188
68	6375.19140625
69	15972.8076171875
70	33062.9140625
71	58524.125
72	91537.3125
73	127837.109375
74	156244.234375
75	161455.921875
76	137285.46875
77	95919.5859375
78	58668.8125
79	38256.9296875
80	32266.859375
81	30630.958984375
82	26022.68359375
83	17939.041015625
84	9773.7431640625
85	4184.1005859375
86	1406.51293945313
87	371.839202880859
88	77.8922576904297
89	13.5414361953735
90	2.61090993881226
91	1.16315686702728
92	1.01304805278778
93	1.00082504749298
94	1.00004136562347
95	1.00000166893005
96	1
97	1
98	1
99	1
100	1
101	1
102	1
103	1
104	1
105	1
106	1
107	1
108	1
109	1
110	1.00000047683716
111	1.00001335144043
112	1.00028586387634
113	1.0048086643219
114	1.06327426433563
115	1.65138518810272
116	6.24635648727417
117	34.0588073730469
118	163.976867675781
119	629.599670410156
120	1897.8447265625
121	4479.15185546875
122	8272.328125
123	11953.56640625
124	13514.1455078125
125	11953.56640625
126	8272.328125
127	4479.15185546875
128	1897.8447265625
129	629.599792480469
130	163.978240966797
131	34.0730438232422
132	6.36113023757935
133	2.37659931182861
134	4.66473197937012
135	15.1654977798462
136	45.9051055908203
137	120.711730957031
138	289.644775390625
139	678.58056640625
140	1553.03991699219
141	3229.4033203125
142	5662.4697265625
143	8018.9208984375
144	8996.68359375
145	7935.4599609375
146	5490.37451171875
147	3000.5625
148	1413.26232910156
149	1016.37426757813
150	1916.75317382813
151	4298.357421875
152	7962.7666015625
153	11888.2646484375
154	15345.9072265625
155	20925.310546875
156	36664.80859375
157	72224.1484375
158	127330.234375
159	181994.984375
160	205258.703125
161	181503.90625
162	125688.921875
163	68195.125
164	29053.55859375
165	9776.720703125
166	2637.92529296875
167	591.311279296875
168	118.159118652344
169	23.3268737792969
170	5.18602609634399
171	1.72732257843018
172	1.10843980312347
173	1.01745307445526
174	1.05861437320709
175	1.59067761898041
176	5.75896406173706
177	31.01806640625
178	149.300262451172
179	575.520935058594
180	1750.59228515625
181	4210.0654296875
182	8078.29541015625
183	12587.4404296875
184	16389.21484375
185	18483.3203125
186	18552.044921875
187	16557.888671875
188	12775.169921875
189	8220.9765625
190	4290.625
191	1785.38708496094
192	587.158203125
193	152.330703735352
194	31.6340560913086
195	5.85681200027466
196	1.6027375459671
197	1.05853569507599
198	1.00444805622101
199	1.00026452541351
200	1.00001287460327
201	1.00001347064972
202	1.00021994113922
203	1.00289344787598
204	1.02978718280792
205	1.23991060256958
206	2.51174569129944
207	8.45276641845703
208	29.7452239990234
209	87.7407836914063
210	205.781326293945
211	379.239440917969
212	547.578674316406
213	618.9423828125
214	547.578674316406
215	379.239440917969
216	205.781326293945
217	87.7407836914063
218	29.7452239990234
219	8.45276641845703
220	2.51174902915955
221	1.24000692367554
222	1.03185939788818
223	1.03774619102478
224	1.45882427692413
225	5.72118902206421
226	39.0254020690918
227	240.614486694336
228	1182.34899902344
229	4558.18603515625
230	13758.5810546875
231	32517.94140625
232	60245.78125
233	87770.5859375
234	101379.46875
235	94745.8515625
236	74937.9453125
237	54117.078125
238	38248.75
239	26329.9140625
240	16895.91015625
241	11935.509765625
242	17286.720703125
243	42820.8671875
244	98696.6328125
245	181854.078125
246	262884.46875
247	297717.0625
248	264559.28125
249	185341.5625
250	103615.6484375
251	47586.8515625
252	19040.640625
253	7200.32275390625
254	2686.49633789063
255	946.132507324219
256	290.323364257813
257	73.6925201416016
258	15.5688753128052
259	3.30156254768372
260	1.28527319431305
261	1.02769315242767
262	1.00210404396057
263	1.00012505054474
264	1.00000584125519
265	1.00000023841858
266	1
267	1
268	1
269	1
270	1
271	1
272	1
273	1
274	1
275	1
276	1
277	1
278	1
279	1
280	1
281	1
282	1
283	1
284	1.00000011920929
285	1.00000274181366
286	1.00004589557648
287	1.0006046295166
288	1.00622415542603
289	1.05013060569763
290	1.31588709354401
291	2.5572943687439
292	7.00646495819092
293	19.1249389648438
294	43.7901306152344
295	80.0351104736328
296	115.210472106934
297	130.122283935547
298	115.210472106934
299	80.0351104736328
300	43.7901306152344
301	19.1249389648438
302	7.00646495819092
303	2.5572943687439
304	1.31588709354401
305	1.05013060569763
306	1.00622415542603
307	1.0006046295166
308	1.00004589557648
309	1.00000274181366
310	1.00000011920929
311	1
312	1
313	1
314	1
315	1
316	1
317	1
318	1
319	1
320	1
321	1
322	1
323	1
324	1
325	1
326	1
327	1
328	1
329	1
330	1
331	1
332	1
333	1
334	1
335	1
336	1
337	1
338	1
339	1
340	1
341	1
342	1
343	1
344	1
345	1.00000107288361
346	1.00002872943878
347	1.00061655044556
348	1.01036870479584
349	1.13643515110016
350	2.40454912185669
351	12.3124561309814
352	72.2830505371094
353	352.418853759766
354	1356.41809082031
355	4091.07153320313
356	9657.0146484375
357	17836.052734375
358	25773.720703125
359	29138.71875
360	25773.720703125
361	17836.052734375
362	9657.0146484375
363	4091.07153320313
364	1356.41809082031
365	352.418853759766
366	72.2830505371094
367	12.3124561309814
368	2.40454912185669
369	1.13643515110016
370	1.01036870479584
371	1.00061655044556
372	1.00002872943878
373	1.00000107288361
374	1.00000071525574
375	1.00001466274261
376	1.00027203559875
377	1.00399804115295
378	1.04667115211487
379	1.43265044689178
380	4.18335771560669
381	19.5739917755127
382	86.8394317626953
383	314.795013427734
384	907.088073730469
385	2064.751953125
386	3703.90600585938
387	5228.771484375
388	5802.40478515625
389	5057.0439453125
390	3459.03637695313
391	1855.91711425781
392	780.97265625
393	257.991638183594
394	67.3288803100586
395	14.4065732955933
396	3.1216561794281
397	1.26284718513489
398	1.02548861503601
399	1.00193464756012
400	1.00012147426605
401	1.0001494884491
402	1.00250732898712
403	1.0343906879425
404	1.37247908115387
405	4.18983507156372
406	22.628999710083
407	117.26318359375
408	496.921417236328
409	1680.66931152344
410	4519.2265625
411	9651.4111328125
412	16357.0400390625
413	21977.25390625
414	23389.83984375
415	19760.091796875
416	13641.1240234375
417	9591.9775390625
418	13137.123046875
419	31472.484375
420	71539.3515625
421	130806
422	188125.53125
423	212101.625
424	187292.84375
425	129476.5390625
426	70055.9140625
427	29663.291015625
428	9828.6328125
429	2549.59301757813
430	525.591430664063
431	132.586395263672
432	255.646682739258
433	944.903015136719
434	2846.53393554688
435	6720.20703125
436	12423.896484375
437	18030.05859375
438	20764.7421875
439	19835.291015625
440	18157.802734375
441	20292.625
442	27918.732421875
443	37175.11328125
444	41207.1875
445	36281.8046875
446	25081.333984375
447	13576.376953125
448	5750.93701171875
449	1906.86560058594
450	499.302581787109
451	135.669586181641
452	234.045745849609
453	1073.46813964844
454	4130.07177734375
455	12460.20703125
456	29415.193359375
457	54330.2109375
458	78509.96875
459	88760.4375
460	78509.96875
461	54330.2109375
462	29415.193359375
463	12460.1923828125
464	4129.88037109375
465	1071.49365234375
466	218.142730712891
467	35.4600524902344
468	5.27854347229004
469	1.4156094789505
470	1.03158521652222
471	1.00187802314758
472	1.00008738040924
473	1.00000321865082
474	1.00000011920929
475	1
476	1
477	1
478	1
479	1
480	1
481	1
482	1
483	1
484	1
485	1
486	1
487	1
488	1
489	1
490	1
491	1
492	1
493	1
494	1
495	1
496	1
497	1
498	1
499	1
500	1
