1	1.02018392086029
2	1.20778620243073
3	2.67354226112366
4	11.5454721450806
5	52.9882049560547
6	201.517852783203
7	606.077026367188
8	1429.49157714844
9	2639.48217773438
10	3813.76489257813
11	4311.576171875
12	3813.76489257813
13	2639.48217773438
14	1429.49157714844
15	606.077026367188
16	201.517852783203
17	52.9882049560547
18	11.5454788208008
19	2.67365097999573
20	1.20921778678894
21	1.03492152690887
22	1.12023305892944
23	1.74805080890656
24	4.68742752075195
25	15.2232112884521
26	43.9309768676758
27	102.470764160156
28	189.366882324219
29	279.164031982422
30	344.877471923828
31	418.541015625
32	632.065734863281
33	1150.359375
34	1979.69055175781
35	2812.5322265625
36	3167.22631835938
37	2799.05810546875
38	1936.89306640625
39	1049.05578613281
40	444.928100585938
41	148.113983154297
42	39.1421775817871
43	8.73689365386963
44	2.22782731056213
45	1.15244650840759
46	1.01480829715729
47	1.00112545490265
48	1.00006687641144
49	1.00000309944153
50	1.00000011920929
51	1
52	1
53	1
54	1
55	1
56	1
57	1
58	1.00000154972076
59	1.0000422000885
60	1.00090789794922
61	1.01527225971222
62	1.20103251934052
63	3.07117605209351
64	17.7088489532471
65	106.646202087402
66	525.52099609375
67	2053.83081054688
68	6383.09130859375
69	15992.6015625
70	33103.88671875
71	58596.6484375
72	91650.6796875
73	127994.921875
74	156434.140625
75	161638.703125
76	137394.046875
77	95872.9296875
78	58411.82421875
79	37839.609375
80	31901.681640625
81	30595.814453125
82	26425.494140625
83	18602.66796875
84	10399.5087890625
85	4593.4453125
86	1603.28295898438
87	443.109283447266
88	97.6000747680664
89	17.7341823577881
90	3.30051779747009
91	1.25113189220428
92	1.02177262306213
93	1.00149881839752
94	1.00008189678192
95	1.00000357627869
96	1.00000011920929
97	1
98	1
99	1
100	1
101	1
102	1
103	1
104	1
105	1
106	1
107	1
108	1
109	1
110	1.00000047683716
111	1.00001239776611
112	1.00026762485504
113	1.00450158119202
114	1.05923342704773
115	1.60978579521179
116	5.91130876541138
117	31.9475746154785
118	153.56867980957
119	589.455505371094
120	1776.70666503906
121	4193.1640625
122	7744.09765625
123	11190.240234375
124	12651.15625
125	11190.240234375
126	7744.09765625
127	4193.1640625
128	1776.70666503906
129	589.455932617188
130	153.574417114258
131	32.0065269470215
132	6.38614845275879
133	4.60234785079956
134	15.8183479309082
135	57.9925918579102
136	173.468307495117
137	411.335571289063
138	774.512817382813
139	1178.96594238281
140	1514.40454101563
141	1768.44689941406
142	2016.14282226563
143	2236.56787109375
144	2241.94311523438
145	1888.3251953125
146	1283.49084472656
147	697.007385253906
148	327.817626953125
149	235.759231567383
150	444.464813232422
151	1001.70867919922
152	1902.23486328125
153	3134.443359375
154	5451.857421875
155	12183.060546875
156	30642.853515625
157	69030.609375
158	126106.6796875
159	181798.5
160	205511.5
161	181983.140625
162	126355.3046875
163	69022.59375
164	29930.009765625
165	10532.2587890625
166	3155.65356445313
167	870.5751953125
168	236.284378051758
169	62.4522247314453
170	15.3280582427979
171	3.78441667556763
172	1.43487048149109
173	1.05770552158356
174	1.05887997150421
175	1.55307412147522
176	5.4519248008728
177	29.0597648620605
178	139.404602050781
179	535.4091796875
180	1617.30029296875
181	3834.98388671875
182	7152.54150390625
183	10546.6875
184	12422.380859375
185	11909.1923828125
186	9572.966796875
187	6688.4970703125
188	4165.01904296875
189	2302.2314453125
190	1096.44177246094
191	434.484710693359
192	139.810043334961
193	36.387882232666
194	8.11978912353516
195	2.12545490264893
196	1.13947200775146
197	1.01353573799133
198	1.00102818012238
199	1.00006127357483
200	1.00000536441803
201	1.00005424022675
202	1.00091111660004
203	1.01198947429657
204	1.12342751026154
205	1.99410390853882
206	7.26413536071777
207	31.8816089630127
208	120.109970092773
209	360.422912597656
210	849.540893554688
211	1568.28955078125
212	2265.82739257813
213	2561.533203125
214	2265.82739257813
215	1568.28955078125
216	849.540893554688
217	360.422912597656
218	120.109970092773
219	31.8816089630127
220	7.26413869857788
221	1.99420034885406
222	1.12550234794617
223	1.04688537120819
224	1.46008396148682
225	5.72708129882813
226	39.0725326538086
227	240.91145324707
228	1183.81311035156
229	4563.833984375
230	13775.630859375
231	32558.2421875
232	60320.4453125
233	87879.359375
234	101505.1171875
235	94863.2734375
236	75030.8203125
237	54184.14453125
238	38296.15234375
239	26362.544921875
240	16916.84765625
241	11950.298828125
242	17308.125
243	42873.7890625
244	98818.0078125
245	182074.8125
246	263192.375
247	298032.03125
248	264759.59375
249	185335.671875
250	103403.6328125
251	47260.94140625
252	18723.80078125
253	6973.6591796875
254	2562.27685546875
255	893.277465820313
256	272.778015136719
257	69.1406631469727
258	14.6453418731689
259	3.1549870967865
260	1.2670738697052
261	1.02592527866364
262	1.00196969509125
263	1.00011706352234
264	1.00000548362732
265	1.00000023841858
266	1
267	1
268	1
269	1
270	1
271	1
272	1
273	1
274	1
275	1
276	1
277	1
278	1
279	1
280	1
281	1
282	1
283	1
284	1.00000047683716
285	1.00001132488251
286	1.00019037723541
287	1.0025053024292
288	1.02579081058502
289	1.20772314071655
290	2.30892372131348
291	7.45287370681763
292	25.888650894165
293	76.1032943725586
294	178.307052612305
295	328.493347167969
296	474.247528076172
297	536.036804199219
298	474.247528076172
299	328.493347167969
300	178.307052612305
301	76.1032943725586
302	25.888650894165
303	7.45287370681763
304	2.30892372131348
305	1.20772314071655
306	1.02579081058502
307	1.0025053024292
308	1.00019037723541
309	1.00001132488251
310	1.00000047683716
311	1
312	1
313	1
314	1
315	1
316	1
317	1
318	1
319	1
320	1
321	1
322	1
323	1
324	1
325	1
326	1
327	1
328	1
329	1
330	1
331	1
332	1
333	1
334	1
335	1
336	1
337	1
338	1
339	1
340	1
341	1
342	1
343	1
344	1
345	1.00000095367432
346	1.00002682209015
347	1.00057709217072
348	1.00970649719238
349	1.1277220249176
350	2.31485056877136
351	11.5900096893311
352	67.7307052612305
353	329.976226806641
354	1269.85717773438
355	3829.86767578125
356	9040.353515625
357	16697.0546875
358	24127.798828125
359	27277.900390625
360	24127.798828125
361	16697.0546875
362	9040.353515625
363	3829.86767578125
364	1269.85717773438
365	329.976226806641
366	67.7307052612305
367	11.5900096893311
368	2.31485056877136
369	1.1277220249176
370	1.00970649719238
371	1.00057709217072
372	1.00002682209015
373	1.00000107288361
374	1.00000190734863
375	1.00004005432129
376	1.00067925453186
377	1.0090343952179
378	1.09427952766418
379	1.77245724201202
380	5.97311019897461
381	26.1826019287109
382	101.410469055176
383	316.652465820313
384	784.398193359375
385	1538.13452148438
386	2388.79223632813
387	2941.21411132813
388	2873.74365234375
389	2229.63671875
390	1374.13928222656
391	672.797241210938
392	261.82080078125
393	81.2796020507813
394	20.5656890869141
395	4.77065896987915
396	1.57379698753357
397	1.06885302066803
398	1.00650668144226
399	1.000483751297
400	1.00002980232239
401	1.00003457069397
402	1.00057947635651
403	1.00794744491577
404	1.0860778093338
405	1.73715317249298
406	5.99834156036377
407	27.8677768707275
408	115.604690551758
409	389.162261962891
410	1045.13732910156
411	2231.15991210938
412	3780.84790039063
413	5080.35205078125
414	5413.87109375
415	4630.361328125
416	3551.05224609375
417	4179.0087890625
418	10602.501953125
419	30104.28125
420	70432.0859375
421	129782.8984375
422	187336.4375
423	211660.296875
424	187144.015625
425	129475.671875
426	70089.2734375
427	29686.19140625
428	9837.9951171875
429	2552.24169921875
430	525.673828125
431	129.51579284668
432	240.046569824219
433	884.686950683594
434	2664.81494140625
435	6291.09912109375
436	11630.5341796875
437	16878.669921875
438	19438.708984375
439	18568.615234375
440	16998.2578125
441	18996.744140625
442	26135.82421875
443	34801.06640625
444	38575.640625
445	33964.8046875
446	23479.630859375
447	12709.4140625
448	5383.7314453125
449	1785.17858886719
450	467.758087158203
451	129.312622070313
452	233.299255371094
453	1074.66870117188
454	4135.1767578125
455	12475.6474609375
456	29451.6484375
457	54397.54296875
458	78607.265625
459	88870.4453125
460	78607.265625
461	54397.54296875
462	29451.646484375
463	12475.6337890625
464	4134.9970703125
465	1072.8203125
466	218.411834716797
467	35.502758026123
468	5.28384637832642
469	1.41612458229065
470	1.03162443637848
471	1.00188028812408
472	1.00008749961853
473	1.00000321865082
474	1.00000011920929
475	1
476	1
477	1
478	1
479	1
480	1
481	1
482	1
483	1
484	1
485	1
486	1
487	1
488	1
489	1
490	1
491	1
492	1
493	1
494	1
495	1
496	1
497	1
498	1
499	1
500	1
