1	1.02297866344452
2	1.23655641078949
3	2.90526151657104
4	13.0056028366089
5	60.1865158081055
6	229.281631469727
7	689.856201171875
8	1627.28112792969
9	3004.80737304688
10	4341.681640625
11	4908.42041015625
12	4341.681640625
13	3004.80737304688
14	1627.28112792969
15	689.856201171875
16	229.281631469727
17	60.1865158081055
18	13.0056085586548
19	2.90534687042236
20	1.23767995834351
21	1.03454518318176
22	1.09490513801575
23	1.58712685108185
24	3.8940327167511
25	12.1632175445557
26	34.6988258361816
27	80.6915817260742
28	149.272552490234
29	222.061569213867
30	284.441955566406
31	380.985443115234
32	654.0576171875
33	1275.541015625
34	2241.9384765625
35	3201.78002929688
36	3609.96264648438
37	3191.20532226563
38	2208.34985351563
39	1196.03491210938
40	507.186187744141
41	168.745910644531
42	44.4914169311523
43	9.82195281982422
44	2.40002369880676
45	1.17382621765137
46	1.01688516139984
47	1.00128316879272
48	1.00007629394531
49	1.00000357627869
50	1.00000011920929
51	1
52	1
53	1
54	1
55	1
56	1
57	1
58	1.00000166893005
59	1.00004553794861
60	1.00097799301147
61	1.01645147800446
62	1.2165561914444
63	3.23111128807068
64	18.9990978240967
65	114.804153442383
66	566.024291992188
67	2212.349609375
68	6875.91357421875
69	17227.466796875
70	35660.078125
71	63121.38671875
72	98727.90625
73	137879.171875
74	168517.625
75	174138.53125
76	148071.828125
77	103474.578125
78	63367.25
79	41527.75
80	35369.62109375
81	33945.66015625
82	29171.484375
83	20378.875
84	11283.734375
85	4926.8828125
86	1696.43432617188
87	461.515625
88	99.8443450927734
89	17.7882461547852
90	3.25928831100464
91	1.2411744594574
92	1.02043759822845
93	1.00137543678284
94	1.00007355213165
95	1.00000309944153
96	1.00000011920929
97	1
98	1
99	1
100	1
101	1
102	1
103	1
104	1
105	1
106	1
107	1
108	1
109	1
110	1.00000047683716
111	1.00001418590546
112	1.00030517578125
113	1.00513291358948
114	1.06754064559937
115	1.69530510902405
116	6.60009431838989
117	36.2878112792969
118	174.96565246582
119	671.983276367188
120	2025.74035644531
121	4781.09326171875
122	8830.0263671875
123	12759.47265625
124	14425.2744140625
125	12759.47265625
126	8830.0263671875
127	4781.09326171875
128	2025.74035644531
129	671.983642578125
130	174.970138549805
131	36.3340835571289
132	6.97287368774414
133	4.04582071304321
134	12.6754236221313
135	45.9830856323242
136	138.387649536133
137	335.829864501953
138	671.109619140625
139	1168.62084960938
140	1922.388671875
141	3120.11279296875
142	4781.5576171875
143	6378.30810546875
144	6986.12744140625
145	6105.35595703125
146	4209.46630859375
147	2297.59350585938
148	1081.72924804688
149	777.864379882813
150	1466.94018554688
151	3291.76733398438
152	6117.0625
153	9252.5625
154	12515.9111328125
155	18999.673828125
156	37075.1015625
157	76561.734375
158	136773.09375
159	196130.78125
160	221415.578125
161	195944.578125
162	135916.5625
163	74066.1015625
164	31917.095703125
165	11058.8525390625
166	3200.90454101563
167	830.335327148438
168	208.965728759766
169	52.1234283447266
170	12.5262041091919
171	3.20666337013245
172	1.34265625476837
173	1.04679834842682
174	1.06529891490936
175	1.63063228130341
176	6.07850646972656
177	33.0243530273438
178	159.117294311523
179	612.790954589844
180	1859.3134765625
181	4448.28271484375
182	8447.1044921875
183	12905.580078125
184	16241.755859375
185	17416.189453125
186	16459.986328125
187	13894.9111328125
188	10293.6015625
189	6461.90185546875
190	3327.41333007813
191	1375.19396972656
192	450.874572753906
193	116.953155517578
194	24.453742980957
195	4.71699333190918
196	1.46119916439056
197	1.04478597640991
198	1.00340306758881
199	1.00020241737366
200	1.0000114440918
201	1.00004291534424
202	1.00071513652802
203	1.00940978527069
204	1.09686970710754
205	1.78020358085632
206	5.91628789901733
207	25.2368450164795
208	94.481201171875
209	283.086242675781
210	666.961242675781
211	1231.05749511719
212	1778.5068359375
213	2010.58581542969
214	1778.5068359375
215	1231.05749511719
216	666.961242675781
217	283.086242675781
218	94.481201171875
219	25.2368450164795
220	5.9162917137146
221	1.78030753135681
222	1.09910476207733
223	1.04700028896332
224	1.49534499645233
225	6.09208822250366
226	42.0124740600586
227	259.437316894531
228	1275.1494140625
229	4916.173828125
230	14839.3017578125
231	35072.296875
232	64978.2890625
233	94665.2890625
234	109343.21875
235	102188.4921875
236	80824.59375
237	58368.14453125
238	41253.28515625
239	28398.171875
240	18223.08203125
241	12873.0205078125
242	18644.58984375
243	46184.54296875
244	106449.46875
245	196138.6875
246	283532.125
247	321094.8125
248	285319.71875
249	199860.640625
250	111696.859375
251	51259.14453125
252	20478.09375
253	7725.58935546875
254	2875.650390625
255	1011.14123535156
256	309.990386962891
257	78.6093139648438
258	16.5523643493652
259	3.45681619644165
260	1.30451107025146
261	1.0295604467392
262	1.00224602222443
263	1.0001335144043
264	1.00000619888306
265	1.00000023841858
266	1
267	1
268	1
269	1
270	1
271	1
272	1
273	1
274	1
275	1
276	1
277	1
278	1
279	1
280	1
281	1
282	1
283	1
284	1.00000035762787
285	1.00000894069672
286	1.00014936923981
287	1.00196623802185
288	1.02024137973785
289	1.16302764415741
290	2.02728390693665
291	6.0644154548645
292	20.5333862304688
293	59.9433937072754
294	140.15608215332
295	258.026916503906
296	372.419342041016
297	420.913452148438
298	372.419342041016
299	258.026916503906
300	140.15608215332
301	59.9433937072754
302	20.5333862304688
303	6.0644154548645
304	2.02728390693665
305	1.16302764415741
306	1.02024137973785
307	1.00196623802185
308	1.00014936923981
309	1.00000894069672
310	1.00000035762787
311	1
312	1
313	1
314	1
315	1
316	1
317	1
318	1
319	1
320	1
321	1
322	1
323	1
324	1
325	1
326	1
327	1
328	1
329	1
330	1
331	1
332	1
333	1
334	1
335	1
336	1
337	1
338	1
339	1
340	1
341	1
342	1
343	1
344	1
345	1.00000107288361
346	1.00003063678741
347	1.00065803527832
348	1.01106786727905
349	1.1456344127655
350	2.4992516040802
351	13.0752038955688
352	77.0893402099609
353	376.113433837891
354	1447.80773925781
355	4366.84619140625
356	10308.076171875
357	19038.587890625
358	27511.45703125
359	31103.341796875
360	27511.45703125
361	19038.587890625
362	10308.076171875
363	4366.84619140625
364	1447.80773925781
365	376.113433837891
366	77.0893402099609
367	13.0752038955688
368	2.4992516040802
369	1.1456344127655
370	1.01106786727905
371	1.00065803527832
372	1.00003063678741
373	1.0000011920929
374	1.00000154972076
375	1.00003457069397
376	1.00059986114502
377	1.0082141160965
378	1.08877861499786
379	1.75845563411713
380	6.12895107269287
381	28.4888362884521
382	117.887550354004
383	395.616790771484
384	1059.06506347656
385	2253.78662109375
386	3807.74926757813
387	5101.490234375
388	5413.19287109375
389	4543.02197265625
390	3011.41796875
391	1574.64318847656
392	648.930114746094
393	210.888854980469
394	54.4380569458008
395	11.6840791702271
396	2.67623353004456
397	1.20624506473541
398	1.0198917388916
399	1.00150346755981
400	1.00009393692017
401	1.00011432170868
402	1.00191819667816
403	1.02631044387817
404	1.28496289253235
405	3.44036436080933
406	17.5471382141113
407	89.9464645385742
408	380.401763916016
409	1286.02111816406
410	3457.64282226563
411	7383.99169921875
412	12514.115234375
413	16814.11328125
414	17897.685546875
415	15143.28125
416	10598.271484375
417	8137.04345703125
418	13130.60546875
419	33371.8671875
420	76672.1796875
421	140598.859375
422	202487.453125
423	228476.4375
424	201850.40625
425	139581.765625
426	75537.2890625
427	31987.7578125
428	10599.4931640625
429	2749.60424804688
430	566.690368652344
431	142.369049072266
432	272.929473876953
433	1008.55706787109
434	3038.39624023438
435	7173.25244140625
436	13261.515625
437	19245.67578125
438	22164.74609375
439	21172.626953125
440	19382.033203125
441	21660.796875
442	29801.09765625
443	39681.59765625
444	43985.53125
445	38728.05078125
446	26772.38671875
447	14491.7021484375
448	6138.62939453125
449	2035.3740234375
450	532.948486328125
451	145.133239746094
452	252.175582885742
453	1157.69348144531
454	4454.42724609375
455	13438.935546875
456	31725.814453125
457	58598.01953125
458	84677.2109375
459	95732.90625
460	84677.2109375
461	58598.01953125
462	31725.8125
463	13438.919921875
464	4454.22265625
465	1155.58581542969
466	235.200286865234
467	38.1670455932617
468	5.61464309692383
469	1.44825756549835
470	1.03406643867493
471	1.00202548503876
472	1.00009417533875
473	1.0000034570694
474	1.00000011920929
475	1
476	1
477	1
478	1
479	1
480	1
481	1
482	1
483	1
484	1
485	1
486	1
487	1
488	1
489	1
490	1
491	1
492	1
493	1
494	1
495	1
496	1
497	1
498	1
499	1
500	1
