1	1.01493203639984
2	1.15371990203857
3	2.23808360099792
4	8.80152130126953
5	39.4607810974121
6	149.342742919922
7	448.634887695313
8	1057.79553222656
9	1952.9443359375
10	2821.67651367188
11	3189.95654296875
12	2821.67651367188
13	1952.9443359375
14	1057.79553222656
15	448.634887695313
16	149.342742919922
17	39.4607810974121
18	8.80152416229248
19	2.23812937736511
20	1.15432226657867
21	1.02113366127014
22	1.05108332633972
23	1.31481087207794
24	2.55173206329346
25	6.98622703552246
26	19.0800399780273
27	43.8505897521973
28	81.4874649047852
29	125.757270812988
30	183.694259643555
31	323.23193359375
32	708.720275878906
33	1528.53955078125
34	2761.73876953125
35	3970.3212890625
36	4483.35888671875
37	3964.6513671875
38	2743.72973632813
39	1485.9111328125
40	629.973022460938
41	209.436645507813
42	55.0413017272949
43	11.9619293212891
44	2.73963308334351
45	1.21599197387695
46	1.02098107337952
47	1.00159454345703
48	1.00009477138519
49	1.00000441074371
50	1.00000011920929
51	1
52	1
53	1
54	1
55	1
56	1
57	1
58	0.999999821186066
59	0.999994695186615
60	0.999886512756348
61	0.998091399669647
62	0.974876403808594
63	0.74115914106369
64	-1.08815312385559
65	-12.2029104232788
66	-64.5509033203125
67	-255.548202514648
68	-796.588317871094
69	-1997.51586914063
70	-4135.94921875
71	-7321.67578125
72	-11450.75
73	-15978.8466796875
74	-19448.439453125
75	-19703.29296875
76	-15252.4150390625
77	-6181.166015625
78	6436.25732421875
79	20745.150390625
80	33015.9375
81	38287.28125
82	34258.578125
83	23945.2890625
84	13115.392578125
85	5636.28125
86	1902.40942382813
87	505.212951660156
88	106.188980102539
89	18.2840480804443
90	3.23973751068115
91	1.22920477390289
92	1.01854979991913
93	1.00118887424469
94	1.0000604391098
95	1.00000238418579
96	1.00000011920929
97	1
98	1
99	1
100	1
101	1
102	1
103	1
104	1
105	1
106	1
107	1
108	1
109	1
110	1.00000059604645
111	1.00001764297485
112	1.00037920475006
113	1.00637805461884
114	1.08392417430878
115	1.8639680147171
116	7.95853185653687
117	44.8477172851563
118	217.165191650391
119	834.746398925781
120	2516.8896484375
121	5940.61962890625
122	10971.71875
123	15854.3466796875
124	17924.228515625
125	15854.3466796875
126	10971.71875
127	5940.61962890625
128	2516.8896484375
129	834.74658203125
130	217.167602539063
131	44.8725280761719
132	8.15844345092773
133	3.12491130828857
134	7.3166127204895
135	25.2141399383545
136	75.4050445556641
137	185.202331542969
138	383.353210449219
139	715.995300292969
140	1299.619140625
141	2307.09912109375
142	3734.71215820313
143	5111.79736328125
144	5658.55126953125
145	4965.58203125
146	3429.04418945313
147	1872.81872558594
148	882.039306640625
149	634.312194824219
150	1195.25463867188
151	2674.12158203125
152	4907.6171875
153	7040.1142578125
154	7720.39794921875
155	5909.03173828125
156	1313.78515625
157	-5840.4638671875
158	-14572.3046875
159	-22299.84765625
160	-25496.01953125
161	-22520.83203125
162	-15416.361328125
163	-8089.404296875
164	-3134.40234375
165	-780.100036621094
166	-23.0061206817627
167	92.7769927978516
168	56.5020904541016
169	21.4574165344238
170	6.50452613830566
171	2.13181376457214
172	1.18086349964142
173	1.02823579311371
174	1.07824683189392
175	1.78330194950104
176	7.30895376205444
177	40.7734985351563
178	197.275512695313
179	759.609436035156
180	2300.09765625
181	5477.80615234375
182	10305.87109375
183	15462.439453125
184	18827.5
185	19140.060546875
186	16838.98828125
187	13179.8974609375
188	9176.7998046875
189	5528.546875
190	2780.47265625
191	1135.08056640625
192	369.963165283203
193	95.8089447021484
194	20.1486206054688
195	4.03255224227905
196	1.37614619731903
197	1.0365207195282
198	1.00277483463287
199	1.00016498565674
200	1.00000870227814
201	1.00002312660217
202	1.0003833770752
203	1.00504517555237
204	1.0519380569458
205	1.41831743717194
206	3.63593888282776
207	13.9949350357056
208	51.1212959289551
209	152.244613647461
210	358.064727783203
211	660.513122558594
212	954.035949707031
213	1078.46850585938
214	954.035949707031
215	660.513122558594
216	358.064727783203
217	152.244613647461
218	51.1212959289551
219	13.9949350357056
220	3.6359384059906
221	1.41830539703369
222	1.05167877674103
223	1.00068414211273
224	0.942999243736267
225	0.409272581338882
226	-3.75803303718567
227	-28.9824275970459
228	-146.819564819336
229	-569.230529785156
230	-1720.45544433594
231	-4067.77270507813
232	-7537.29541015625
233	-10981.4130859375
234	-12684.2626953125
235	-11854.212890625
236	-9375.693359375
237	-6770.42431640625
238	-4784.85546875
239	-3293.47827148438
240	-2113.01953125
241	-1492.29846191406
242	-2161.51000976563
243	-5353.62353515625
244	-12327.572265625
245	-22650.376953125
246	-32493.849609375
247	-36047.0078125
248	-30258.853515625
249	-17937.76171875
250	-5373.9072265625
251	2627.8564453125
252	5208.77587890625
253	4352.65478515625
254	2508.70263671875
255	1087.27917480469
256	363.973358154297
257	95.3983306884766
258	20.1701564788818
259	4.04357147216797
260	1.37794947624207
261	1.03671550750732
262	1.00279033184052
263	1.00016593933105
264	1.00000774860382
265	1.00000023841858
266	1
267	1
268	1
269	1
270	1
271	1
272	1
273	1
274	1
275	1
276	1
277	1
278	1
279	1
280	1
281	1
282	1
283	1
284	1.00000023841858
285	1.00000476837158
286	1.00008010864258
287	1.0010541677475
288	1.01085269451141
289	1.08740961551666
290	1.55079317092896
291	3.7153594493866
292	11.4731073379517
293	32.6033515930176
294	75.6105422973633
295	138.808700561523
296	200.141845703125
297	226.142669677734
298	200.141845703125
299	138.808700561523
300	75.6105422973633
301	32.6033515930176
302	11.4731073379517
303	3.7153594493866
304	1.55079317092896
305	1.08740961551666
306	1.01085269451141
307	1.0010541677475
308	1.00008010864258
309	1.00000476837158
310	1.00000023841858
311	1
312	1
313	1
314	1
315	1
316	1
317	1
318	1
319	1
320	1
321	1
322	1
323	1
324	1
325	1
326	1
327	1
328	1
329	1
330	1
331	1
332	1
333	1
334	1
335	1
336	1
337	1
338	1
339	1
340	1
341	1
342	1
343	1
344	1
345	1.00000143051147
346	1.00003802776337
347	1.00081765651703
348	1.01375257968903
349	1.18096148967743
350	2.8629310131073
351	16.0043334960938
352	95.5466384887695
353	467.106201171875
354	1798.76574707031
355	5425.88720703125
356	12808.3046875
357	23656.61328125
358	34184.78125
359	38647.9609375
360	34184.78125
361	23656.61328125
362	12808.3046875
363	5425.88720703125
364	1798.76574707031
365	467.106201171875
366	95.5466384887695
367	16.0043334960938
368	2.8629310131073
369	1.18096148967743
370	1.01375257968903
371	1.00081765651703
372	1.00003802776337
373	1.00000143051147
374	1.00000095367432
375	1.00001966953278
376	1.00034606456757
377	1.00481522083282
378	1.05300998687744
379	1.4623509645462
380	4.19852924346924
381	18.565092086792
382	77.6056060791016
383	266.325286865234
384	730.478637695313
385	1591.74987792969
386	2749.2490234375
387	3757.65600585938
388	4058.21069335938
389	3458.22509765625
390	2322.28466796875
391	1227.6171875
392	510.578887939453
393	167.280746459961
394	43.5862426757813
395	9.5549783706665
396	2.34730458259583
397	1.16627526283264
398	1.01607525348663
399	1.0012172460556
400	1.00007617473602
401	1.00009322166443
402	1.00156390666962
403	1.02145159244537
404	1.23233795166016
405	2.98969483375549
406	14.4913272857666
407	73.5204467773438
408	310.336456298828
409	1048.71228027344
410	2819.29370117188
411	6020.54736328125
412	10203.2041015625
413	13708.1904296875
414	14582.4228515625
415	12264.548828125
416	8122.2646484375
417	4076.03100585938
418	837.802551269531
419	-2568.58813476563
420	-7787.5166015625
421	-15213.8359375
422	-22544.580078125
423	-25853.91796875
424	-23063.9765625
425	-16043.1015625
426	-8712.826171875
427	-3697.0869140625
428	-1225.837890625
429	-316.047637939453
430	-53.1645851135254
431	56.5166168212891
432	323.975463867188
433	1251.51525878906
434	3775.07958984375
435	8913.0478515625
436	16478.171875
437	23913.93359375
438	27541.09375
439	26308.314453125
440	24083.369140625
441	26914.90234375
442	37029.828125
443	49307.078125
444	54655.03515625
445	48122.23046875
446	33266.4296875
447	18006.767578125
448	7627.41259765625
449	2528.25146484375
450	655.715942382813
451	129.601516723633
452	-5.07753562927246
453	-130.329574584961
454	-515.383178710938
455	-1557.9716796875
456	-3679.53125
457	-6797.09326171875
458	-9822.65234375
459	-11105.271484375
460	-9822.65234375
461	-6797.09326171875
462	-3679.53247070313
463	-1557.99108886719
464	-515.637573242188
465	-132.948486328125
466	-26.1705856323242
467	-3.31190967559814
468	0.464635342359543
469	0.947995722293854
470	0.996047794818878
471	0.999765038490295
472	0.999989092350006
473	0.999999582767487
474	1
475	1
476	1
477	1
478	1
479	1
480	1
481	1
482	1
483	1
484	1
485	1
486	1
487	1
488	1
489	1
490	1
491	1
492	1
493	1
494	1
495	1
496	1
497	1
498	1
499	1
500	1
