1	1.02416431903839
2	1.24876272678375
3	3.003573179245
4	13.6250925064087
5	63.2405395507813
6	241.060974121094
7	725.401245117188
8	1711.197265625
9	3159.80395507813
10	4565.6611328125
11	5161.64306640625
12	4565.6611328125
13	3159.80395507813
14	1711.197265625
15	725.401245117188
16	241.060974121094
17	63.2405395507813
18	13.6250991821289
19	3.00367641448975
20	1.25012218952179
21	1.03815972805023
22	1.11455738544464
23	1.71040070056915
24	4.50177145004272
25	14.5078620910645
26	41.781909942627
27	97.495491027832
28	180.969345092773
29	272.019744873047
30	361.403747558594
31	528.053588867188
32	994.201843261719
33	2022.45434570313
34	3597.7490234375
35	5153.130859375
36	5814.04833984375
37	5140.33544921875
38	3557.10717773438
39	1926.25280761719
40	816.489379882813
41	271.246520996094
42	71.0667190551758
43	15.2125816345215
44	3.25550389289856
45	1.28004229068756
46	1.02720272541046
47	1.00206732749939
48	1.00012290477753
49	1.0000057220459
50	1.00000023841858
51	1
52	1
53	1
54	1
55	1
56	1
57	1
58	1.00000154972076
59	1.00004386901855
60	1.00094270706177
61	1.01585733890533
62	1.20873522758484
63	3.15053510665894
64	18.349063873291
65	110.694137573242
66	545.618530273438
67	2132.48706054688
68	6627.62744140625
69	16605.3359375
70	34372.265625
71	60841.8984375
72	95163.34375
73	132907.34375
74	162479.703125
75	168086.5625
76	143639.609375
77	102504.8515625
78	67627.2890625
79	52160.09765625
80	51691.71875
81	52715.08203125
82	45914.9921875
83	32056.7265625
84	17665.01953125
85	7661.28564453125
86	2615.87744140625
87	704.299438476563
88	150.232192993164
89	26.0160675048828
90	4.31757068634033
91	1.34853315353394
92	1.02903950214386
93	1.00192058086395
94	1.00010085105896
95	1.00000417232513
96	1.00000011920929
97	1
98	1
99	1
100	1
101	1
102	1
103	1
104	1
105	1
106	1
107	1
108	1
109	1
110	1.00000083446503
111	1.00002288818359
112	1.00049161911011
113	1.00826930999756
114	1.10881102085114
115	2.12016916275024
116	10.0220155715942
117	57.8503265380859
118	281.266845703125
119	1081.98571777344
120	3262.95190429688
121	7701.95556640625
122	14224.9775390625
123	20555.5
124	23239.185546875
125	20555.5
126	14224.9775390625
127	7701.95556640625
128	3262.9521484375
129	1081.98608398438
130	281.272308349609
131	57.9063110351563
132	10.4730176925659
133	4.96331405639648
134	15.1417188644409
135	55.3025436401367
136	166.202743530273
137	399.620239257813
138	779.683166503906
139	1289.83972167969
140	1951.77807617188
141	2891.94873046875
142	4154.22216796875
143	5360.291015625
144	5787.9658203125
145	5029.83935546875
146	3460.51196289063
147	1887.33923339844
148	888.387878417969
149	638.808715820313
150	1204.63720703125
151	2704.1328125
152	5034.35302734375
153	7673.5517578125
154	10656.556640625
155	17068.705078125
156	34874.8125
157	73330.890625
158	131638.625
159	188992.078125
160	213432.3125
161	188935.625
162	131138.484375
163	71580.53125
164	30978.509765625
165	10848.8427734375
166	3216.36840820313
167	871.323303222656
168	231.503372192383
169	60.2348861694336
170	14.691686630249
171	3.65066957473755
172	1.41356885433197
173	1.05843734741211
174	1.10355353355408
175	2.01569414138794
176	9.17901802062988
177	52.5573654174805
178	255.370239257813
179	983.690979003906
180	2976.34838867188
181	7074.6669921875
182	13256.6455078125
183	19730.4296875
184	23662.048828125
185	23433.486328125
186	19834.94921875
187	14830.03125
188	9900.6142578125
189	5785.61376953125
190	2856.43432617188
191	1154.43334960938
192	374.341583251953
193	96.6914749145508
194	20.303092956543
195	4.05520105361938
196	1.37884747982025
197	1.03677797317505
198	1.00279426574707
199	1.00016617774963
200	1.00001013278961
201	1.00005173683167
202	1.00086534023285
203	1.011385679245
204	1.11721110343933
205	1.94403612613678
206	6.94864368438721
207	30.326265335083
208	114.111030578613
209	342.320648193359
210	806.804382324219
211	1489.35339355469
212	2151.76000976563
213	2432.57250976563
214	2151.76000976563
215	1489.35339355469
216	806.804382324219
217	342.320648193359
218	114.111030578613
219	30.326265335083
220	6.94864749908447
221	1.94413626194
222	1.11936545372009
223	1.04761862754822
224	1.47763180732727
225	5.90819931030273
226	40.5313186645508
227	250.103897094727
228	1229.1337890625
229	4738.66357421875
230	14303.419921875
231	33805.70703125
232	62631.6484375
233	91246.5078125
234	105394.34375
235	98498.015625
236	77905.6640625
237	56260.2265625
238	39763.46875
239	27372.615234375
240	17564.998046875
241	12408.1689453125
242	17971.478515625
243	44518.21875
244	102615.1015625
245	189104.46875
246	273482.4375
247	310071.84375
248	276368.90625
249	195142.546875
250	111275.34375
251	53491.9609375
252	23350.91796875
253	9946.4091796875
254	4125.23681640625
255	1547.931640625
256	488.808990478516
257	125.061943054199
258	25.9818496704102
259	4.95366239547729
260	1.49037778377533
261	1.04761588573456
262	1.00361812114716
263	1.00021517276764
264	1.00001001358032
265	1.00000035762787
266	1
267	1
268	1
269	1
270	1
271	1
272	1
273	1
274	1
275	1
276	1
277	1
278	1
279	1
280	1
281	1
282	1
283	1
284	1.00000047683716
285	1.00001072883606
286	1.00018084049225
287	1.00237905979156
288	1.02449190616608
289	1.19726133346558
290	2.24300026893616
291	7.12787628173828
292	24.6351413726807
293	72.3207321166992
294	169.377029418945
295	311.999237060547
296	450.412536621094
297	509.089782714844
298	450.412536621094
299	311.999237060547
300	169.377029418945
301	72.3207321166992
302	24.6351413726807
303	7.12787628173828
304	2.24300026893616
305	1.19726133346558
306	1.02449190616608
307	1.00237905979156
308	1.00018084049225
309	1.00001072883606
310	1.00000047683716
311	1
312	1
313	1
314	1
315	1
316	1
317	1
318	1
319	1
320	1
321	1
322	1
323	1
324	1
325	1
326	1
327	1
328	1
329	1
330	1
331	1
332	1
333	1
334	1
335	1
336	1
337	1
338	1
339	1
340	1
341	1
342	1
343	1
344	1
345	1.00000178813934
346	1.00004935264587
347	1.00106012821198
348	1.01783084869385
349	1.23462390899658
350	3.41536498069763
351	20.4537220001221
352	123.583518981934
353	605.325439453125
354	2331.87548828125
355	7034.583984375
356	16606.185546875
357	30671.451171875
358	44321.64453125
359	50108.33984375
360	44321.64453125
361	30671.451171875
362	16606.185546875
363	7034.583984375
364	2331.87548828125
365	605.325439453125
366	123.583518981934
367	20.4537220001221
368	3.41536498069763
369	1.23462390899658
370	1.01783084869385
371	1.00106012821198
372	1.00004935264587
373	1.00000190734863
374	1.00000190734863
375	1.00004017353058
376	1.00069177150726
377	1.00936603546143
378	1.0998820066452
379	1.84011030197144
380	6.58087205886841
381	30.3222484588623
382	123.01407623291
383	403.584899902344
384	1055.23999023438
385	2193.28051757813
386	3621.60620117188
387	4748.40478515625
388	4939.62158203125
389	4072.66577148438
390	2658.05590820313
391	1371.52575683594
392	558.982055664063
393	180.066513061523
394	46.2410202026367
395	9.98871231079102
396	2.40312886238098
397	1.17194283008575
398	1.01652979850769
399	1.00124609470367
400	1.00007772445679
401	1.00009393692017
402	1.00157475471497
403	1.02160000801086
404	1.2339448928833
405	3.00345683097839
406	14.5846424102783
407	74.0220489501953
408	312.476043701172
409	1055.958984375
410	2838.787109375
411	6062.18798828125
412	10273.857421875
413	13804.1513671875
414	14695.1435546875
415	12444.9404296875
416	8780.642578125
417	7073.0322265625
418	12294.275390625
419	31966.90234375
420	73733.4296875
421	135352.9375
422	195029.5625
423	220125.125
424	194506.578125
425	134517.9375
426	72801.71875
427	30830.6015625
428	10216.3974609375
429	2650.95043945313
430	551.68896484375
431	171.518188476563
432	431.985260009766
433	1623.53161621094
434	4894.3359375
435	11555.8330078125
436	21364.314453125
437	31005.078125
438	35707.83984375
439	34109.48828125
440	31224.7578125
441	34895.953125
442	48010.359375
443	63928.30859375
444	70862.1484375
445	62392.10546875
446	43130.96484375
447	23346.203125
448	9888.98828125
449	3278.18237304688
450	855.007629394531
451	209.152359008789
452	254.090179443359
453	1117.28369140625
454	4293.7255859375
455	12953.63671875
456	30580.080078125
457	56481.80078125
458	81619.1484375
459	92275.5703125
460	81619.1484375
461	56481.80078125
462	30580.078125
463	12953.6123046875
464	4293.3955078125
465	1113.88818359375
466	226.742202758789
467	36.8247680664063
468	5.44798612594604
469	1.43206882476807
470	1.03283607959747
471	1.00195240974426
472	1.00009083747864
473	1.00000333786011
474	1.00000011920929
475	1
476	1
477	1
478	1
479	1
480	1
481	1
482	1
483	1
484	1
485	1
486	1
487	1
488	1
489	1
490	1
491	1
492	1
493	1
494	1
495	1
496	1
497	1
498	1
499	1
500	1
