1	1.01879477500916
2	1.19348502159119
3	2.55835819244385
4	10.8196640014648
5	49.4100379943848
6	187.716903686523
7	564.431640625
8	1331.17346191406
9	2457.88452148438
10	3551.34545898438
11	4014.89404296875
12	3551.34545898438
13	2457.88452148438
14	1331.17346191406
15	564.431640625
16	187.716903686523
17	49.4100379943848
18	10.8196678161621
19	2.55842447280884
20	1.19435822963715
21	1.02778363227844
22	1.07382643222809
23	1.45628845691681
24	3.24909162521362
25	9.67547988891602
26	27.1891117095947
27	62.933650970459
28	116.241928100586
29	172.874694824219
30	221.65690612793
31	297.77294921875
32	512.952453613281
33	1001.96575927734
34	1761.85864257813
35	2516.39501953125
36	2837.25805664063
37	2508.1767578125
38	1735.75512695313
39	940.177673339844
40	398.811676025391
41	132.831497192383
42	35.1799011230469
43	7.93317174911499
44	2.10027837753296
45	1.13661003112793
46	1.01327002048492
47	1.0010085105896
48	1.00005996227264
49	1.00000274181366
50	1.00000011920929
51	1
52	1
53	1
54	1
55	1
56	1
57	1
58	1.00000131130219
59	1.00003445148468
60	1.00074064731598
61	1.01245903968811
62	1.16400218009949
63	2.6896641254425
64	14.6310682296753
65	87.1861038208008
66	428.903930664063
67	1675.69812011719
68	5207.50634765625
69	13046.939453125
70	27006.31640625
71	47803.3046875
72	74768.8515625
73	104419.1640625
74	127624.0625
75	131889.265625
76	112178.578125
77	78486.625
78	48281.30078125
79	31991.94921875
80	27574.935546875
81	26607.400390625
82	22896.8828125
83	15998.189453125
84	8856.794921875
85	3866.22680664063
86	1330.8974609375
87	362.076477050781
88	78.4632949829102
89	14.1495676040649
90	2.76854205131531
91	1.18866586685181
92	1.01597714424133
93	1.00107455253601
94	1.00005733966827
95	1.00000238418579
96	1.00000011920929
97	1
98	1
99	1
100	1
101	1
102	1
103	1
104	1
105	1
106	1
107	1
108	1
109	1
110	1.00000035762787
111	1.00001120567322
112	1.00023984909058
113	1.00403392314911
114	1.05308020114899
115	1.54644024372101
116	5.40111351013184
117	28.73268699646
118	137.719589233398
119	528.32568359375
120	1592.2431640625
121	3757.6748046875
122	6939.73095703125
123	10027.8828125
124	11337.0361328125
125	10027.8828125
126	6939.73095703125
127	3757.6748046875
128	1592.2431640625
129	528.325988769531
130	137.723083496094
131	28.768648147583
132	5.69083309173584
133	3.37338209152222
134	10.0773315429688
135	35.9916152954102
136	108.03685760498
137	262.890686035156
138	530.048583984375
139	940.328186035156
140	1590.50659179688
141	2652.36962890625
142	4136.13916015625
143	5563.94921875
144	6115.55029296875
145	5351.87255859375
146	3691.9228515625
147	2015.56323242188
148	949.084533691406
149	682.528076171875
150	1286.94274902344
151	2886.70678710938
152	5356.3115234375
153	8052.46533203125
154	10660.271484375
155	15434.103515625
156	28801.125
157	58373.515625
158	103747.2265625
159	148589.671875
160	167699.25
161	148401.5
162	102943.5234375
163	56107.2578125
164	24188.93359375
165	8390.5830078125
166	2434.90698242188
167	634.787353515625
168	160.917465209961
169	40.5190582275391
170	9.9370288848877
171	2.71334290504456
172	1.26620411872864
173	1.03640568256378
174	1.05128335952759
175	1.49562966823578
176	4.99150848388672
177	26.1720275878906
178	125.306495666504
179	482.145751953125
180	1463.58642578125
181	3506.6591796875
182	6679.447265625
183	10265.3857421875
184	13054.2294921875
185	14222.5361328125
186	13709.1376953125
187	11794.1748046875
188	8862.9765625
189	5613.56298828125
190	2904.8486328125
191	1203.65576171875
192	395.210540771484
193	102.66796875
194	21.5703449249268
195	4.26048803329468
196	1.40458416938782
197	1.0392894744873
198	1.00298547744751
199	1.00017750263214
200	1.00000977516174
201	1.00003337860107
202	1.00055575370789
203	1.0073127746582
204	1.07528209686279
205	1.60633337497711
206	4.82068157196045
207	19.8356075286865
208	73.6486968994141
209	220.222671508789
210	518.550231933594
211	956.936279296875
212	1382.38525390625
213	1562.74499511719
214	1382.38525390625
215	956.936279296875
216	518.550231933594
217	220.222671508789
218	73.6486968994141
219	19.8356075286865
220	4.8206844329834
221	1.6064121723175
222	1.07697474956512
223	1.03578078746796
224	1.37514865398407
225	4.85633897781372
226	32.0595474243164
227	196.719619750977
228	965.938171386719
229	3723.35717773438
230	11238.3359375
231	26561.177734375
232	49209.56640625
233	71692.1171875
234	82807.9921875
235	77389.5859375
236	61210.28125
237	44203.578125
238	31242.16015625
239	21506.732421875
240	13800.939453125
241	9749.2333984375
242	14120.1640625
243	34976.765625
244	80616.9453125
245	148542.078125
246	214733.046875
247	243196.921875
248	216138.21875
249	151469
250	84749.9921875
251	39000.15234375
252	15668.234375
253	5961.3798828125
254	2237.798828125
255	791.31689453125
256	243.39436340332
257	61.9503021240234
258	13.2193441390991
259	2.93061804771423
260	1.23930621147156
261	1.02323126792908
262	1.00176513195038
263	1.0001049041748
264	1.00000488758087
265	1.00000011920929
266	1
267	1
268	1
269	1
270	1
271	1
272	1
273	1
274	1
275	1
276	1
277	1
278	1
279	1
280	1
281	1
282	1
283	1
284	1.00000035762787
285	1.00000691413879
286	1.00011610984802
287	1.00152802467346
288	1.01573061943054
289	1.12669658660889
290	1.79835140705109
291	4.93579864501953
292	16.1803245544434
293	46.8077239990234
294	109.144821166992
295	200.74787902832
296	289.647674560547
297	327.334777832031
298	289.647674560547
299	200.74787902832
300	109.144821166992
301	46.8077239990234
302	16.1803245544434
303	4.93579864501953
304	1.79835140705109
305	1.12669658660889
306	1.01573061943054
307	1.00152802467346
308	1.00011610984802
309	1.00000691413879
310	1.00000035762787
311	1
312	1
313	1
314	1
315	1
316	1
317	1
318	1
319	1
320	1
321	1
322	1
323	1
324	1
325	1
326	1
327	1
328	1
329	1
330	1
331	1
332	1
333	1
334	1
335	1
336	1
337	1
338	1
339	1
340	1
341	1
342	1
343	1
344	1
345	1.00000083446503
346	1.00002408027649
347	1.00051712989807
348	1.00869822502136
349	1.1144540309906
350	2.17826175689697
351	10.4899015426636
352	60.7986068725586
353	295.801605224609
354	1138.04602050781
355	3432.1181640625
356	8101.330078125
357	14962.638671875
358	21621.46484375
359	24444.328125
360	21621.46484375
361	14962.638671875
362	8101.330078125
363	3432.1181640625
364	1138.04602050781
365	295.801605224609
366	60.7986068725586
367	10.4899015426636
368	2.17826175689697
369	1.1144540309906
370	1.00869822502136
371	1.00051712989807
372	1.00002408027649
373	1.00000095367432
374	1.00000131130219
375	1.00002729892731
376	1.00047492980957
377	1.00653111934662
378	1.07093501091003
379	1.60941255092621
380	5.14687871932983
381	23.3769283294678
382	96.838020324707
383	326.957122802734
384	881.456359863281
385	1889.1103515625
386	3213.1201171875
387	4331.4658203125
388	4621.57373046875
389	3897.45361328125
390	2594.25317382813
391	1361.3154296875
392	562.720947265625
393	183.396240234375
394	47.5283966064453
395	10.3171491622925
396	2.4636070728302
397	1.18026340007782
398	1.01739966869354
399	1.00131595134735
400	1.00008225440979
401	1.0001003742218
402	1.00168287754059
403	1.02308213710785
404	1.24999761581421
405	3.1409285068512
406	15.5167827606201
407	79.0326232910156
408	333.848693847656
409	1128.34741210938
410	3033.50830078125
411	6478.0888671875
412	10978.73046875
413	14750.9951171875
414	15700.421875
415	13274.6943359375
416	9231.1162109375
417	6809.1435546875
418	10248.3349609375
419	25441.126953125
420	58208.1171875
421	106619.765625
422	153469.78125
423	173113.84375
424	152910.890625
425	105727.46875
426	57212.4765625
427	24226.849609375
428	8027.78369140625
429	2082.65454101563
430	429.655029296875
431	109.574989318848
432	214.395584106445
433	792.808532714844
434	2388.08715820313
435	5637.67236328125
436	10422.4375
437	15125.388671875
438	17419.484375
439	16639.779296875
440	15232.552734375
441	17023.431640625
442	23420.892578125
443	31185.9765625
444	34568.4375
445	30436.5859375
446	21040.630859375
447	11389.2412109375
448	4824.5615234375
449	1599.80151367188
450	418.926361083984
451	113.212051391602
452	191.705322265625
453	877.046752929688
454	3373.67333984375
455	10177.8115234375
456	24026.8203125
457	44377.66796875
458	64127.9453125
459	72500.640625
460	64127.9453125
461	44377.66796875
462	24026.8203125
463	10177.798828125
464	3373.51245117188
465	875.390380859375
466	178.364456176758
467	29.147331237793
468	4.49475908279419
469	1.33947420120239
470	1.02579915523529
471	1.00153398513794
472	1.00007140636444
473	1.00000262260437
474	1.00000011920929
475	1
476	1
477	1
478	1
479	1
480	1
481	1
482	1
483	1
484	1
485	1
486	1
487	1
488	1
489	1
490	1
491	1
492	1
493	1
494	1
495	1
496	1
497	1
498	1
499	1
500	1
