1	1.02437567710876
2	1.25093865394592
3	3.02109837532043
4	13.7355241775513
5	63.7849578857422
6	243.160781860352
7	731.737609863281
8	1726.15637207031
9	3187.43408203125
10	4605.58837890625
11	5206.78369140625
12	4605.58837890625
13	3187.43408203125
14	1726.15637207031
15	731.737609863281
16	243.160781860352
17	63.7849578857422
18	13.7355308532715
19	3.02119874954224
20	1.25225830078125
21	1.03796148300171
22	1.11127460002899
23	1.68961048126221
24	4.39917135238647
25	14.110426902771
26	40.5601615905762
27	94.3799438476563
28	173.352783203125
29	249.280166625977
30	277.851654052734
31	231.048873901367
32	115.445289611816
33	-42.6897659301758
34	-212.648071289063
35	-351.793304443359
36	-409.278717041016
37	-364.214385986328
38	-252.10075378418
39	-136.076065063477
40	-57.0667839050293
41	-18.243221282959
42	-3.98920440673828
43	-0.0120289111509919
44	0.839393317699432
45	0.980059146881104
46	0.998062968254089
47	0.999852776527405
48	0.999991238117218
49	0.999999582767487
50	1
51	1
52	1
53	1
54	1
55	1
56	1
57	1
58	1.00000166893005
59	1.00004708766937
60	1.001011967659
61	1.01702201366425
62	1.22406554222107
63	3.30847835540771
64	19.6232452392578
65	118.75048828125
66	585.617370605469
67	2289.03149414063
68	7114.3115234375
69	17824.8203125
70	36896.59765625
71	65310.01953125
72	102149.734375
73	142646.84375
74	174276.390625
75	179759.078125
76	151595.15625
77	102203.5234375
78	54101.71484375
79	21816.2734375
80	6069.49462890625
81	666.204650878906
82	-231.259628295898
83	94.1781539916992
84	348.706024169922
85	321.021392822266
86	181.118621826172
87	72.2975311279297
88	21.8422985076904
89	5.60186815261841
90	1.77676177024841
91	1.10095500946045
92	1.01014947891235
93	1.0007917881012
94	1.00004804134369
95	1.0000022649765
96	1.00000011920929
97	1
98	1
99	1
100	1
101	1
102	1
103	1
104	1
105	1
106	1
107	1
108	1
109	1
110	0.999999940395355
111	0.999998390674591
112	0.999965012073517
113	0.999411165714264
114	0.992251932621002
115	0.920236587524414
116	0.357573181390762
117	-3.04811668395996
118	-18.9568424224854
119	-75.9732818603516
120	-231.272415161133
121	-547.358642578125
122	-1011.84069824219
123	-1462.61547851563
124	-1653.71154785156
125	-1462.61547851563
126	-1011.84069824219
127	-547.358642578125
128	-231.272399902344
129	-75.9728851318359
130	-18.9515628814697
131	-2.99376749992371
132	0.795391619205475
133	3.68042135238647
134	14.6176633834839
135	53.7372856140137
136	161.628997802734
137	389.600677490234
138	765.007751464844
139	1283.40905761719
140	1989.09655761719
141	3030.22412109375
142	4444.34228515625
143	5798.330078125
144	6291.16259765625
145	5477.59423828125
146	3771.3076171875
147	2057.37768554688
148	968.484680175781
149	696.408935546875
150	1313.33471679688
151	2948.11206054688
152	5487.57958984375
153	8357.75
154	11575.5908203125
155	18442.908203125
156	37519.55078125
157	78761.4609375
158	141324.4375
159	202873.609375
160	229093.96875
161	202776.1875
162	140703.59375
163	76741.9921875
164	33145.51953125
165	11549.9365234375
166	3386.35180664063
167	899.4208984375
168	233.258926391602
169	59.5569458007813
170	14.3935499191284
171	3.58087301254272
172	1.40146553516388
173	1.04894042015076
174	0.997778832912445
175	0.928259313106537
176	0.420868098735809
177	-2.62852764129639
178	-16.6733074188232
179	-65.4340591430664
180	-188.557800292969
181	-392.722320556641
182	-518.738952636719
183	-123.961692810059
184	1337.828125
185	3913.56396484375
186	6653.732421875
187	8063.12255859375
188	7361.12255859375
189	5170.20849609375
190	2819.32470703125
191	1198.77124023438
192	398.565704345703
193	104.155403137207
194	21.9320507049561
195	4.32244873046875
196	1.41254818439484
197	1.04007577896118
198	1.00304567813873
199	1.00018119812012
200	1.00001072883606
201	1.00005030632019
202	1.00083994865417
203	1.0110524892807
204	1.11378109455109
205	1.91641068458557
206	6.7745680809021
207	29.4680881500244
208	110.801055908203
209	332.332580566406
210	783.224060058594
211	1445.79968261719
212	2088.822265625
213	2361.41723632813
214	2088.822265625
215	1445.79968261719
216	783.224060058594
217	332.332580566406
218	110.801055908203
219	29.4680881500244
220	6.77457237243652
221	1.91651833057404
222	1.11609363555908
223	1.04994654655457
224	1.51262187957764
225	6.26867008209229
226	43.4346466064453
227	268.399017333984
228	1319.33239746094
229	5086.615234375
230	15353.8427734375
231	36288.44921875
232	67231.4765625
233	97947.921875
234	113134.828125
235	105732
236	83627.2734375
237	60392.11328125
238	42683.76953125
239	29382.888671875
240	18854.958984375
241	13319.34375
242	19290.736328125
243	47783.2109375
244	110122.9921875
245	202852.578125
246	293026.59375
247	331211.0625
248	292809.875
249	202351.3125
250	109154.3671875
251	45783.2109375
252	14772.4462890625
253	3553.68969726563
254	571.616882324219
255	28.0090770721436
256	-16.7053890228271
257	-6.17978239059448
258	-0.653153538703918
259	0.725948214530945
260	0.965429604053497
261	0.996622085571289
262	0.999742746353149
263	0.999984681606293
264	0.999999284744263
265	1
266	1
267	1
268	1
269	1
270	1
271	1
272	1
273	1
274	1
275	1
276	1
277	1
278	1
279	1
280	1
281	1
282	1
283	1
284	1.00000047683716
285	1.00001049041748
286	1.00017547607422
287	1.00230944156647
288	1.02377510070801
289	1.19148886203766
290	2.20662617683411
291	6.9485559463501
292	23.9435043334961
293	70.2336730957031
294	164.449798583984
295	302.8984375
296	437.261352539063
297	494.221527099609
298	437.261352539063
299	302.8984375
300	164.449798583984
301	70.2336730957031
302	23.9435043334961
303	6.9485559463501
304	2.20662617683411
305	1.19148886203766
306	1.02377510070801
307	1.00230944156647
308	1.00017547607422
309	1.00001049041748
310	1.00000047683716
311	1
312	1
313	1
314	1
315	1
316	1
317	1
318	1
319	1
320	1
321	1
322	1
323	1
324	1
325	1
326	1
327	1
328	1
329	1
330	1
331	1
332	1
333	1
334	1
335	1
336	1
337	1
338	1
339	1
340	1
341	1
342	1
343	1
344	1
345	0.99999988079071
346	0.999996483325958
347	0.99992448091507
348	0.998730301856995
349	0.983293235301971
350	0.828010141849518
351	-0.385232836008072
352	-7.72875165939331
353	-42.0319404602051
354	-164.973648071289
355	-499.83740234375
356	-1181.39831542969
357	-2182.93774414063
358	-3154.9208984375
359	-3566.9716796875
360	-3154.9208984375
361	-2182.93774414063
362	-1181.39831542969
363	-499.83740234375
364	-164.973648071289
365	-42.0319404602051
366	-7.72875165939331
367	-0.385232836008072
368	0.828010141849518
369	0.983293235301971
370	0.998730301856995
371	0.99992448091507
372	0.999996483325958
373	0.999999940395355
374	1.00000178813934
375	1.00003945827484
376	1.00068008899689
377	1.00923645496368
378	1.09886169433594
379	1.83511245250702
380	6.57531023025513
381	30.4582290649414
382	124.344085693359
383	410.705261230469
384	1081.42553710938
385	2263.78051757813
386	3764.36499023438
387	4968.88037109375
388	5201.42626953125
389	4312.91552734375
390	2829.01123046875
391	1466.07263183594
392	599.689636230469
393	193.727722167969
394	49.8176460266113
395	10.7197132110596
396	2.51982069015503
397	1.18649756908417
398	1.01794862747192
399	1.0013542175293
400	1.00008451938629
401	1.00010240077972
402	1.0017169713974
403	1.02355086803436
404	1.25507533550262
405	3.18441343307495
406	15.8116359710693
407	80.6175537109375
408	340.609222412109
409	1151.2451171875
410	3095.10205078125
411	6609.6474609375
412	11201.72265625
413	15050.8642578125
414	16022.171875
415	13567.4658203125
416	9564.572265625
417	7667.10107421875
418	13232.251953125
419	34333.96875
420	79165.078125
421	145310
422	209367.25
423	236301.546875
424	208797.03125
425	144399.578125
426	78149.2109375
427	33095.01953125
428	10966.505859375
429	2843.65551757813
430	576.643798828125
431	86.4310607910156
432	-17.5746002197266
433	-113.35816192627
434	-347.348236083984
435	-821.774719238281
436	-1520.20812988281
437	-2206.69409179688
438	-2541.5615234375
439	-2427.74853515625
440	-2222.33666992188
441	-2483.75
442	-3417.58203125
443	-4551.04443359375
444	-5044.77978515625
445	-4441.65673828125
446	-3070.13671875
447	-1661.32958984375
448	-703.052124023438
449	-231.862350463867
450	-54.7195663452148
451	27.1850147247314
452	241.37419128418
453	1195.38110351563
454	4608.62158203125
455	13904.8984375
456	32825.91796875
457	60629.9609375
458	87613.484375
459	99052.5546875
460	87613.484375
461	60629.9609375
462	32825.91796875
463	13904.900390625
464	4608.64501953125
465	1195.62280273438
466	243.321548461914
467	39.4558715820313
468	5.77466297149658
469	1.46380150318146
470	1.03524768352509
471	1.0020956993103
472	1.00009751319885
473	1.00000357627869
474	1.00000011920929
475	1
476	1
477	1
478	1
479	1
480	1
481	1
482	1
483	1
484	1
485	1
486	1
487	1
488	1
489	1
490	1
491	1
492	1
493	1
494	1
495	1
496	1
497	1
498	1
499	1
500	1
