50	5150
51	8140
52	6480
53	12900
54	16900
55	47000
56	64700
57	53600
58	79900
59	71000
60	70300
61	41400
62	15800
63	11400
64	11300
65	10400
66	14900
67	43400
68	51300
69	209000
70	64700
71	56000
72	53000
73	46700
74	31700
75	15500
76	8500
77	15300
78	28900
79	26200
80	33200
81	59700
82	84900
83	61000
84	57000
85	41600
86	34000
87	27700
88	18300
89	15800
90	12100
91	30500
92	56300
93	35900
94	133000
95	66200
96	98600
97	46500
98	52100
99	31200
100	27700
101	26300
102	29400
103	21800
104	19200
105	24700
106	52000
107	41900
108	118000
109	66800
110	539000
111	57900
112	46500
113	25700
114	55900
115	31900
116	27600
117	33200
118	32900
119	30500
120	58400
121	40100
122	92100
123	85400
124	269000
125	49500
126	144000
127	29200
128	54800
129	32800
130	26300
131	30400
132	44600
133	36000
134	48200
135	60900
136	108000
137	43400
138	87400
139	32900
140	43300
141	29400
142	38000
143	30900
144	94000
145	35700
146	47800
147	36900
148	65600
149	36100
150	81100
151	35600
152	106000
153	36200
154	54200
155	28700
156	35000
157	29400
158	33200
159	31400
160	48600
161	41000
162	69100
163	36400
164	118000
165	30300
166	40900
167	28700
168	34700
169	15700
170	28200
171	19400
172	32200
173	29500
174	40700
175	38300
176	40700
177	26000
178	38300
179	33900
180	69600
181	38300
182	41300
183	12900
184	15900
185	13300
186	27500
187	27200
188	34200
189	36000
190	22600
191	16500
192	22000
193	34700
194	39900
195	30300
196	39300
197	14200
198	18000
199	13800
200	28400
201	24800
202	43300
203	36000
204	22200
205	11500
206	14400
207	19900
208	33500
209	32100
210	53300
211	13400
212	12800
213	4620
214	9900
215	16700
216	31500
217	24300
218	42500
219	6290
220	15500
221	6080
222	13600
223	19100
224	24800
225	20300
226	24900
227	5160
228	5350
229	3850
230	21900
231	18000
232	29200
233	20300
234	31700
235	4260
236	6340
237	3480
238	15000
239	16300
240	21100
241	15900
242	25300
243	5050
244	4700
245	3690
246	10000
247	16900
248	23700
249	17200
250	21500
251	3080
252	3860
253	2690
254	3400
255	14300
256	25500
257	17300
258	30700
259	3660
260	4170
261	3010
262	4530
263	9690
264	23500
265	14100
266	16700
267	7950
268	6030
269	2820
270	3500
271	10100
272	32300
273	23900
274	23700
275	23200
276	15700
277	4160
278	5350
279	3030
280	5200
281	16000
282	15800
283	11600
284	20600
285	5610
286	3780
287	3170
288	3580
289	14200
290	19700
291	15200
292	16700
293	22700
294	7860
295	1770
296	2670
297	2210
298	10200
299	11400
300	19100
301	14800
302	18900
303	3320
304	3170
305	2050
306	2740
307	2280
308	9800
309	9260
310	14900
311	9540
312	10300
313	5360
314	3800
315	3800
316	3690
317	9160
318	12100
319	9160
320	9320
321	1740
322	2170
323	1470
324	2280
325	2270
326	14300
327	11700
328	18700
329	16100
330	9590
331	3850
332	3500
333	2940
334	2470
335	1130
336	3800
337	4540
338	8730
339	8460
340	13700
341	3840
342	3420
343	2610
344	3390
345	7330
346	14800
347	14800
348	20800
349	2180
350	2710
351	1460
352	1780
353	1770
354	2470
355	7440
356	11300
357	14000
358	10500
359	2240
360	4030
361	1580
362	1510
363	1250
364	7700
365	1750
366	5170
367	5400
368	8020
369	7940
370	5480
371	2090
372	3120
373	2110
374	3080
375	1290
376	7160
377	4950
378	7210
379	2680
380	3310
381	3820
382	2830
383	5340
384	4110
385	2100
386	5870
387	7410
388	9020
389	1770
390	3200
391	1140
392	2560
393	1650
394	9130
395	7690
396	23700
397	14900
398	15100
399	10200
400	7600
401	3090
402	1320
403	847
404	797
405	849
406	1170
407	4230
408	7180
409	6060
410	7710
411	3000
412	9180
413	3110
414	13600
415	4830
416	3800
417	1350
418	6820
419	1170
420	2470
421	1100
422	1680
423	3750
424	2550
425	12700
426	3600
427	2270
428	2290
429	1320
430	16400
431	4740
432	2190
433	852
434	879
435	800
436	1130
437	2500
438	6290
439	5550
440	6490
441	6040
442	1320
443	1010
444	1140
445	866
446	1200
447	1030
448	1210
449	1160
450	4960
451	4730
452	3860
453	1470
454	1560
455	3420
456	1870
457	958
458	1060
459	911
460	1080
461	986
462	3150
463	3830
464	6090
465	11800
466	5310
467	5730
468	3960
469	2390
470	1220
471	865
472	926
473	819
474	1860
475	946
476	1010
477	870
478	1170
479	1890
480	4540
481	5990
482	7610
483	11100
484	3330
485	1180
486	858
487	724
488	760
489	717
490	837
491	1010
492	1090
493	9090
494	8520
495	1110
496	1500
497	1500
498	1760
499	1010
500	944
501	749
502	810
503	703
504	760
505	720
506	957
507	932
508	2140
509	3380
510	3150
511	983
512	905
513	747
514	889
515	788
516	893
517	795
518	862
519	946
520	952
521	807
522	984
523	866
524	1270
525	1260
526	1180
527	866
528	838
529	728
530	827
531	762
532	1090
533	892
534	4430
535	4110
536	8230
537	4920
538	1110
539	756
540	725
541	656
542	681
543	684
544	660
545	583
546	679
547	600
548	1140
549	1060
550	3270
551	3690
552	10700
553	6700
554	2880
555	652
556	559
557	494
558	509
559	484
560	510
561	490
562	855
563	610
564	641
565	655
566	2190
567	2090
568	2810
569	2330
570	986
571	586
572	516
573	454
574	506
575	520
576	524
577	491
578	454
579	440
580	567
581	510
582	898
583	955
584	1370
585	1170
586	975
587	621
588	537
589	484
590	496
591	450
592	412
593	393
594	375
595	378
596	475
597	432
598	524
599	484
600	545
601	536
602	550
603	483
604	441
605	369
606	382
607	360
608	385
609	365
610	400
611	411
612	426
613	387
614	424
615	457
616	510
617	469
618	419
619	359
620	339
621	334
622	311
623	303
624	303
625	287
626	309
627	276
628	298
629	292
630	321
631	289
632	308
633	282
634	274
635	283
636	305
637	268
638	283
639	274
640	257
641	250
642	240
643	267
644	268
645	267
646	249
647	242
648	247
649	242
650	242
651	228
652	239
653	240
654	253
655	246
656	251
657	212
658	214
659	208
660	211
661	208
662	223
663	254
664	252
665	213
666	203
667	199
668	213
669	208
670	224
671	213
672	214
673	199
674	195
675	188
676	181
677	187
678	186
679	185
680	170
681	168
682	179
683	182
684	196
685	194
686	189
687	198
688	191
689	172
690	166
691	172
692	170
693	169
694	158
695	159
696	156
697	152
698	151
699	159
700	163
701	163
702	154
703	153
704	145
705	141
706	136
707	148
708	132
709	133
710	126
711	128
712	138
713	122
714	120
715	124
716	120
717	124
718	134
719	122
720	137
721	130
722	124
723	127
724	117
725	113
726	113
727	118
728	113
729	111
730	107
731	112
732	110
733	107
734	113
735	103
736	107
737	114
738	115
739	107
740	108
741	108
742	106
743	107
744	110
745	107
746	104
747	110
748	118
749	121
750	119
751	117
752	108
753	113
754	104
755	93
756	91
757	108
758	96
759	95
760	96
761	92
762	96
763	94
764	102
765	101
766	93
767	96
768	95
769	89
770	90
771	94
772	79
773	93
774	82
775	91
776	87
777	79
778	85
779	77
780	84
781	84
782	77
783	84
784	73
785	79
786	76
787	71
788	76
789	76
790	71
791	73
792	76
793	68
794	70
795	77
796	75
797	68
798	69
799	67
800	70
801	73
802	62
803	66
804	66
805	67
806	62
807	72
808	70
809	65
810	64
811	67
812	73
813	78
814	70
815	69
816	64
817	72
818	63
819	60
820	67
821	63
822	67
823	65
824	64
825	66
826	64
827	65
828	63
829	64
830	66
831	63
832	59
833	56
834	58
835	60
836	56
837	60
838	57
839	56
840	55
841	53
842	56
843	56
844	57
845	60
846	56
847	56
848	51
849	53
850	54
851	57
852	53
853	53
854	53
855	50
856	53
857	48
858	49
859	47
860	46
861	47
862	49
863	48
864	47
865	46
866	47
867	45
868	48
869	47
870	49
871	47
872	51
873	49
874	50
875	51
876	49
877	49
878	46
879	45
880	49
881	45
882	46
883	42
884	42
885	44
886	43
887	50
888	46
889	43
890	47
891	40
892	48
893	44
894	41
895	48
896	42
897	40
898	42
899	42
900	38
901	35
902	40
903	40
904	41
905	40
906	39
907	40
908	44
909	39
910	42
911	39
912	41
913	42
914	36
915	38
916	37
917	38
918	37
919	40
920	39
921	37
922	40
923	38
924	38
925	36
926	34
927	40
928	38
929	37
930	37
931	37
932	40
933	40
934	37
935	41
936	39
937	36
938	39
939	42
940	35
941	37
942	34
943	31
944	37
945	32
946	37
947	38
948	32
949	38
950	37
951	38
952	37
953	34
954	32
955	32
956	31
957	33
958	33
959	36
960	36
961	33
962	32
963	32
964	37
965	40
966	38
967	37
968	33
969	33
970	36
971	31
972	32
973	32
974	32
975	31
976	31
977	30
978	34
979	32
980	34
981	32
982	33
983	31
984	36
985	30
986	32
987	32
988	30
989	33
990	29
991	34
992	30
993	32
994	29
995	33
996	32
997	33
998	32
