50	4610
51	6920
52	5450
53	10800
54	13600
55	37600
56	63100
57	46400
58	70300
59	64900
60	70400
61	39300
62	14600
63	10700
64	11600
65	8980
66	13200
67	37600
68	43100
69	110000
70	53100
71	49000
72	47600
73	47700
74	32500
75	15000
76	7610
77	13300
78	25500
79	21600
80	27900
81	47400
82	66600
83	47500
84	42800
85	35100
86	31800
87	24100
88	13600
89	14100
90	12400
91	26300
92	41300
93	33300
94	111000
95	49100
96	72500
97	37700
98	47800
99	28200
100	24200
101	21800
102	30100
103	22700
104	24000
105	20600
106	38200
107	35400
108	91300
109	54000
110	478000
111	55300
112	39300
113	23700
114	43800
115	27900
116	24100
117	31600
118	28100
119	24800
120	48500
121	33600
122	71900
123	67400
124	237000
125	40100
126	145000
127	26500
128	46500
129	27700
130	24100
131	25200
132	38200
133	31600
134	39400
135	49700
136	95800
137	38900
138	75500
139	31400
140	42900
141	26200
142	36000
143	26700
144	87900
145	30400
146	40200
147	33800
148	60700
149	37000
150	71700
151	35600
152	114000
153	40500
154	44400
155	27700
156	30600
157	24100
158	26700
159	27800
160	40700
161	34900
162	58700
163	35500
164	134000
165	32700
166	36400
167	25000
168	31600
169	17500
170	32300
171	19100
172	24300
173	25600
174	33400
175	33100
176	36200
177	25100
178	41900
179	31100
180	69200
181	35300
182	38500
183	13800
184	17100
185	14800
186	22000
187	22200
188	28900
189	28200
190	29600
191	12800
192	26000
193	31100
194	33500
195	25100
196	36200
197	11400
198	13500
199	11000
200	23800
201	21100
202	37600
203	34000
204	18100
205	11300
206	17900
207	19600
208	29600
209	27100
210	54900
211	12700
212	16200
213	6960
214	9490
215	14600
216	30800
217	20900
218	36300
219	6630
220	10700
221	6890
222	10200
223	17200
224	23500
225	17900
226	23100
227	4670
228	9140
229	3080
230	20600
231	17600
232	23900
233	16900
234	26000
235	3590
236	4870
237	3020
238	8270
239	13200
240	17700
241	13000
242	21600
243	4360
244	4160
245	2990
246	8760
247	11300
248	18300
249	14300
250	17600
251	2860
252	3470
253	2430
254	3390
255	8190
256	21700
257	14300
258	27200
259	3450
260	3570
261	2660
262	3820
263	3370
264	19900
265	12600
266	14500
267	7400
268	12300
269	2190
270	3180
271	5520
272	27100
273	19400
274	19000
275	19600
276	17600
277	3730
278	4730
279	2940
280	17600
281	15100
282	13700
283	8870
284	16800
285	4340
286	5110
287	2840
288	3120
289	7560
290	15000
291	11900
292	12900
293	20200
294	7120
295	2040
296	2430
297	1900
298	6230
299	9090
300	15600
301	11600
302	21100
303	2940
304	4570
305	2150
306	2500
307	2210
308	7720
309	7460
310	12700
311	9150
312	7910
313	3920
314	6870
315	5050
316	4150
317	5830
318	9900
319	7570
320	8170
321	1840
322	3970
323	2580
324	3130
325	2690
326	11400
327	9080
328	15400
329	12100
330	20000
331	3930
332	4560
333	2670
334	2230
335	1370
336	3340
337	1580
338	7040
339	6160
340	11200
341	3320
342	8540
343	4700
344	7050
345	6030
346	12600
347	12100
348	18800
349	3090
350	3300
351	1570
352	2610
353	1710
354	3720
355	5020
356	9110
357	9450
358	14300
359	2800
360	5140
361	1800
362	2650
363	1570
364	6330
365	1790
366	2810
367	2550
368	6470
369	5520
370	6250
371	3800
372	6370
373	2290
374	3080
375	1520
376	6690
377	3490
378	6270
379	2670
380	4140
381	3240
382	5930
383	6290
384	5650
385	2330
386	4660
387	6020
388	7670
389	3050
390	3230
391	1250
392	3790
393	1600
394	7730
395	7780
396	18400
397	17200
398	11400
399	12000
400	11800
401	3360
402	2150
403	973
404	1010
405	963
406	1230
407	3470
408	5780
409	4940
410	7820
411	7820
412	12800
413	4180
414	18400
415	6630
416	5120
417	1420
418	6000
419	1520
420	2840
421	1140
422	1380
423	4230
424	6110
425	12100
426	5530
427	2410
428	2740
429	1550
430	14600
431	4340
432	3230
433	989
434	972
435	902
436	1180
437	2030
438	4410
439	4730
440	5440
441	5210
442	1700
443	1390
444	1450
445	1050
446	3740
447	1180
448	1320
449	1210
450	4030
451	3310
452	4140
453	4250
454	2950
455	2950
456	3590
457	1150
458	1160
459	1000
460	1120
461	989
462	2520
463	3020
464	4950
465	8970
466	12400
467	14700
468	11300
469	3130
470	1390
471	1000
472	996
473	824
474	1030
475	913
476	1000
477	879
478	1200
479	2540
480	4230
481	5180
482	6890
483	10500
484	7080
485	2340
486	964
487	764
488	761
489	709
490	832
491	1040
492	2110
493	9060
494	7730
495	1210
496	1530
497	1530
498	2540
499	1160
500	1070
501	817
502	871
503	733
504	785
505	727
506	937
507	944
508	2050
509	3100
510	3000
511	1600
512	1010
513	843
514	978
515	854
516	917
517	825
518	873
519	876
520	920
521	780
522	1390
523	887
524	1800
525	1620
526	1760
527	1540
528	1210
529	786
530	869
531	774
532	1460
533	898
534	3950
535	3550
536	7940
537	6710
538	2490
539	841
540	800
541	706
542	706
543	707
544	683
545	583
546	675
547	603
548	1220
549	1380
550	3170
551	3210
552	10900
553	9090
554	3500
555	798
556	603
557	516
558	497
559	459
560	497
561	469
562	577
563	565
564	656
565	685
566	2310
567	2160
568	3050
569	2400
570	1430
571	613
572	537
573	468
574	513
575	541
576	519
577	486
578	455
579	438
580	558
581	510
582	943
583	924
584	1390
585	1120
586	1190
587	673
588	578
589	473
590	496
591	451
592	406
593	379
594	344
595	364
596	459
597	427
598	530
599	508
600	573
601	539
602	551
603	491
604	422
605	350
606	355
607	327
608	340
609	329
610	359
611	342
612	387
613	370
614	403
615	431
616	472
617	437
618	408
619	337
620	337
621	301
622	285
623	275
624	273
625	252
626	278
627	235
628	263
629	257
630	279
631	255
632	272
633	250
634	251
635	254
636	266
637	234
638	256
639	235
640	215
641	222
642	222
643	229
644	240
645	234
646	210
647	207
648	214
649	205
650	209
651	209
652	203
653	205
654	231
655	221
656	211
657	188
658	180
659	176
660	180
661	185
662	205
663	227
664	219
665	200
666	173
667	168
668	187
669	188
670	196
671	183
672	183
673	169
674	170
675	165
676	155
677	166
678	168
679	149
680	145
681	146
682	163
683	152
684	168
685	161
686	171
687	168
688	167
689	149
690	152
691	145
692	148
693	146
694	135
695	135
696	134
697	126
698	130
699	135
700	142
701	135
702	137
703	143
704	123
705	112
706	109
707	121
708	113
709	107
710	112
711	105
712	113
713	99
714	105
715	107
716	100
717	106
718	107
719	104
720	113
721	110
722	104
723	104
724	105
725	98
726	97
727	101
728	97
729	95
730	94
731	95
732	89
733	86
734	99
735	87
736	86
737	90
738	98
739	92
740	88
741	92
742	86
743	87
744	83
745	89
746	87
747	97
748	100
749	103
750	97
751	94
752	94
753	90
754	90
755	78
756	81
757	90
758	86
759	82
760	83
761	80
762	77
763	83
764	80
765	88
766	77
767	82
768	77
769	74
770	80
771	77
772	74
773	79
774	72
775	76
776	75
777	68
778	74
779	67
780	76
781	70
782	66
783	73
784	68
785	72
786	60
787	63
788	70
789	66
790	64
791	67
792	65
793	61
794	60
795	63
796	62
797	63
798	62
799	62
800	63
801	66
802	62
803	61
804	58
805	59
806	60
807	58
808	57
809	61
810	63
811	60
812	64
813	75
814	61
815	64
816	60
817	62
818	59
819	59
820	53
821	58
822	58
823	57
824	58
825	57
826	57
827	60
828	60
829	54
830	56
831	56
832	54
833	57
834	51
835	52
836	50
837	51
838	49
839	54
840	53
841	54
842	58
843	53
844	51
845	53
846	55
847	49
848	48
849	48
850	48
851	44
852	51
853	48
854	46
855	46
856	47
857	52
858	46
859	48
860	43
861	45
862	48
863	47
864	46
865	44
866	45
867	43
868	45
869	44
870	45
871	41
872	45
873	45
874	47
875	42
876	49
877	44
878	45
879	44
880	47
881	39
882	42
883	42
884	40
885	45
886	45
887	46
888	43
889	43
890	44
891	41
892	44
893	41
894	41
895	49
896	37
897	36
898	41
899	43
900	39
901	41
902	41
903	41
904	43
905	40
906	37
907	35
908	38
909	44
910	41
911	39
912	39
913	38
914	38
915	39
916	36
917	32
918	40
919	36
920	38
921	38
922	39
923	39
924	36
925	39
926	35
927	37
928	37
929	37
930	36
931	36
932	37
933	39
934	36
935	35
936	36
937	39
938	35
939	40
940	38
941	32
942	34
943	28
944	33
945	37
946	38
947	35
948	34
949	33
950	40
951	33
952	34
953	33
954	27
955	33
956	34
957	33
958	35
959	36
960	36
961	35
962	32
963	34
964	36
965	37
966	43
967	34
968	32
969	34
970	35
971	30
972	31
973	34
974	34
975	31
976	35
977	35
978	31
979	36
980	35
981	33
982	33
983	30
984	35
985	31
986	32
987	35
988	31
989	32
990	31
991	32
992	29
993	30
994	30
995	31
996	33
997	32
998	35
