50	4180
51	6320
52	5090
53	10400
54	13200
55	39000
56	46300
57	46600
58	55000
59	50200
60	53500
61	43100
62	13800
63	9020
64	8190
65	8620
66	10900
67	37400
68	43700
69	112000
70	49500
71	46800
72	34300
73	43200
74	29400
75	14000
76	7650
77	12900
78	23100
79	22400
80	25700
81	44800
82	54000
83	44700
84	45800
85	32400
86	28700
87	21800
88	13200
89	12700
90	10400
91	25400
92	39100
93	32100
94	86800
95	49000
96	64900
97	41600
98	41400
99	25300
100	18900
101	24200
102	28200
103	21200
104	13700
105	17800
106	34500
107	36000
108	82200
109	47000
110	329000
111	46800
112	36900
113	31200
114	40300
115	26100
116	20600
117	29200
118	22200
119	23400
120	44300
121	37400
122	65200
123	54500
124	151000
125	38500
126	113000
127	31300
128	44700
129	28700
130	20200
131	25100
132	31400
133	26700
134	35500
135	49100
136	77200
137	41000
138	57000
139	35200
140	37900
141	21900
142	33600
143	24500
144	102000
145	33400
146	33700
147	34400
148	46800
149	36000
150	56700
151	33500
152	70700
153	29800
154	44500
155	24800
156	26800
157	22100
158	22300
159	26500
160	34500
161	32800
162	45200
163	32800
164	84200
165	37800
166	36600
167	27500
168	35300
169	18400
170	31200
171	21000
172	21000
173	22300
174	30400
175	28200
176	33400
177	32900
178	41400
179	30700
180	51700
181	29300
182	38300
183	18200
184	19300
185	17700
186	20900
187	18600
188	27600
189	24900
190	34600
191	22200
192	38000
193	30000
194	33300
195	22600
196	31900
197	14600
198	21200
199	12100
200	22500
201	18000
202	35300
203	29500
204	32400
205	16000
206	23400
207	24600
208	30900
209	27800
210	46600
211	14600
212	21600
213	12600
214	18500
215	11900
216	27400
217	17600
218	31800
219	14800
220	20300
221	13300
222	20800
223	15900
224	21600
225	16100
226	20700
227	13100
228	22500
229	8770
230	19400
231	15700
232	20700
233	15400
234	24600
235	9740
236	14700
237	7720
238	11600
239	12800
240	15600
241	11500
242	19000
243	12000
244	17700
245	9060
246	16100
247	13900
248	18000
249	14000
250	16400
251	9500
252	12300
253	6320
254	11200
255	11600
256	21200
257	13800
258	28300
259	11300
260	9840
261	5640
262	13600
263	11700
264	19800
265	12000
266	10500
267	7190
268	10400
269	7770
270	11900
271	12500
272	27500
273	17600
274	18400
275	22000
276	22300
277	16800
278	18400
279	6060
280	18000
281	12900
282	8580
283	7060
284	15000
285	11200
286	11100
287	10400
288	11700
289	13700
290	14000
291	11700
292	11800
293	19200
294	7450
295	4590
296	6600
297	4000
298	8780
299	8960
300	14800
301	11100
302	20200
303	6230
304	7770
305	4290
306	5610
307	6360
308	7100
309	7080
310	12000
311	8890
312	10100
313	9410
314	11000
315	9620
316	7990
317	9760
318	9470
319	7680
320	5630
321	3980
322	4900
323	5140
324	7420
325	6500
326	11100
327	9540
328	14600
329	11600
330	14400
331	12500
332	12300
333	6830
334	3760
335	1930
336	3520
337	2310
338	5440
339	6360
340	10300
341	8040
342	12600
343	9640
344	10700
345	9550
346	12100
347	12700
348	18700
349	3270
350	3610
351	1640
352	3790
353	2640
354	5830
355	7440
356	8760
357	10200
358	11400
359	6060
360	5750
361	2460
362	6050
363	2430
364	6310
365	3060
366	3010
367	4310
368	5330
369	8050
370	6840
371	5330
372	6880
373	4460
374	4820
375	1990
376	6070
377	3370
378	5100
379	3470
380	3560
381	5950
382	8090
383	8060
384	6300
385	5130
386	4210
387	7460
388	6230
389	3710
390	3450
391	1690
392	4540
393	3500
394	8070
395	8320
396	18900
397	11500
398	9190
399	15600
400	9390
401	2980
402	2620
403	1340
404	1670
405	1080
406	1780
407	3610
408	5530
409	5190
410	7140
411	5940
412	10800
413	4940
414	18100
415	6690
416	4110
417	1950
418	5000
419	1900
420	2480
421	1240
422	1820
423	4240
424	6110
425	11600
426	5210
427	3390
428	3710
429	1520
430	14400
431	5530
432	2320
433	1070
434	1200
435	1000
436	1580
437	3600
438	5630
439	5010
440	3750
441	3710
442	2380
443	1220
444	1770
445	1130
446	3400
447	2510
448	1760
449	1240
450	2980
451	3220
452	4130
453	4290
454	2800
455	6060
456	4540
457	1570
458	1180
459	995
460	1160
461	1000
462	1790
463	3000
464	4600
465	9630
466	7830
467	15100
468	6160
469	3110
470	1370
471	1010
472	992
473	845
474	1070
475	946
476	1030
477	921
478	1980
479	2820
480	3810
481	5000
482	6290
483	10700
484	3690
485	1880
486	949
487	774
488	813
489	741
490	862
491	1020
492	1690
493	8600
494	3770
495	1590
496	1380
497	2360
498	2270
499	1420
500	1340
501	842
502	897
503	737
504	802
505	746
506	944
507	937
508	2040
509	3160
510	3020
511	1420
512	1200
513	951
514	1130
515	1040
516	1160
517	858
518	885
519	939
520	992
521	816
522	974
523	876
524	1500
525	1820
526	1760
527	1350
528	1300
529	754
530	967
531	750
532	958
533	875
534	3580
535	3480
536	6920
537	6850
538	3850
539	838
540	778
541	679
542	659
543	649
544	626
545	534
546	642
547	553
548	1010
549	1000
550	2730
551	3090
552	8850
553	8450
554	3110
555	790
556	625
557	510
558	483
559	459
560	481
561	453
562	628
563	581
564	655
565	620
566	1890
567	1890
568	2410
569	1930
570	1280
571	583
572	518
573	434
574	498
575	501
576	487
577	458
578	429
579	413
580	541
581	502
582	740
583	659
584	1080
585	979
586	954
587	590
588	525
589	437
590	462
591	415
592	376
593	340
594	323
595	334
596	447
597	400
598	492
599	455
600	486
601	463
602	481
603	444
604	388
605	338
606	343
607	310
608	327
609	303
610	340
611	331
612	356
613	326
614	362
615	362
616	382
617	359
618	350
619	300
620	304
621	282
622	267
623	259
624	266
625	252
626	258
627	227
628	256
629	229
630	255
631	234
632	246
633	225
634	233
635	243
636	252
637	226
638	235
639	223
640	217
641	195
642	195
643	212
644	204
645	213
646	199
647	199
648	200
649	182
650	195
651	199
652	205
653	185
654	197
655	201
656	195
657	175
658	172
659	172
660	174
661	170
662	180
663	210
664	205
665	186
666	158
667	167
668	172
669	162
670	176
671	171
672	168
673	165
674	153
675	162
676	143
677	154
678	156
679	151
680	140
681	135
682	149
683	150
684	157
685	154
686	165
687	161
688	158
689	142
690	139
691	133
692	137
693	137
694	132
695	136
696	130
697	131
698	126
699	130
700	136
701	138
702	135
703	120
704	123
705	110
706	114
707	113
708	118
709	113
710	102
711	105
712	110
713	99
714	103
715	107
716	102
717	102
718	107
719	104
720	109
721	106
722	100
723	102
724	97
725	97
726	104
727	92
728	97
729	98
730	92
731	93
732	91
733	88
734	91
735	90
736	93
737	92
738	93
739	90
740	90
741	88
742	90
743	87
744	88
745	89
746	90
747	90
748	97
749	101
750	90
751	92
752	87
753	88
754	90
755	78
756	80
757	90
758	81
759	83
760	78
761	81
762	76
763	83
764	83
765	90
766	82
767	89
768	81
769	72
770	80
771	75
772	70
773	80
774	70
775	74
776	73
777	65
778	70
779	70
780	72
781	74
782	69
783	67
784	63
785	63
786	62
787	64
788	71
789	68
790	65
791	63
792	61
793	61
794	62
795	65
796	59
797	62
798	57
799	57
800	63
801	60
802	57
803	58
804	57
805	58
806	55
807	61
808	56
809	58
810	60
811	58
812	63
813	64
814	60
815	55
816	58
817	58
818	56
819	50
820	54
821	56
822	53
823	54
824	59
825	55
826	55
827	58
828	57
829	54
830	55
831	51
832	54
833	51
834	47
835	48
836	48
837	52
838	51
839	54
840	49
841	49
842	48
843	49
844	47
845	51
846	46
847	46
848	48
849	45
850	46
851	47
852	49
853	48
854	44
855	46
856	42
857	44
858	43
859	45
860	42
861	44
862	43
863	43
864	46
865	42
866	40
867	41
868	44
869	44
870	43
871	42
872	41
873	43
874	39
875	44
876	43
877	46
878	41
879	42
880	45
881	39
882	40
883	38
884	34
885	40
886	46
887	42
888	38
889	39
890	39
891	36
892	42
893	39
894	38
895	40
896	37
897	36
898	37
899	37
900	39
901	39
902	34
903	36
904	38
905	36
906	32
907	36
908	36
909	37
910	34
911	32
912	35
913	35
914	33
915	35
916	31
917	31
918	35
919	33
920	37
921	34
922	32
923	34
924	35
925	32
926	31
927	33
928	30
929	31
930	34
931	34
932	33
933	30
934	35
935	33
936	30
937	33
938	30
939	31
940	34
941	32
942	32
943	29
944	29
945	30
946	32
947	29
948	31
949	33
950	32
951	34
952	30
953	28
954	27
955	30
956	28
957	33
958	30
959	32
960	29
961	30
962	31
963	29
964	33
965	34
966	34
967	31
968	28
969	29
970	28
971	30
972	28
973	32
974	30
975	28
976	31
977	29
978	30
979	29
980	29
981	27
982	31
983	25
984	26
985	26
986	28
987	28
988	27
989	29
990	30
991	30
992	26
993	28
994	25
995	29
996	28
997	26
998	26
