50	3130
51	5300
52	4000
53	7930
54	10200
55	30200
56	60500
57	37800
58	57500
59	51300
60	53900
61	30800
62	9720
63	6900
64	7920
65	6090
66	9290
67	29900
68	34900
69	90400
70	47200
71	39100
72	35100
73	34900
74	23900
75	9230
76	4710
77	9370
78	16300
79	14600
80	19600
81	38700
82	54800
83	41400
84	40500
85	29400
86	26600
87	16200
88	8450
89	11600
90	7290
91	18500
92	32800
93	23400
94	82400
95	42300
96	59700
97	34900
98	36600
99	19600
100	15800
101	17400
102	20000
103	16100
104	12200
105	14100
106	34300
107	30600
108	72500
109	46000
110	354000
111	42300
112	33600
113	23700
114	31900
115	17600
116	16200
117	27500
118	20700
119	16800
120	39500
121	28300
122	57600
123	53000
124	177000
125	38000
126	84500
127	23800
128	36600
129	17600
130	17200
131	21900
132	29100
133	21900
134	33900
135	40000
136	71700
137	31300
138	51400
139	31000
140	32200
141	17500
142	28300
143	17100
144	57400
145	27500
146	30500
147	28000
148	46800
149	33800
150	53100
151	28700
152	76200
153	26900
154	37600
155	19200
156	23000
157	17000
158	23500
159	22600
160	32600
161	27500
162	43500
163	29600
164	92300
165	31900
166	28100
167	22100
168	27100
169	14000
170	27300
171	15900
172	22500
173	19200
174	28600
175	23800
176	32000
177	26700
178	35800
179	23400
180	49700
181	23600
182	29800
183	16700
184	18800
185	13900
186	19600
187	16200
188	23800
189	19600
190	29900
191	15700
192	28600
193	20300
194	27800
195	16700
196	27200
197	11600
198	17100
199	11400
200	21500
201	14900
202	27300
203	21200
204	25700
205	14400
206	19700
207	13700
208	23800
209	17200
210	39200
211	12600
212	18600
213	8980
214	15900
215	9310
216	22900
217	14400
218	23200
219	8400
220	12000
221	8710
222	11500
223	9780
224	17200
225	11800
226	16500
227	9820
228	16100
229	7280
230	14500
231	11900
232	16300
233	11700
234	16900
235	7120
236	10500
237	5460
238	9850
239	8830
240	12000
241	8970
242	14100
243	7020
244	9500
245	3530
246	9870
247	8190
248	12400
249	9730
250	12100
251	7020
252	8070
253	3120
254	7180
255	6810
256	13300
257	9520
258	16200
259	6150
260	7290
261	3310
262	6690
263	6050
264	12400
265	7960
266	9490
267	6980
268	9250
269	3720
270	5920
271	5190
272	21500
273	13400
274	12200
275	11600
276	15300
277	6840
278	13900
279	3120
280	12900
281	9200
282	7600
283	6630
284	9840
285	5310
286	8210
287	4970
288	7570
289	5940
290	9420
291	7740
292	7960
293	13700
294	7830
295	2010
296	4090
297	2020
298	6630
299	6610
300	9710
301	7880
302	16700
303	5100
304	4940
305	2730
306	4300
307	3320
308	5300
309	5020
310	7170
311	5580
312	7200
313	5830
314	7940
315	6080
316	6720
317	4600
318	6010
319	4100
320	4970
321	2680
322	3900
323	2950
324	4990
325	4060
326	7320
327	6170
328	9120
329	7960
330	13300
331	8670
332	8340
333	3010
334	2920
335	1490
336	2560
337	1460
338	4040
339	4220
340	6180
341	5280
342	9340
343	5830
344	8440
345	4820
346	7580
347	7690
348	11600
349	5070
350	3230
351	1440
352	2950
353	1950
354	4080
355	4620
356	5600
357	6040
358	7700
359	4670
360	6870
361	2270
362	4280
363	1590
364	5150
365	2680
366	2510
367	2690
368	4150
369	4410
370	5120
371	4430
372	5570
373	3640
374	4310
375	1910
376	4270
377	2960
378	3980
379	3390
380	3330
381	4030
382	5370
383	5330
384	4990
385	3860
386	4250
387	3030
388	3850
389	3250
390	3190
391	2010
392	4270
393	2860
394	5880
395	5760
396	13700
397	11800
398	9880
399	8750
400	9940
401	2220
402	1540
403	1060
404	998
405	938
406	1140
407	1730
408	3640
409	3220
410	5100
411	4780
412	7470
413	6590
414	12600
415	7710
416	4050
417	1730
418	2320
419	1080
420	1240
421	1110
422	1820
423	2900
424	4400
425	6450
426	7080
427	3300
428	3060
429	1300
430	8220
431	6590
432	2000
433	956
434	928
435	847
436	1180
437	1580
438	3080
439	3030
440	3170
441	2770
442	2650
443	1180
444	2260
445	974
446	2530
447	1860
448	1900
449	1440
450	2180
451	2150
452	2560
453	2420
454	2340
455	2260
456	2590
457	1050
458	1030
459	890
460	952
461	849
462	1570
463	1820
464	2770
465	4780
466	6580
467	7410
468	8330
469	3960
470	1380
471	872
472	808
473	676
474	798
475	719
476	748
477	697
478	942
479	1390
480	2300
481	2850
482	3560
483	5420
484	4930
485	2280
486	829
487	634
488	637
489	593
490	666
491	806
492	1130
493	3590
494	3470
495	2190
496	1170
497	1260
498	1490
499	1100
500	888
501	664
502	684
503	582
504	609
505	603
506	760
507	770
508	1160
509	1560
510	1520
511	835
512	776
513	659
514	936
515	672
516	681
517	613
518	632
519	663
520	672
521	591
522	753
523	663
524	942
525	1050
526	920
527	790
528	676
529	575
530	619
531	569
532	660
533	655
534	1870
535	1890
536	3400
537	2930
538	1910
539	723
540	671
541	581
542	550
543	554
544	492
545	416
546	477
547	428
548	642
549	651
550	1540
551	1560
552	5150
553	4140
554	2170
555	683
556	471
557	398
558	390
559	367
560	366
561	341
562	568
563	550
564	496
565	487
566	1100
567	1040
568	1460
569	1150
570	634
571	436
572	388
573	337
574	413
575	397
576	381
577	359
578	310
579	305
580	377
581	351
582	489
583	478
584	602
585	489
586	530
587	419
588	368
589	306
590	324
591	293
592	272
593	239
594	233
595	232
596	287
597	265
598	315
599	306
600	341
601	319
602	339
603	297
604	249
605	235
606	228
607	213
608	228
609	216
610	222
611	211
612	230
613	214
614	232
615	239
616	263
617	254
618	238
619	188
620	200
621	191
622	179
623	166
624	171
625	163
626	170
627	150
628	162
629	157
630	174
631	153
632	163
633	155
634	150
635	155
636	160
637	143
638	152
639	142
640	135
641	128
642	132
643	140
644	145
645	139
646	136
647	122
648	128
649	129
650	130
651	125
652	125
653	130
654	142
655	137
656	131
657	111
658	110
659	115
660	110
661	108
662	125
663	137
664	134
665	122
666	113
667	110
668	114
669	118
670	122
671	117
672	114
673	103
674	102
675	100
676	101
677	105
678	102
679	99
680	90
681	91
682	99
683	91
684	105
685	101
686	106
687	100
688	102
689	88
690	87
691	91
692	90
693	86
694	87
695	83
696	83
697	81
698	84
699	84
700	88
701	86
702	78
703	82
704	81
705	78
706	76
707	78
708	77
709	73
710	74
711	71
712	75
713	66
714	65
715	78
716	72
717	68
718	82
719	70
720	75
721	72
722	66
723	66
724	62
725	60
726	69
727	68
728	64
729	66
730	61
731	61
732	61
733	62
734	70
735	61
736	64
737	66
738	66
739	62
740	56
741	60
742	59
743	59
744	61
745	60
746	62
747	63
748	63
749	66
750	65
751	64
752	61
753	61
754	59
755	60
756	54
757	56
758	55
759	61
760	57
761	55
762	53
763	58
764	58
765	62
766	59
767	59
768	56
769	54
770	54
771	53
772	49
773	54
774	49
775	52
776	56
777	49
778	52
779	52
780	54
781	57
782	48
783	51
784	52
785	48
786	48
787	48
788	54
789	47
790	49
791	54
792	49
793	46
794	45
795	53
796	48
797	47
798	47
799	46
800	45
801	47
802	44
803	46
804	42
805	43
806	44
807	46
808	47
809	46
810	46
811	47
812	62
813	65
814	61
815	51
816	44
817	51
818	45
819	43
820	44
821	42
822	43
823	47
824	42
825	46
826	45
827	51
828	47
829	47
830	46
831	43
832	41
833	38
834	40
835	37
836	43
837	45
838	42
839	45
840	41
841	41
842	42
843	43
844	41
845	43
846	40
847	40
848	44
849	39
850	41
851	38
852	38
853	41
854	41
855	39
856	39
857	39
858	38
859	39
860	38
861	38
862	38
863	38
864	38
865	39
866	37
867	38
868	39
869	39
870	38
871	35
872	40
873	39
874	41
875	41
876	37
877	38
878	39
879	36
880	35
881	36
882	36
883	29
884	35
885	39
886	38
887	43
888	38
889	35
890	37
891	37
892	35
893	35
894	37
895	38
896	32
897	35
898	35
899	37
900	36
901	39
902	33
903	34
904	37
905	35
906	35
907	34
908	35
909	33
910	35
911	36
912	33
913	34
914	31
915	32
916	34
917	32
918	36
919	32
920	33
921	34
922	36
923	32
924	32
925	36
926	32
927	34
928	30
929	37
930	33
931	35
932	33
933	31
934	32
935	32
936	30
937	30
938	36
939	31
940	34
941	33
942	32
943	32
944	30
945	32
946	29
947	34
948	34
949	37
950	31
951	33
952	29
953	32
954	33
955	30
956	34
957	31
958	35
959	30
960	32
961	31
962	32
963	32
964	33
965	29
966	33
967	31
968	31
969	30
970	33
971	27
972	27
973	32
974	34
975	31
976	30
977	32
978	31
979	33
980	31
981	29
982	32
983	30
984	31
985	29
986	30
987	33
988	28
989	33
990	31
991	29
992	27
993	28
994	27
995	27
996	34
997	28
998	33
