50	3500
51	6200
52	3950
53	9430
54	10800
55	43200
56	27400
57	47700
58	42200
59	41700
60	84800
61	43400
62	12600
63	7340
64	4680
65	7450
66	6040
67	25000
68	36500
69	122000
70	45600
71	46100
72	34300
73	39100
74	35200
75	11600
76	6340
77	12300
78	8050
79	14800
80	15300
81	37400
82	36600
83	36700
84	42600
85	68400
86	32200
87	28600
88	13200
89	10000
90	11100
91	34900
92	10500
93	15900
94	22900
95	35800
96	56200
97	47600
98	168000
99	29800
100	19900
101	23100
102	37900
103	27600
104	16900
105	14100
106	9570
107	18400
108	33000
109	36900
110	99400
111	43800
112	39100
113	20100
114	41900
115	21900
116	17000
117	18900
118	8570
119	12000
120	23900
121	29400
122	33000
123	40600
124	45400
125	34900
126	121000
127	54800
128	44900
129	21800
130	11200
131	16200
132	12700
133	16200
134	22800
135	54800
136	50600
137	31800
138	32000
139	21800
140	34700
141	21400
142	18800
143	15000
144	60500
145	19400
146	11600
147	22200
148	30000
149	22800
150	37700
151	23800
152	43900
153	25400
154	24700
155	17500
156	12600
157	13000
158	8600
159	12700
160	12300
161	22600
162	20900
163	17300
164	32700
165	20200
166	22200
167	15300
168	17600
169	11300
170	12900
171	14100
172	15500
173	18600
174	14100
175	16800
176	18600
177	19100
178	25700
179	18000
180	34600
181	21200
182	24500
183	11500
184	9120
185	14300
186	31600
187	20400
188	16300
189	15300
190	22500
191	21100
192	26000
193	20400
194	19000
195	13600
196	15500
197	9830
198	10400
199	11700
200	43100
201	28900
202	64500
203	44600
204	36600
205	30000
206	17500
207	22700
208	21200
209	19600
210	27100
211	12600
212	7890
213	7270
214	8040
215	10600
216	23700
217	15800
218	21700
219	11400
220	18500
221	19100
222	18500
223	8080
224	7210
225	9700
226	9190
227	9210
228	119000
229	39400
230	82800
231	32700
232	37900
233	26000
234	18800
235	10500
236	10700
237	5070
238	4570
239	5450
240	3900
241	6460
242	8270
243	6890
244	11700
245	7360
246	17100
247	12800
248	9870
249	8810
250	8280
251	7460
252	5820
253	4940
254	4890
255	14700
256	12900
257	10600
258	104000
259	59400
260	9300
261	4370
262	32600
263	19000
264	13600
265	4510
266	3520
267	3140
268	3180
269	4930
270	8610
271	11400
272	17800
273	14200
274	64200
275	52100
276	89200
277	32300
278	11800
279	2940
280	18700
281	8800
282	3680
283	9390
284	22000
285	5750
286	4670
287	4230
288	13300
289	9880
290	6840
291	3560
292	10800
293	25000
294	5800
295	2090
296	1850
297	1830
298	2270
299	5560
300	9670
301	7230
302	10500
303	7680
304	3970
305	4630
306	2880
307	3530
308	2380
309	1710
310	3590
311	4500
312	5280
313	10800
314	22600
315	9360
316	4190
317	3090
318	3000
319	2310
320	1640
321	1380
322	1280
323	2420
324	2650
325	3580
326	4870
327	5310
328	7390
329	7260
330	11900
331	11400
332	7490
333	5730
334	2360
335	1140
336	1060
337	1100
338	1370
339	3220
340	4890
341	4580
342	6940
343	7010
344	7640
345	6200
346	7040
347	8890
348	13000
349	3290
350	1620
351	1060
352	1170
353	1440
354	2960
355	4260
356	4860
357	7660
358	9630
359	6040
360	3820
361	2990
362	2580
363	1320
364	3460
365	1340
366	1260
367	3060
368	3350
369	5040
370	6060
371	5020
372	4700
373	4530
374	2700
375	1260
376	2980
377	1700
378	1880
379	1960
380	2560
381	3990
382	5060
383	5970
384	5680
385	4780
386	4730
387	5140
388	4710
389	2640
390	1220
391	1040
392	1810
393	1250
394	4250
395	5460
396	14700
397	14400
398	12200
399	13100
400	13900
401	4090
402	1440
403	929
404	758
405	759
406	818
407	2080
408	2990
409	3280
410	4810
411	5870
412	7940
413	8090
414	13300
415	7400
416	3620
417	1190
418	1270
419	996
420	1070
421	927
422	1190
423	3830
424	4940
425	11700
426	12200
427	4610
428	1460
429	1120
430	11400
431	12300
432	3400
433	840
434	638
435	590
436	753
437	1830
438	3840
439	4150
440	5490
441	5330
442	2570
443	1090
444	1070
445	854
446	2480
447	1080
448	1020
449	1030
450	1680
451	2780
452	2940
453	3120
454	2530
455	4220
456	4530
457	1510
458	930
459	771
460	764
461	682
462	791
463	1630
464	2900
465	7850
466	10400
467	13300
468	14300
469	3720
470	2290
471	805
472	690
473	549
474	607
475	562
476	522
477	509
478	738
479	1460
480	2370
481	3820
482	4570
483	8540
484	7910
485	2330
486	795
487	547
488	426
489	418
490	427
491	734
492	869
493	6390
494	6540
495	3810
496	907
497	1360
498	1350
499	915
500	773
501	565
502	516
503	434
504	430
505	488
506	653
507	706
508	901
509	2580
510	2660
511	1420
512	780
513	639
514	658
515	581
516	603
517	550
518	561
519	765
520	758
521	625
522	697
523	617
524	806
525	987
526	821
527	779
528	653
529	522
530	516
531	463
532	529
533	584
534	2310
535	2610
536	5300
537	5630
538	3440
539	920
540	719
541	575
542	459
543	467
544	394
545	329
546	358
547	314
548	487
549	553
550	1630
551	1850
552	6750
553	7190
554	4190
555	1230
556	556
557	359
558	286
559	273
560	272
561	236
562	288
563	287
564	339
565	362
566	811
567	993
568	1550
569	1250
570	647
571	420
572	306
573	250
574	298
575	296
576	245
577	219
578	191
579	171
580	254
581	230
582	346
583	368
584	524
585	463
586	500
587	407
588	288
589	207
590	194
591	182
592	174
593	139
594	134
595	137
596	167
597	156
598	209
599	197
600	228
601	216
602	238
603	216
604	186
605	134
606	151
607	132
608	133
609	125
610	127
611	121
612	119
613	117
614	124
615	129
616	129
617	125
618	127
619	106
620	111
621	108
622	106
623	104
624	96
625	90
626	82
627	78
628	74
629	78
630	88
631	75
632	79
633	79
634	71
635	66
636	79
637	73
638	89
639	78
640	78
641	71
642	70
643	74
644	64
645	74
646	66
647	64
648	78
649	66
650	70
651	65
652	66
653	72
654	78
655	80
656	70
657	64
658	50
659	54
660	53
661	56
662	107
663	115
664	89
665	73
666	55
667	59
668	57
669	59
670	59
671	59
672	53
673	55
674	55
675	56
676	49
677	49
678	49
679	46
680	49
681	42
682	44
683	52
684	55
685	61
686	58
687	50
688	52
689	48
690	47
691	49
692	43
693	45
694	39
695	41
696	38
697	42
698	43
699	45
700	42
701	49
702	46
703	42
704	40
705	37
706	37
707	39
708	37
709	40
710	42
711	39
712	33
713	36
714	39
715	34
716	31
717	35
718	32
719	29
720	41
721	37
722	37
723	36
724	37
725	39
726	41
727	36
728	35
729	34
730	36
731	33
732	30
733	28
734	31
735	34
736	30
737	31
738	34
739	27
740	28
741	30
742	35
743	36
744	33
745	29
746	33
747	32
748	36
749	38
750	36
751	35
752	34
753	33
754	29
755	32
756	32
757	32
758	31
759	27
760	33
761	29
762	24
763	29
764	27
765	27
766	30
767	28
768	30
769	25
770	30
771	34
772	24
773	30
774	28
775	28
776	27
777	22
778	25
779	21
780	27
781	29
782	25
783	28
784	31
785	27
786	24
787	24
788	29
789	25
790	25
791	27
792	22
793	21
794	24
795	25
796	27
797	25
798	23
799	21
800	26
801	25
802	23
803	24
804	20
805	22
806	28
807	25
808	24
809	26
810	26
811	23
812	24
813	28
814	29
815	23
816	23
817	24
818	22
819	23
820	21
821	25
822	23
823	21
824	24
825	24
826	27
827	27
828	28
829	26
830	23
831	23
832	26
833	22
834	21
835	22
836	23
837	21
838	23
839	21
840	23
841	21
842	22
843	21
844	23
845	20
846	21
847	19
848	24
849	22
850	23
851	19
852	25
853	22
854	24
855	22
856	23
857	23
858	23
859	19
860	19
861	22
862	23
863	22
864	20
865	20
866	20
867	21
868	20
869	22
870	18
871	21
872	22
873	20
874	19
875	19
876	19
877	20
878	21
879	21
880	21
881	20
882	15
883	20
884	17
885	20
886	18
887	21
888	18
889	17
890	19
891	21
892	19
893	21
894	23
895	22
896	16
897	18
898	16
899	17
900	18
901	20
902	21
903	18
904	20
905	18
906	20
907	18
908	20
909	18
910	20
911	19
912	21
913	16
914	18
915	16
916	17
917	17
918	20
919	17
920	21
921	20
922	15
923	19
924	15
925	23
926	20
927	18
928	19
929	19
930	19
931	18
932	15
933	18
934	19
935	18
936	19
937	20
938	24
939	20
940	15
941	15
942	21
943	21
944	18
945	20
946	21
947	19
948	17
949	19
950	15
951	18
952	19
953	17
954	17
955	17
956	17
957	16
958	19
959	16
960	18
961	15
962	16
963	21
964	18
965	18
966	16
967	18
968	16
969	19
970	19
971	15
972	19
973	16
974	17
975	19
976	21
977	22
978	15
979	21
980	17
981	18
982	20
983	18
984	15
985	18
986	17
987	18
988	12
989	17
990	19
991	22
992	17
993	15
994	14
995	15
996	15
997	15
998	20
