50	645
51	1270
52	1580
53	4210
54	14900
55	39200
56	56000
57	89200
58	86500
59	25600
60	480000
61	77800
62	23600
63	9320
64	930
65	3970
66	11000
67	9370
68	54900
69	209000
70	164000
71	55300
72	145000
73	226000
74	143000
75	27600
76	10800
77	13300
78	8040
79	7960
80	33300
81	57100
82	112000
83	32200
84	115000
85	232000
86	124000
87	67900
88	30400
89	31400
90	23800
91	28500
92	18100
93	12800
94	57300
95	43700
96	170000
97	245000
98	633000
99	83300
100	65300
101	53200
102	176000
103	98400
104	26900
105	14500
106	29600
107	23100
108	126000
109	53200
110	265000
111	57300
112	206000
113	78300
114	352000
115	105000
116	70700
117	30000
118	19900
119	20900
120	41900
121	32700
122	118000
123	39500
124	145000
125	58900
126	1270000
127	119000
128	368000
129	59700
130	39700
131	34700
132	52200
133	46400
134	60700
135	72400
136	81900
137	32600
138	123000
139	36100
140	146000
141	35000
142	152000
143	36800
144	493000
145	117000
146	67700
147	35500
148	76700
149	32300
150	86100
151	32700
152	112000
153	28700
154	66100
155	20600
156	53800
157	19400
158	47700
159	20900
160	75800
161	29200
162	83900
163	80600
164	96300
165	26300
166	71800
167	19400
168	96100
169	22700
170	49600
171	17300
172	44600
173	35400
174	61900
175	24700
176	84100
177	25500
178	80300
179	21500
180	73400
181	20200
182	68500
183	16100
184	41200
185	15900
186	51500
187	26700
188	57500
189	24300
190	80300
191	56500
192	89800
193	23200
194	67000
195	17500
196	48700
197	15000
198	41300
199	16000
200	43200
201	21400
202	84400
203	43800
204	73900
205	29200
206	83600
207	31000
208	57800
209	15500
210	50700
211	15300
212	39200
213	14900
214	38100
215	17400
216	54600
217	20500
218	53600
219	19600
220	53300
221	18800
222	43400
223	14600
224	39700
225	14100
226	36100
227	12700
228	36400
229	12800
230	40900
231	14500
232	41500
233	15000
234	42800
235	18800
236	35800
237	11300
238	28800
239	11400
240	29900
241	10900
242	32800
243	12300
244	36000
245	11700
246	37300
247	11800
248	32800
249	10100
250	25600
251	9080
252	25700
253	8150
254	26700
255	11600
256	31000
257	12000
258	32300
259	12000
260	29600
261	8210
262	26600
263	6490
264	22200
265	7780
266	20800
267	8030
268	21000
269	9250
270	28300
271	11100
272	24000
273	9440
274	23700
275	8770
276	23700
277	6850
278	21600
279	5200
280	19400
281	7490
282	19900
283	8210
284	21600
285	8140
286	20700
287	5510
288	20100
289	7730
290	18400
291	5540
292	16200
293	6850
294	16400
295	9980
296	18700
297	10500
298	20600
299	10800
300	19600
301	9570
302	16100
303	4940
304	14900
305	1930
306	14300
307	3710
308	15200
309	5870
310	13800
311	7230
312	15400
313	12600
314	17100
315	11400
316	15500
317	5600
318	13100
319	3400
320	11700
321	4500
322	12800
323	4820
324	12600
325	6040
326	11700
327	5270
328	12000
329	5830
330	11300
331	7430
332	12300
333	1800
334	9910
335	4650
336	10500
337	5710
338	11000
339	7860
340	12400
341	6370
342	10800
343	3460
344	9660
345	1780
346	7880
347	1660
348	8860
349	3060
350	9000
351	3860
352	8310
353	6780
354	10400
355	7790
356	9650
357	6300
358	9820
359	1830
360	7250
361	3170
362	7020
363	4930
364	7100
365	2030
366	9250
367	4630
368	9610
369	5080
370	7500
371	6050
372	8050
373	4990
374	6490
375	1220
376	5750
377	1210
378	5090
379	5880
380	6350
381	5570
382	7070
383	2240
384	8900
385	2430
386	9660
387	4500
388	6740
389	5920
390	5320
391	3820
392	5660
393	4740
394	5030
395	1230
396	5210
397	6890
398	6020
399	1210
400	6100
401	1060
402	5380
403	1090
404	8930
405	5640
406	11700
407	9870
408	7340
409	5220
410	4810
411	1000
412	3280
413	962
414	4120
415	1170
416	3660
417	861
418	5030
419	930
420	6330
421	3060
422	38600
423	19300
424	47000
425	22200
426	2940
427	826
428	1070
429	775
430	1130
431	665
432	1600
433	665
434	1840
435	777
436	2210
437	1050
438	14000
439	7250
440	74300
441	35200
442	4730
443	756
444	880
445	524
446	852
447	509
448	832
449	511
450	1510
451	670
452	2620
453	1060
454	3490
455	1610
456	10700
457	4930
458	4990
459	934
460	1370
461	516
462	1310
463	513
464	1440
465	481
466	1420
467	604
468	2290
469	855
470	1500
471	1160
472	1600
473	789
474	1450
475	614
476	761
477	550
478	1290
479	507
480	741
481	433
482	1430
483	568
484	764
485	409
486	678
487	382
488	606
489	370
490	612
491	363
492	697
493	452
494	721
495	398
496	606
497	341
498	653
499	399
500	587
501	333
502	518
503	325
504	616
505	364
506	546
507	333
508	579
509	336
510	518
511	304
512	470
513	294
514	428
515	306
516	472
517	380
518	556
519	342
520	564
521	327
522	455
523	267
524	426
525	251
526	352
527	223
528	388
529	259
530	506
531	325
532	497
533	365
534	506
535	373
536	477
537	270
538	346
539	218
540	300
541	213
542	272
543	338
544	367
545	211
546	478
547	264
548	440
549	277
550	597
551	429
552	376
553	225
554	269
555	186
556	245
557	170
558	218
559	270
560	266
561	175
562	304
563	187
564	323
565	202
566	522
567	283
568	442
569	286
570	292
571	356
572	358
573	215
574	226
575	138
576	180
577	147
578	181
579	136
580	177
581	129
582	382
583	234
584	1280
585	529
586	7140
587	3510
588	676
589	257
590	192
591	125
592	130
593	112
594	129
595	107
596	165
597	117
598	161
599	147
600	428
601	306
602	8850
603	4340
604	773
605	307
606	181
607	108
608	115
609	83
610	116
611	84
612	112
613	90
614	146
615	127
616	144
617	161
618	313
619	206
620	314
621	177
622	123
623	82
624	97
625	66
626	100
627	70
628	136
629	87
630	149
631	92
632	95
633	117
634	96
635	95
636	95
637	59
638	66
639	55
640	66
641	59
642	76
643	63
644	119
645	81
646	78
647	63
648	61
649	43
650	59
651	49
652	50
653	42
654	57
655	49
656	54
657	47
658	64
659	53
660	55
661	53
662	79
663	63
664	60
665	47
666	53
667	47
668	51
669	40
670	49
671	41
672	49
673	40
674	52
675	48
676	47
677	43
678	53
679	54
680	58
681	47
682	53
683	38
684	48
685	37
686	46
687	33
688	43
689	35
690	40
691	40
692	47
693	41
694	45
695	36
696	44
697	46
698	49
699	34
700	34
701	40
702	42
703	30
704	36
705	56
706	47
707	41
708	40
709	36
710	37
711	35
712	45
713	38
714	38
715	32
716	38
717	29
718	39
719	34
720	35
721	33
722	35
723	30
724	34
725	31
726	32
727	30
728	37
729	33
730	53
731	48
732	46
733	46
734	50
735	35
736	31
737	26
738	30
739	32
740	34
741	29
742	28
743	28
744	38
745	29
746	75
747	78
748	942
749	400
750	161
751	78
752	44
753	27
754	27
755	30
756	28
757	26
758	29
759	32
760	28
761	31
762	38
763	37
764	83
765	62
766	51
767	39
768	35
769	27
770	27
771	27
772	29
773	26
774	25
775	28
776	39
777	34
778	27
779	32
780	35
781	30
782	25
783	30
784	29
785	23
786	24
787	26
788	25
789	25
790	35
791	33
792	30
793	26
794	26
795	24
796	27
797	23
798	22
799	27
800	26
801	27
802	26
803	23
804	24
805	25
806	27
807	28
808	25
809	25
810	23
811	26
812	28
813	23
814	30
815	23
816	25
817	19
818	26
819	20
820	24
821	23
822	26
823	28
824	21
825	26
826	20
827	23
828	22
829	24
830	20
831	25
832	25
833	24
834	23
835	22
836	22
837	21
838	22
839	25
840	21
841	19
842	23
843	26
844	21
845	23
846	21
847	24
848	23
849	24
850	22
851	21
852	21
853	23
854	27
855	19
856	24
857	26
858	26
859	22
860	24
861	24
862	23
863	24
864	26
865	24
866	26
867	22
868	20
869	20
870	19
871	18
872	22
873	21
874	19
875	19
876	20
877	20
878	24
879	25
880	22
881	21
882	21
883	20
884	23
885	26
886	23
887	24
888	20
889	20
890	19
891	26
892	20
893	21
894	19
895	22
896	21
897	23
898	19
899	20
900	21
901	20
902	22
903	23
904	21
905	22
906	19
907	21
908	21
909	20
910	25
911	24
912	22
913	17
914	21
915	21
916	22
917	20
918	20
919	22
920	22
921	21
922	20
923	22
924	23
925	16
926	20
927	19
928	19
929	22
930	24
931	19
932	18
933	22
934	23
935	22
936	20
937	21
938	22
939	18
940	21
941	18
942	21
943	19
944	16
945	20
946	22
947	22
948	21
949	22
950	24
951	23
952	18
953	21
954	22
955	21
956	20
957	22
958	20
959	22
960	23
961	20
962	21
963	17
964	18
965	20
966	19
967	21
968	23
969	22
970	21
971	20
972	22
973	18
974	22
975	14
976	24
977	19
978	23
979	22
980	20
981	20
982	17
983	21
984	20
985	18
986	22
987	21
988	16
989	20
990	19
991	21
992	18
993	20
994	22
995	19
996	18
997	21
998	19
