50	254
51	360
52	406
53	1230
54	4280
55	21000
56	25400
57	26400
58	30400
59	9670
60	250000
61	30500
62	8900
63	3030
64	425
65	482
66	2220
67	2110
68	20900
69	41000
70	55800
71	18400
72	45600
73	64000
74	60300
75	6970
76	3140
77	4580
78	1970
79	1910
80	7720
81	16100
82	24100
83	9920
84	55200
85	106000
86	53600
87	25800
88	10800
89	11000
90	7300
91	8020
92	2580
93	2640
94	10600
95	12000
96	46100
97	91100
98	231000
99	29000
100	22300
101	15800
102	85200
103	31900
104	8660
105	3070
106	5700
107	5440
108	18500
109	11100
110	74800
111	19000
112	79700
113	33500
114	71600
115	43200
116	28000
117	7450
118	4680
119	4700
120	8080
121	9450
122	21300
123	9790
124	36100
125	18600
126	457000
127	41900
128	61200
129	12500
130	9340
131	9580
132	13900
133	10200
134	13300
135	13000
136	18500
137	8940
138	42200
139	11400
140	39300
141	9470
142	43400
143	8410
144	175000
145	28000
146	13700
147	7270
148	17000
149	7010
150	25200
151	8470
152	32000
153	7790
154	16000
155	4210
156	10500
157	3540
158	8550
159	5090
160	17800
161	6950
162	20100
163	14000
164	24500
165	7140
166	18800
167	4740
168	25200
169	5890
170	8700
171	2620
172	6990
173	6510
174	11900
175	5090
176	20200
177	6520
178	19600
179	5450
180	19200
181	4160
182	13600
183	2590
184	6720
185	2680
186	9700
187	4760
188	12200
189	5250
190	16900
191	9660
192	19900
193	5330
194	13500
195	2530
196	7780
197	2020
198	6960
199	2720
200	8100
201	3510
202	13500
203	6850
204	15600
205	5750
206	15100
207	5150
208	11200
209	2380
210	7940
211	2200
212	6920
213	2840
214	7540
215	3490
216	10300
217	3550
218	11000
219	3070
220	9460
221	2790
222	7350
223	2010
224	6290
225	1970
226	5800
227	2020
228	6880
229	2280
230	7810
231	2080
232	7390
233	2190
234	6490
235	2360
236	5880
237	1700
238	4630
239	1740
240	5470
241	2080
242	5410
243	1840
244	6070
245	2100
246	5790
247	1780
248	4600
249	1460
250	3710
251	1540
252	3700
253	1450
254	4590
255	1880
256	4790
257	2000
258	4850
259	1480
260	4410
261	1520
262	3950
263	1280
264	3350
265	1060
266	3240
267	1450
268	3650
269	1670
270	4260
271	1400
272	3740
273	1460
274	3480
275	1220
276	2970
277	1210
278	2730
279	1030
280	2870
281	1060
282	2250
283	1430
284	3400
285	1050
286	2880
287	711
288	2800
289	698
290	2200
291	610
292	2170
293	625
294	2600
295	1320
296	2850
297	1430
298	2810
299	1320
300	2160
301	1030
302	2260
303	572
304	1550
305	522
306	1780
307	540
308	1680
309	557
310	1920
311	651
312	1810
313	1410
314	2190
315	1240
316	1530
317	608
318	1310
319	415
320	1300
321	514
322	1470
323	552
324	1480
325	586
326	1620
327	484
328	1230
329	548
330	1340
331	606
332	1170
333	402
334	1000
335	474
336	1170
337	500
338	1070
339	582
340	1230
341	583
342	1310
343	476
344	657
345	406
346	622
347	379
348	837
349	381
350	656
351	389
352	625
353	513
354	1070
355	622
356	965
357	522
358	660
359	363
360	522
361	331
362	521
363	492
364	558
365	336
366	630
367	391
368	1040
369	417
370	606
371	447
372	571
373	377
374	477
375	301
376	403
377	271
378	386
379	446
380	457
381	491
382	541
383	321
384	574
385	345
386	619
387	378
388	436
389	443
390	401
391	326
392	411
393	334
394	354
395	286
396	356
397	526
398	439
399	264
400	461
401	240
402	413
403	243
404	987
405	446
406	1350
407	888
408	494
409	477
410	389
411	255
412	281
413	235
414	274
415	246
416	269
417	179
418	271
419	174
420	487
421	295
422	4150
423	1980
424	6530
425	2480
426	476
427	226
428	227
429	199
430	202
431	151
432	177
433	136
434	179
435	180
436	267
437	245
438	1620
439	498
440	8870
441	3190
442	558
443	237
444	190
445	116
446	135
447	96
448	143
449	119
450	158
451	150
452	279
453	266
454	306
455	320
456	968
457	309
458	315
459	186
460	136
461	95
462	120
463	85
464	140
465	97
466	145
467	132
468	234
469	200
470	171
471	335
472	223
473	188
474	170
475	92
476	101
477	78
478	98
479	82
480	92
481	77
482	158
483	95
484	96
485	70
486	89
487	69
488	80
489	65
490	69
491	52
492	82
493	61
494	78
495	60
496	72
497	58
498	78
499	60
500	69
501	54
502	66
503	59
504	72
505	60
506	63
507	54
508	66
509	47
510	63
511	53
512	55
513	50
514	62
515	47
516	54
517	51
518	62
519	48
520	59
521	52
522	54
523	41
524	55
525	52
526	48
527	38
528	47
529	55
530	59
531	51
532	58
533	52
534	56
535	48
536	61
537	41
538	49
539	40
540	49
541	41
542	46
543	45
544	51
545	38
546	44
547	47
548	41
549	42
550	52
551	55
552	52
553	42
554	42
555	42
556	41
557	34
558	44
559	39
560	47
561	39
562	40
563	39
564	42
565	41
566	44
567	41
568	43
569	48
570	46
571	45
572	50
573	35
574	42
575	35
576	37
577	38
578	41
579	38
580	35
581	40
582	43
583	39
584	68
585	55
586	178
587	131
588	73
589	37
590	42
591	32
592	34
593	36
594	36
595	35
596	42
597	34
598	39
599	34
600	45
601	40
602	232
603	144
604	76
605	44
606	36
607	31
608	34
609	34
610	36
611	34
612	37
613	37
614	33
615	32
616	40
617	35
618	42
619	37
620	43
621	34
622	31
623	38
624	40
625	29
626	33
627	32
628	36
629	33
630	37
631	33
632	37
633	29
634	33
635	29
636	30
637	31
638	28
639	32
640	31
641	31
642	34
643	27
644	38
645	31
646	34
647	27
648	35
649	30
650	32
651	30
652	27
653	30
654	31
655	32
656	28
657	27
658	33
659	29
660	31
661	29
662	37
663	37
664	35
665	31
666	28
667	36
668	29
669	33
670	28
671	32
672	30
673	31
674	31
675	27
676	29
677	27
678	32
679	33
680	33
681	31
682	31
683	28
684	30
685	31
686	28
687	32
688	32
689	29
690	32
691	30
692	27
693	33
694	26
695	33
696	29
697	30
698	32
699	27
700	32
701	28
702	30
703	27
704	28
705	34
706	31
707	33
708	26
709	30
710	25
711	29
712	28
713	26
714	30
715	24
716	30
717	26
718	23
719	34
720	28
721	29
722	29
723	30
724	28
725	28
726	24
727	30
728	33
729	27
730	26
731	33
732	29
733	28
734	39
735	29
736	28
737	26
738	32
739	29
740	31
741	30
742	28
743	27
744	30
745	25
746	31
747	37
748	127
749	119
750	61
751	36
752	29
753	26
754	27
755	29
756	28
757	31
758	23
759	26
760	25
761	29
762	29
763	25
764	34
765	30
766	31
767	32
768	27
769	26
770	26
771	28
772	26
773	27
774	27
775	27
776	23
777	26
778	28
779	24
780	25
781	25
782	30
783	27
784	27
785	28
786	30
787	26
788	26
789	23
790	28
791	26
792	23
793	23
794	25
795	30
796	27
797	26
798	27
799	24
800	28
801	25
802	25
803	28
804	31
805	26
806	22
807	26
808	22
809	28
810	25
811	24
812	28
813	24
814	26
815	25
816	23
817	23
818	27
819	25
820	25
821	24
822	23
823	22
824	22
825	24
826	23
827	25
828	23
829	28
830	25
831	21
832	23
833	26
834	23
835	27
836	22
837	25
838	22
839	28
840	26
841	23
842	24
843	24
844	23
845	23
846	25
847	25
848	22
849	24
850	21
851	23
852	23
853	25
854	22
855	25
856	27
857	26
858	23
859	21
860	24
861	23
862	24
863	23
864	24
865	25
866	27
867	24
868	23
869	19
870	25
871	20
872	21
873	25
874	23
875	19
876	20
877	23
878	20
879	26
880	28
881	29
882	24
883	23
884	26
885	26
886	25
887	24
888	24
889	23
890	26
891	26
892	25
893	24
894	22
895	25
896	22
897	26
898	20
899	21
900	23
901	23
902	20
903	21
904	25
905	24
906	24
907	22
908	23
909	21
910	24
911	26
912	23
913	25
914	22
915	25
916	25
917	23
918	24
919	28
920	24
921	24
922	25
923	23
924	21
925	25
926	24
927	29
928	22
929	25
930	21
931	22
932	25
933	21
934	20
935	24
936	21
937	21
938	19
939	24
940	25
941	27
942	25
943	22
944	27
945	24
946	22
947	22
948	23
949	24
950	27
951	22
952	22
953	23
954	23
955	21
956	24
957	22
958	21
959	25
960	23
961	25
962	21
963	21
964	20
965	21
966	23
967	18
968	17
969	23
970	23
971	19
972	22
973	25
974	25
975	19
976	22
977	21
978	24
979	20
980	22
981	24
982	21
983	24
984	23
985	21
986	20
987	23
988	20
989	23
990	21
991	21
992	20
993	20
994	23
995	20
996	19
997	23
998	24
