50	355
51	486
52	596
53	2270
54	5630
55	21200
56	26400
57	49100
58	40300
59	10800
60	302000
61	40400
62	12900
63	5550
64	512
65	675
66	3990
67	3310
68	25600
69	66200
70	88300
71	26400
72	67700
73	120000
74	82300
75	11400
76	5330
77	6090
78	3670
79	2980
80	12100
81	23800
82	38900
83	14600
84	66800
85	121000
86	73700
87	33700
88	16600
89	16500
90	12200
91	12700
92	5370
93	4630
94	17700
95	18700
96	83200
97	164000
98	296000
99	44200
100	32000
101	26600
102	106000
103	49900
104	12400
105	5930
106	8460
107	7820
108	34300
109	19600
110	134000
111	26900
112	114000
113	45800
114	174000
115	57800
116	37000
117	12300
118	7990
119	7410
120	12700
121	14000
122	35400
123	15100
124	64500
125	28800
126	790000
127	60300
128	194000
129	29000
130	16600
131	16700
132	20200
133	18100
134	23300
135	23800
136	31000
137	14600
138	67000
139	17600
140	81400
141	16700
142	87400
143	16600
144	266000
145	52900
146	24000
147	13100
148	28100
149	12600
150	41100
151	14900
152	57500
153	12600
154	31400
155	8680
156	21100
157	7270
158	15600
159	7350
160	31300
161	11900
162	33600
163	31800
164	46400
165	10500
166	35100
167	8790
168	53700
169	9590
170	16000
171	5470
172	12700
173	14300
174	20500
175	8650
176	35500
177	10400
178	37400
179	8880
180	29700
181	6600
182	27700
183	6420
184	11800
185	5100
186	17700
187	8370
188	21200
189	8170
190	33800
191	21700
192	41100
193	9300
194	26400
195	6080
196	16100
197	5290
198	12000
199	5140
200	14600
201	6920
202	27400
203	13100
204	30700
205	10300
206	34700
207	10500
208	20400
209	4920
210	16800
211	4700
212	12400
213	4730
214	14100
215	6220
216	20000
217	7220
218	22400
219	6600
220	19800
221	6340
222	15200
223	4660
224	13500
225	4350
226	11200
227	4710
228	13600
229	4940
230	15900
231	4760
232	16500
233	5650
234	15300
235	6010
236	11700
237	3300
238	8730
239	3390
240	10000
241	4380
242	12900
243	4390
244	12500
245	4580
246	13200
247	4020
248	10500
249	3280
250	8630
251	2910
252	9440
253	3200
254	9590
255	4230
256	11500
257	4360
258	10900
259	3710
260	10400
261	3350
262	7480
263	2980
264	6700
265	2460
266	6560
267	2590
268	8120
269	2690
270	9640
271	3390
272	8690
273	2930
274	7260
275	2870
276	7390
277	2370
278	6050
279	2140
280	6330
281	2520
282	7060
283	2280
284	7070
285	2470
286	6520
287	2600
288	6130
289	2200
290	5560
291	1520
292	5640
293	1990
294	5540
295	2710
296	6450
297	2720
298	6000
299	2480
300	5650
301	2170
302	5390
303	1700
304	4720
305	1430
306	4880
307	1600
308	4500
309	1580
310	4650
311	1830
312	4640
313	3050
314	4570
315	2790
316	4490
317	1970
318	3880
319	1390
320	3760
321	1340
322	4100
323	1680
324	3800
325	1510
326	3300
327	1320
328	3290
329	1640
330	3340
331	2150
332	3350
333	1160
334	3210
335	1410
336	3290
337	1410
338	3230
339	1460
340	2890
341	1320
342	3200
343	1050
344	2170
345	1110
346	2400
347	1030
348	2290
349	1250
350	2500
351	1040
352	2340
353	1880
354	2910
355	1830
356	2410
357	1210
358	2530
359	940
360	1720
361	1040
362	1820
363	1710
364	1750
365	647
366	2190
367	1060
368	2480
369	969
370	2080
371	1520
372	1910
373	694
374	1510
375	577
376	1540
377	531
378	1490
379	1640
380	1420
381	1510
382	2020
383	585
384	2420
385	651
386	2190
387	673
388	1330
389	1200
390	1360
391	618
392	1190
393	646
394	1130
395	499
396	1230
397	1430
398	1870
399	525
400	1610
401	445
402	1230
403	459
404	2280
405	1610
406	2810
407	2290
408	1400
409	1500
410	1060
411	446
412	1030
413	419
414	828
415	458
416	856
417	350
418	928
419	369
420	1800
421	576
422	9520
423	4060
424	12700
425	5400
426	1260
427	436
428	516
429	341
430	485
431	289
432	443
433	291
434	440
435	334
436	590
437	455
438	2990
439	1360
440	20800
441	7550
442	1080
443	395
444	407
445	234
446	335
447	211
448	330
449	229
450	357
451	298
452	580
453	463
454	612
455	556
456	2040
457	611
458	993
459	330
460	285
461	179
462	264
463	176
464	282
465	188
466	361
467	248
468	488
469	349
470	356
471	507
472	398
473	291
474	307
475	177
476	225
477	157
478	238
479	153
480	233
481	155
482	329
483	188
484	253
485	143
486	199
487	125
488	180
489	121
490	165
491	119
492	199
493	139
494	182
495	131
496	167
497	113
498	196
499	132
500	164
501	107
502	146
503	98
504	154
505	106
506	146
507	104
508	156
509	104
510	143
511	89
512	128
513	87
514	123
515	85
516	128
517	101
518	133
519	87
520	146
521	90
522	124
523	80
524	107
525	79
526	94
527	70
528	103
529	82
530	128
531	86
532	116
533	97
534	122
535	84
536	115
537	80
538	88
539	63
540	85
541	65
542	84
543	79
544	94
545	64
546	102
547	77
548	107
549	74
550	124
551	84
552	94
553	67
554	79
555	62
556	74
557	51
558	71
559	68
560	81
561	62
562	79
563	55
564	74
565	55
566	118
567	75
568	97
569	75
570	80
571	74
572	82
573	55
574	59
575	54
576	57
577	51
578	57
579	50
580	58
581	46
582	93
583	67
584	163
585	104
586	487
587	258
588	134
589	68
590	58
591	40
592	50
593	42
594	49
595	43
596	52
597	46
598	57
599	48
600	99
601	71
602	620
603	314
604	144
605	67
606	54
607	42
608	43
609	36
610	42
611	37
612	54
613	42
614	45
615	44
616	47
617	47
618	68
619	56
620	62
621	44
622	42
623	34
624	37
625	35
626	36
627	34
628	43
629	35
630	45
631	38
632	38
633	43
634	44
635	37
636	40
637	35
638	35
639	31
640	38
641	36
642	35
643	31
644	40
645	35
646	38
647	34
648	34
649	34
650	36
651	31
652	33
653	34
654	35
655	31
656	31
657	31
658	40
659	34
660	41
661	32
662	40
663	40
664	32
665	30
666	36
667	32
668	33
669	28
670	30
671	29
672	36
673	26
674	34
675	30
676	30
677	35
678	34
679	34
680	31
681	34
682	33
683	28
684	29
685	28
686	29
687	25
688	34
689	29
690	31
691	31
692	31
693	32
694	31
695	31
696	34
697	33
698	35
699	32
700	33
701	26
702	27
703	26
704	30
705	32
706	31
707	30
708	33
709	29
710	30
711	28
712	30
713	25
714	31
715	28
716	28
717	26
718	32
719	31
720	26
721	27
722	30
723	29
724	26
725	31
726	26
727	28
728	28
729	31
730	32
731	31
732	31
733	31
734	33
735	27
736	31
737	27
738	25
739	25
740	27
741	28
742	28
743	27
744	28
745	30
746	37
747	36
748	152
749	110
750	58
751	32
752	32
753	32
754	28
755	27
756	27
757	26
758	27
759	25
760	23
761	24
762	26
763	30
764	31
765	33
766	27
767	30
768	26
769	29
770	27
771	22
772	26
773	27
774	28
775	30
776	26
777	32
778	24
779	28
780	23
781	25
782	26
783	27
784	31
785	27
786	26
787	27
788	24
789	28
790	30
791	26
792	26
793	24
794	25
795	26
796	24
797	27
798	28
799	26
800	25
801	24
802	29
803	21
804	25
805	23
806	26
807	21
808	27
809	23
810	25
811	25
812	23
813	22
814	23
815	28
816	23
817	26
818	24
819	22
820	21
821	24
822	26
823	25
824	23
825	21
826	24
827	23
828	24
829	23
830	20
831	20
832	24
833	23
834	24
835	22
836	27
837	26
838	25
839	27
840	23
841	20
842	22
843	22
844	22
845	24
846	29
847	23
848	21
849	26
850	24
851	25
852	25
853	21
854	26
855	24
856	25
857	19
858	20
859	26
860	22
861	23
862	23
863	20
864	20
865	23
866	26
867	26
868	25
869	21
870	24
871	19
872	24
873	24
874	19
875	26
876	26
877	20
878	25
879	22
880	24
881	21
882	27
883	23
884	19
885	21
886	26
887	26
888	21
889	21
890	19
891	25
892	21
893	20
894	22
895	25
896	24
897	20
898	25
899	19
900	21
901	23
902	22
903	23
904	25
905	23
906	23
907	19
908	23
909	21
910	22
911	22
912	22
913	24
914	20
915	21
916	20
917	21
918	21
919	22
920	23
921	22
922	21
923	24
924	19
925	22
926	19
927	20
928	25
929	21
930	23
931	21
932	22
933	22
934	23
935	23
936	23
937	21
938	24
939	23
940	23
941	22
942	23
943	21
944	23
945	26
946	21
947	19
948	21
949	21
950	18
951	24
952	23
953	17
954	27
955	25
956	24
957	24
958	20
959	23
960	24
961	26
962	23
963	21
964	22
965	21
966	22
967	25
968	22
969	22
970	21
971	22
972	19
973	24
974	16
975	25
976	17
977	20
978	21
979	23
980	18
981	23
982	17
983	22
984	24
985	21
986	24
987	20
988	24
989	21
990	23
991	22
992	21
993	23
994	20
995	25
996	18
997	22
998	25
