50	3840
51	7440
52	6970
53	14000
54	18600
55	52000
56	75500
57	77100
58	63900
59	19400
60	282000
61	53000
62	13100
63	9480
64	5470
65	7270
66	9860
67	11100
68	41800
69	120000
70	90700
71	48600
72	89800
73	151000
74	78300
75	17400
76	12000
77	14600
78	8810
79	9840
80	25700
81	45700
82	54300
83	29200
84	64000
85	104000
86	67600
87	43900
88	22000
89	25600
90	18300
91	23000
92	13900
93	12200
94	28000
95	34300
96	84600
97	158000
98	244000
99	42900
100	30000
101	36500
102	95800
103	49800
104	23400
105	12900
106	19300
107	18000
108	48700
109	33400
110	100000
111	33800
112	86200
113	60500
114	145000
115	52200
116	36800
117	19100
118	14200
119	16300
120	19800
121	21900
122	40600
123	29500
124	53300
125	43700
126	560000
127	64700
128	139000
129	21600
130	26600
131	23700
132	22600
133	24700
134	24100
135	33200
136	31200
137	21400
138	47600
139	22800
140	60900
141	33300
142	90200
143	27100
144	203000
145	57500
146	21300
147	23000
148	28100
149	21900
150	36600
151	20300
152	43600
153	19500
154	26800
155	12800
156	24100
157	11700
158	19100
159	14000
160	37700
161	20900
162	33600
163	41400
164	37300
165	17900
166	28100
167	13800
168	37800
169	14900
170	21800
171	9900
172	17200
173	21200
174	24000
175	16200
176	30800
177	12400
178	31700
179	14700
180	27200
181	11400
182	24200
183	7300
184	13600
185	6830
186	21700
187	14500
188	22200
189	11800
190	31400
191	25500
192	32900
193	13100
194	23600
195	9730
196	21200
197	5660
198	13300
199	5870
200	16600
201	10900
202	24900
203	20400
204	24900
205	11500
206	26800
207	14700
208	28800
209	5980
210	20200
211	3680
212	15700
213	3370
214	7570
215	9420
216	23500
217	11800
218	26000
219	5640
220	13600
221	5550
222	12900
223	3970
224	18600
225	6630
226	13700
227	3170
228	9170
229	3680
230	11000
231	4510
232	21000
233	9650
234	21100
235	5260
236	7410
237	1930
238	5590
239	2290
240	14100
241	6160
242	16700
243	2560
244	9430
245	2270
246	10500
247	3510
248	14200
249	5320
250	11900
251	1760
252	6580
253	1960
254	5670
255	2420
256	14600
257	6910
258	14400
259	2380
260	6220
261	2020
262	4830
263	1840
264	8970
265	1810
266	10100
267	1910
268	10400
269	1930
270	7280
271	2460
272	12400
273	2450
274	10000
275	2360
276	9940
277	1680
278	3750
279	1500
280	3850
281	1980
282	9190
283	2610
284	9910
285	2100
286	5340
287	1710
288	3800
289	1760
290	6920
291	1510
292	6440
293	2040
294	7220
295	2370
296	4050
297	2190
298	8220
299	2710
300	8300
301	2150
302	7000
303	1240
304	2910
305	1090
306	2680
307	1250
308	5960
309	1600
310	6110
311	2260
312	7060
313	3690
314	3850
315	2420
316	3320
317	1790
318	4940
319	1130
320	4990
321	1180
322	4330
323	1420
324	2770
325	1890
326	4350
327	1480
328	4700
329	1670
330	5180
331	2240
332	2670
333	1080
334	2120
335	1170
336	4560
337	1750
338	4750
339	2220
340	4840
341	2280
342	2920
343	1400
344	2270
345	1140
346	3420
347	1100
348	3780
349	1080
350	3560
351	1090
352	2210
353	1900
354	2800
355	2570
356	4410
357	2590
358	3890
359	1170
360	1910
361	943
362	1600
363	1060
364	1770
365	1050
366	3990
367	1690
368	3660
369	1890
370	3110
371	2010
372	2360
373	1820
374	1770
375	950
376	1440
377	895
378	2350
379	1660
380	2440
381	1780
382	2210
383	1100
384	2240
385	1220
386	3170
387	1290
388	2440
389	1990
390	2030
391	1070
392	1680
393	1390
394	1420
395	1020
396	1480
397	2450
398	2960
399	1110
400	1920
401	950
402	1340
403	799
404	1840
405	1620
406	3560
407	3860
408	4070
409	2160
410	2040
411	1050
412	1200
413	887
414	957
415	796
416	928
417	720
418	1120
419	742
420	1880
421	1500
422	10200
423	6670
424	14400
425	8130
426	3650
427	986
428	849
429	698
430	743
431	587
432	669
433	544
434	644
435	678
436	990
437	1090
438	4140
439	3980
440	16000
441	10600
442	4310
443	1000
444	714
445	454
446	482
447	383
448	452
449	420
450	590
451	627
452	1040
453	1690
454	1370
455	1950
456	3430
457	2370
458	1390
459	884
460	593
461	408
462	464
463	405
464	514
465	461
466	697
467	713
468	1060
469	1030
470	886
471	1150
472	1050
473	765
474	719
475	507
476	458
477	379
478	487
479	433
480	478
481	409
482	621
483	568
484	550
485	443
486	436
487	369
488	350
489	323
490	350
491	317
492	416
493	358
494	446
495	356
496	395
497	338
498	420
499	405
500	384
501	307
502	344
503	286
504	335
505	301
506	335
507	307
508	351
509	310
510	331
511	286
512	302
513	259
514	298
515	254
516	291
517	273
518	334
519	284
520	316
521	269
522	298
523	231
524	258
525	238
526	246
527	208
528	225
529	238
530	286
531	270
532	294
533	287
534	328
535	290
536	299
537	250
538	247
539	195
540	199
541	181
542	194
543	206
544	248
545	205
546	268
547	249
548	275
549	247
550	343
551	340
552	283
553	203
554	185
555	166
556	170
557	147
558	152
559	177
560	200
561	166
562	188
563	188
564	186
565	178
566	253
567	265
568	268
569	250
570	226
571	210
572	240
573	188
574	159
575	139
576	141
577	134
578	131
579	126
580	142
581	132
582	200
583	215
584	352
585	404
586	1280
587	1420
588	632
589	297
590	165
591	123
592	112
593	105
594	98
595	99
596	109
597	99
598	127
599	133
600	231
601	276
602	1670
603	1800
604	800
605	352
606	186
607	114
608	91
609	82
610	77
611	82
612	83
613	90
614	91
615	119
616	132
617	159
618	214
619	205
620	211
621	175
622	110
623	80
624	73
625	66
626	75
627	76
628	82
629	84
630	90
631	84
632	82
633	121
634	128
635	123
636	107
637	76
638	64
639	62
640	57
641	57
642	60
643	65
644	75
645	86
646	68
647	66
648	58
649	53
650	48
651	54
652	53
653	51
654	49
655	52
656	54
657	51
658	52
659	53
660	51
661	55
662	62
663	70
664	58
665	46
666	46
667	50
668	48
669	47
670	48
671	45
672	48
673	44
674	44
675	45
676	46
677	45
678	44
679	48
680	48
681	44
682	47
683	45
684	45
685	38
686	44
687	41
688	43
689	37
690	38
691	38
692	43
693	42
694	40
695	44
696	43
697	42
698	43
699	41
700	40
701	35
702	42
703	36
704	39
705	41
706	48
707	41
708	46
709	39
710	39
711	37
712	42
713	37
714	35
715	38
716	37
717	36
718	36
719	38
720	38
721	34
722	34
723	36
724	37
725	38
726	34
727	36
728	37
729	37
730	36
731	48
732	40
733	40
734	42
735	38
736	36
737	35
738	40
739	34
740	33
741	34
742	31
743	35
744	38
745	37
746	41
747	50
748	147
749	260
750	154
751	79
752	46
753	42
754	34
755	28
756	31
757	29
758	32
759	32
760	32
761	33
762	32
763	36
764	45
765	48
766	41
767	41
768	40
769	30
770	31
771	32
772	30
773	34
774	33
775	32
776	34
777	32
778	30
779	34
780	34
781	35
782	30
783	32
784	28
785	30
786	29
787	32
788	31
789	30
790	32
791	30
792	33
793	28
794	30
795	30
796	30
797	30
798	29
799	31
800	31
801	33
802	28
803	28
804	33
805	27
806	31
807	32
808	30
809	29
810	29
811	27
812	30
813	27
814	27
815	30
816	28
817	29
818	28
819	29
820	33
821	28
822	29
823	28
824	28
825	31
826	25
827	27
828	30
829	28
830	28
831	30
832	26
833	29
834	29
835	27
836	30
837	28
838	25
839	30
840	27
841	29
842	29
843	29
844	28
845	28
846	29
847	27
848	28
849	28
850	28
851	27
852	27
853	27
854	30
855	26
856	28
857	31
858	28
859	29
860	26
861	26
862	27
863	31
864	27
865	26
866	25
867	26
868	30
869	32
870	24
871	27
872	25
873	29
874	28
875	27
876	27
877	27
878	28
879	28
880	29
881	25
882	26
883	22
884	27
885	25
886	30
887	30
888	28
889	26
890	29
891	28
892	29
893	25
894	25
895	32
896	27
897	27
898	27
899	25
900	26
901	26
902	28
903	27
904	26
905	26
906	26
907	25
908	26
909	26
910	26
911	28
912	30
913	27
914	25
915	26
916	26
917	26
918	25
919	25
920	26
921	25
922	27
923	28
924	25
925	22
926	25
927	26
928	25
929	27
930	24
931	24
932	27
933	22
934	26
935	26
936	25
937	26
938	26
939	26
940	28
941	24
942	24
943	23
944	19
945	24
946	27
947	24
948	26
949	25
950	28
951	26
952	25
953	23
954	24
955	26
956	24
957	25
958	22
959	23
960	26
961	25
962	23
963	26
964	27
965	28
966	25
967	25
968	25
969	28
970	25
971	24
972	23
973	28
974	26
975	23
976	25
977	23
978	25
979	26
980	27
981	23
982	26
983	24
984	26
985	22
986	26
987	24
988	25
989	25
990	25
991	25
992	23
993	23
994	24
995	26
996	25
997	25
998	24
