50	3870
51	7910
52	6540
53	10500
54	13000
55	29600
56	62900
57	39900
58	46700
59	17700
60	77600
61	15900
62	7370
63	6620
64	6340
65	7540
66	11400
67	20900
68	26700
69	33900
70	37000
71	22700
72	24600
73	20500
74	52500
75	9660
76	5840
77	11300
78	12600
79	9460
80	17500
81	21400
82	33400
83	16400
84	39600
85	45800
86	31700
87	21600
88	8770
89	8450
90	5720
91	33000
92	29400
93	13600
94	36900
95	28800
96	49100
97	29500
98	129000
99	20200
100	15700
101	11800
102	24000
103	17900
104	21800
105	15900
106	24200
107	17100
108	45200
109	23800
110	128000
111	25200
112	62300
113	15800
114	40900
115	18800
116	25300
117	22700
118	16700
119	12600
120	23500
121	41400
122	51800
123	20000
124	66800
125	25200
126	203000
127	42700
128	39300
129	18900
130	20700
131	22600
132	20300
133	18900
134	33100
135	96500
136	48200
137	21900
138	53100
139	16800
140	49400
141	21400
142	26800
143	15800
144	25800
145	18600
146	22900
147	22600
148	42000
149	27700
150	48900
151	19700
152	35800
153	17700
154	36500
155	24400
156	24300
157	15200
158	18500
159	18300
160	26600
161	25000
162	33300
163	20200
164	40800
165	18100
166	25300
167	18400
168	19900
169	18200
170	23000
171	18700
172	33000
173	31400
174	31700
175	20200
176	30700
177	18100
178	35100
179	14700
180	36500
181	16700
182	18200
183	11200
184	38900
185	31300
186	159000
187	48200
188	53900
189	22300
190	23200
191	14200
192	20300
193	11500
194	18600
195	11000
196	20700
197	10000
198	26800
199	41800
200	56300
201	40700
202	56600
203	27000
204	32800
205	12000
206	16100
207	12700
208	18600
209	8780
210	21300
211	15400
212	23200
213	14200
214	22100
215	23700
216	60800
217	37200
218	34500
219	12100
220	12200
221	4460
222	9310
223	5660
224	13900
225	11400
226	18400
227	11800
228	180000
229	30200
230	289000
231	13200
232	67500
233	21300
234	17700
235	8660
236	11300
237	5520
238	10000
239	8710
240	14100
241	10900
242	17500
243	20600
244	13100
245	13900
246	15500
247	7010
248	13700
249	6910
250	9030
251	3360
252	4470
253	3210
254	4980
255	14300
256	17200
257	12100
258	190000
259	16600
260	6130
261	2610
262	20700
263	10300
264	9110
265	6060
266	8940
267	4600
268	9270
269	4060
270	4640
271	10000
272	23000
273	9770
274	73900
275	20100
276	96200
277	17900
278	2820
279	1220
280	2450
281	4590
282	7040
283	5980
284	14300
285	4120
286	3870
287	3580
288	9500
289	3800
290	4370
291	2500
292	7430
293	1960
294	4500
295	1180
296	1820
297	1750
298	6430
299	4100
300	7190
301	1430
302	3850
303	750
304	1360
305	636
306	1600
307	745
308	2520
309	1160
310	3840
311	2300
312	5250
313	4230
314	6280
315	2080
316	1270
317	549
318	1880
319	628
320	2410
321	636
322	2380
323	634
324	1240
325	813
326	3440
327	1450
328	3980
329	1670
330	2350
331	518
332	818
333	488
334	796
335	472
336	861
337	515
338	1500
339	563
340	1870
341	578
342	918
343	442
344	761
345	433
346	727
347	440
348	1070
349	455
350	1130
351	455
352	728
353	417
354	659
355	479
356	1130
357	458
358	1170
359	443
360	900
361	375
362	520
363	378
364	501
365	363
366	504
367	358
368	513
369	364
370	536
371	356
372	497
373	337
374	588
375	336
376	547
377	380
378	495
379	355
380	444
381	355
382	487
383	357
384	457
385	319
386	399
387	292
388	390
389	299
390	387
391	295
392	382
393	328
394	516
395	383
396	945
397	549
398	471
399	341
400	408
401	287
402	317
403	213
404	271
405	201
406	262
407	218
408	287
409	255
410	356
411	295
412	447
413	334
414	597
415	406
416	319
417	221
418	228
419	170
420	217
421	164
422	206
423	175
424	219
425	188
426	242
427	197
428	235
429	211
430	285
431	220
432	205
433	142
434	167
435	129
436	168
437	134
438	158
439	134
440	237
441	189
442	229
443	162
444	163
445	123
446	138
447	112
448	133
449	107
450	124
451	100
452	119
453	107
454	118
455	113
456	126
457	108
458	125
459	101
460	124
461	99
462	112
463	90
464	102
465	85
466	97
467	97
468	101
469	81
470	148
471	114
472	162
473	117
474	114
475	87
476	86
477	72
478	84
479	74
480	77
481	69
482	79
483	76
484	76
485	74
486	83
487	81
488	84
489	73
490	81
491	68
492	69
493	62
494	69
495	58
496	64
497	58
498	67
499	56
500	61
501	62
502	77
503	65
504	71
505	64
506	66
507	57
508	55
509	53
510	56
511	56
512	55
513	50
514	55
515	55
516	53
517	51
518	56
519	49
520	55
521	47
522	56
523	45
524	53
525	48
526	52
527	51
528	54
529	52
530	55
531	52
532	53
533	49
534	48
535	44
536	46
537	46
538	46
539	40
540	50
541	45
542	46
543	45
544	49
545	45
546	49
547	43
548	43
549	41
550	43
551	41
552	43
553	40
554	44
555	39
556	40
557	39
558	41
559	43
560	39
561	43
562	44
563	39
564	39
565	41
566	37
567	39
568	42
569	42
570	39
571	37
572	37
573	36
574	39
575	41
576	44
577	41
578	38
579	34
580	41
581	37
582	36
583	37
584	37
585	35
586	36
587	40
588	36
589	38
590	37
591	36
592	38
593	39
594	35
595	37
596	36
597	37
598	37
599	37
600	36
601	35
602	39
603	35
604	35
605	36
606	35
607	38
608	37
609	34
610	32
611	36
612	40
613	40
614	36
615	34
616	39
617	37
618	37
619	34
620	33
621	37
622	35
623	34
624	37
625	35
626	35
627	32
628	37
629	30
630	34
631	31
632	31
633	36
634	36
635	35
636	35
637	30
638	34
639	36
640	35
641	36
642	33
643	32
644	32
645	38
646	31
647	35
648	33
649	32
650	33
651	35
652	36
653	33
654	32
655	33
656	36
657	34
658	31
659	30
660	34
661	33
662	41
663	43
664	37
665	35
666	31
667	32
668	31
669	31
670	33
671	34
672	31
673	31
674	35
675	32
676	33
677	33
678	33
679	34
680	32
681	28
682	34
683	33
684	31
685	33
686	33
687	34
688	35
689	30
690	28
691	32
692	35
693	29
694	32
695	33
696	34
697	28
698	32
699	32
700	31
701	32
702	31
703	29
704	26
705	31
706	30
707	30
708	32
709	34
710	27
711	33
712	31
713	29
714	31
715	32
716	31
717	29
718	28
719	29
720	35
721	33
722	30
723	27
724	30
725	29
726	33
727	32
728	28
729	26
730	30
731	32
732	32
733	31
734	31
735	32
736	31
737	29
738	29
739	28
740	28
741	27
742	31
743	28
744	26
745	29
746	31
747	30
748	30
749	27
750	29
751	30
752	29
753	28
754	30
755	29
756	31
757	27
758	31
759	31
760	29
761	32
762	28
763	31
764	29
765	29
766	29
767	29
768	28
769	28
770	32
771	28
772	30
773	33
774	30
775	31
776	34
777	30
778	29
779	32
780	31
781	28
782	28
783	29
784	29
785	30
786	29
787	29
788	31
789	30
790	29
791	32
792	31
793	26
794	27
795	32
796	27
797	27
798	30
799	28
800	29
801	29
802	30
803	27
804	30
805	28
806	28
807	26
808	26
809	28
810	29
811	31
812	26
813	28
814	27
815	27
816	25
817	32
818	28
819	25
820	29
821	26
822	27
823	27
824	28
825	27
826	28
827	28
828	27
829	30
830	26
831	29
832	28
833	29
834	27
835	27
836	29
837	29
838	29
839	28
840	27
841	26
842	27
843	28
844	30
845	30
846	30
847	26
848	28
849	27
850	27
851	29
852	27
853	27
854	26
855	26
856	26
857	28
858	27
859	30
860	26
861	29
862	28
863	29
864	28
865	27
866	26
867	27
868	29
869	25
870	29
871	25
872	26
873	25
874	27
875	30
876	28
877	28
878	31
879	28
880	30
881	27
882	27
883	26
884	24
885	24
886	27
887	30
888	25
889	26
890	27
891	25
892	26
893	27
894	25
895	27
896	26
897	29
898	26
899	29
900	24
901	26
902	26
903	28
904	30
905	27
906	26
907	26
908	28
909	24
910	24
911	23
912	30
913	27
914	26
915	26
916	25
917	25
918	29
919	26
920	27
921	28
922	26
923	25
924	27
925	26
926	25
927	26
928	26
929	25
930	26
931	28
932	26
933	30
934	27
935	27
936	27
937	25
938	27
939	25
940	26
941	24
942	29
943	24
944	27
945	24
946	26
947	27
948	27
949	25
950	27
951	28
952	27
953	25
954	26
955	24
956	27
957	25
958	27
959	27
960	25
961	26
962	26
963	25
964	27
965	28
966	27
967	28
968	26
969	28
970	25
971	25
972	24
973	26
974	25
975	25
976	25
977	25
978	24
979	27
980	25
981	24
982	27
983	24
984	26
985	25
986	26
987	25
988	26
989	27
990	25
991	27
992	25
993	24
994	25
995	23
996	23
997	26
998	27
