50	2880
51	5360
52	3960
53	6380
54	7420
55	20200
56	51500
57	24900
58	28800
59	13300
60	47300
61	13700
62	4690
63	4170
64	3870
65	4610
66	5760
67	12700
68	17400
69	19600
70	20700
71	14900
72	18000
73	13600
74	29700
75	5690
76	3490
77	6960
78	6030
79	5020
80	8010
81	14300
82	20100
83	12100
84	21300
85	27100
86	17900
87	13900
88	6190
89	5060
90	3330
91	17700
92	16000
93	7140
94	20300
95	20100
96	27000
97	17400
98	71800
99	14700
100	11200
101	6710
102	16300
103	10700
104	9960
105	8410
106	14500
107	9220
108	24300
109	18100
110	65800
111	17700
112	34100
113	14500
114	20100
115	11500
116	14200
117	13400
118	8620
119	7000
120	14700
121	24500
122	26200
123	14200
124	34800
125	19100
126	116000
127	24900
128	21500
129	10700
130	10700
131	12100
132	15200
133	10700
134	22800
135	43300
136	28700
137	15000
138	28800
139	13400
140	28400
141	15500
142	15400
143	8440
144	18300
145	10400
146	15600
147	11900
148	21700
149	15400
150	27300
151	14700
152	20900
153	12100
154	21400
155	12500
156	12500
157	7710
158	12300
159	10000
160	19200
161	12600
162	19700
163	11700
164	22100
165	10300
166	14500
167	10200
168	13300
169	10300
170	11800
171	10200
172	25500
173	17600
174	21900
175	11100
176	18200
177	10500
178	19500
179	8540
180	21700
181	10300
182	13200
183	6440
184	22400
185	17100
186	80300
187	32200
188	37800
189	14000
190	15600
191	8210
192	13500
193	6580
194	14000
195	6150
196	11300
197	6650
198	15100
199	29600
200	34100
201	24200
202	38800
203	16300
204	22200
205	8900
206	13000
207	7260
208	10200
209	5030
210	12100
211	9320
212	12200
213	9970
214	16900
215	11900
216	36100
217	22000
218	23900
219	9190
220	9130
221	4290
222	6260
223	3830
224	7330
225	6350
226	9510
227	9070
228	107000
229	43200
230	125000
231	45500
232	42300
233	19500
234	10400
235	5620
236	6630
237	4150
238	6190
239	4260
240	7680
241	6370
242	10500
243	16700
244	13200
245	12500
246	12200
247	5770
248	7120
249	3410
250	4730
251	2990
252	4820
253	2970
254	6050
255	8840
256	9460
257	6520
258	91700
259	32300
260	12700
261	2270
262	15400
263	8620
264	5230
265	3510
266	4480
267	2540
268	4360
269	3420
270	4970
271	6450
272	12200
273	6780
274	44600
275	16500
276	56200
277	20100
278	6670
279	1910
280	3680
281	1960
282	3520
283	3260
284	8840
285	3670
286	3780
287	2740
288	7780
289	2910
290	3010
291	1380
292	3990
293	1910
294	2470
295	1050
296	2380
297	1310
298	3160
299	2110
300	3480
301	1250
302	2010
303	907
304	1300
305	767
306	1370
307	833
308	1610
309	881
310	1990
311	1190
312	2560
313	2500
314	6590
315	1800
316	1520
317	516
318	979
319	487
320	1280
321	514
322	1280
323	703
324	1410
325	709
326	1790
327	864
328	2060
329	1350
330	1330
331	469
332	908
333	450
334	793
335	417
336	750
337	418
338	817
339	435
340	1300
341	571
342	1080
343	417
344	885
345	384
346	683
347	369
348	653
349	350
350	596
351	351
352	641
353	354
354	663
355	381
356	655
357	355
358	717
359	340
360	598
361	303
362	516
363	290
364	421
365	283
366	407
367	283
368	461
369	272
370	502
371	277
372	497
373	256
374	385
375	248
376	376
377	266
378	364
379	244
380	325
381	243
382	373
383	250
384	339
385	223
386	321
387	211
388	296
389	210
390	277
391	204
392	280
393	220
394	353
395	267
396	513
397	346
398	321
399	238
400	303
401	209
402	240
403	157
404	196
405	151
406	203
407	161
408	206
409	179
410	272
411	209
412	319
413	223
414	431
415	261
416	226
417	155
418	176
419	121
420	157
421	118
422	150
423	123
424	160
425	140
426	165
427	136
428	172
429	141
430	198
431	138
432	138
433	106
434	123
435	96
436	116
437	90
438	110
439	98
440	166
441	135
442	169
443	120
444	119
445	98
446	103
447	86
448	94
449	81
450	90
451	77
452	90
453	82
454	94
455	87
456	99
457	82
458	89
459	73
460	84
461	75
462	88
463	66
464	80
465	66
466	74
467	67
468	75
469	67
470	110
471	87
472	125
473	88
474	85
475	65
476	72
477	61
478	71
479	61
480	62
481	57
482	64
483	58
484	64
485	61
486	63
487	59
488	63
489	54
490	57
491	54
492	57
493	51
494	55
495	50
496	55
497	48
498	55
499	48
500	56
501	51
502	59
503	52
504	55
505	48
506	55
507	48
508	52
509	46
510	49
511	47
512	49
513	41
514	47
515	44
516	50
517	48
518	47
519	46
520	45
521	43
522	48
523	41
524	41
525	42
526	43
527	42
528	47
529	46
530	48
531	48
532	46
533	43
534	44
535	44
536	42
537	42
538	43
539	41
540	41
541	38
542	40
543	41
544	43
545	39
546	40
547	41
548	38
549	37
550	40
551	41
552	38
553	39
554	39
555	40
556	37
557	39
558	41
559	41
560	39
561	38
562	40
563	38
564	36
565	33
566	36
567	37
568	38
569	38
570	34
571	33
572	38
573	34
574	38
575	39
576	39
577	39
578	36
579	36
580	39
581	32
582	34
583	36
584	36
585	38
586	32
587	36
588	38
589	33
590	37
591	34
592	31
593	35
594	34
595	36
596	35
597	33
598	34
599	34
600	35
601	34
602	36
603	35
604	34
605	34
606	36
607	32
608	35
609	34
610	36
611	34
612	35
613	34
614	31
615	35
616	36
617	32
618	31
619	30
620	35
621	33
622	33
623	31
624	32
625	34
626	32
627	33
628	34
629	32
630	34
631	32
632	36
633	31
634	32
635	33
636	31
637	31
638	34
639	33
640	34
641	33
642	33
643	34
644	34
645	36
646	31
647	33
648	31
649	34
650	32
651	36
652	33
653	31
654	33
655	32
656	34
657	32
658	31
659	35
660	33
661	32
662	40
663	39
664	31
665	32
666	30
667	32
668	31
669	30
670	30
671	33
672	31
673	34
674	30
675	30
676	28
677	34
678	31
679	33
680	32
681	30
682	32
683	32
684	33
685	31
686	33
687	34
688	31
689	30
690	29
691	30
692	32
693	32
694	34
695	29
696	32
697	30
698	30
699	30
700	32
701	32
702	31
703	30
704	28
705	32
706	31
707	29
708	31
709	29
710	29
711	29
712	29
713	30
714	29
715	30
716	29
717	30
718	31
719	27
720	30
721	28
722	30
723	30
724	30
725	29
726	29
727	30
728	26
729	28
730	31
731	29
732	28
733	29
734	30
735	30
736	31
737	28
738	27
739	30
740	29
741	31
742	31
743	30
744	31
745	28
746	31
747	28
748	31
749	32
750	29
751	27
752	28
753	28
754	28
755	28
756	28
757	31
758	28
759	29
760	27
761	27
762	25
763	29
764	29
765	29
766	28
767	30
768	29
769	29
770	29
771	29
772	29
773	29
774	28
775	30
776	30
777	28
778	27
779	30
780	27
781	30
782	30
783	28
784	26
785	29
786	26
787	28
788	33
789	28
790	28
791	29
792	27
793	30
794	28
795	28
796	28
797	30
798	27
799	29
800	27
801	31
802	28
803	24
804	24
805	30
806	28
807	28
808	29
809	24
810	28
811	28
812	27
813	29
814	27
815	27
816	28
817	26
818	26
819	26
820	31
821	28
822	26
823	30
824	28
825	30
826	30
827	28
828	27
829	25
830	27
831	30
832	28
833	27
834	28
835	26
836	28
837	26
838	27
839	27
840	29
841	26
842	29
843	28
844	29
845	27
846	28
847	25
848	27
849	28
850	30
851	24
852	28
853	28
854	28
855	29
856	26
857	26
858	26
859	27
860	27
861	29
862	27
863	29
864	28
865	28
866	26
867	28
868	27
869	27
870	27
871	29
872	27
873	26
874	27
875	27
876	25
877	26
878	30
879	25
880	24
881	29
882	24
883	28
884	25
885	27
886	27
887	28
888	27
889	25
890	26
891	25
892	29
893	26
894	25
895	29
896	26
897	25
898	25
899	28
900	28
901	28
902	27
903	23
904	25
905	26
906	25
907	27
908	25
909	24
910	28
911	27
912	24
913	27
914	28
915	25
916	26
917	26
918	29
919	26
920	28
921	25
922	25
923	27
924	26
925	27
926	25
927	26
928	27
929	28
930	25
931	26
932	28
933	26
934	27
935	26
936	26
937	29
938	23
939	26
940	27
941	25
942	28
943	24
944	24
945	27
946	24
947	27
948	26
949	23
950	26
951	24
952	27
953	24
954	25
955	24
956	25
957	27
958	25
959	26
960	26
961	28
962	27
963	30
964	25
965	28
966	26
967	24
968	24
969	27
970	29
971	26
972	23
973	26
974	26
975	24
976	28
977	29
978	27
979	28
980	27
981	26
982	24
983	25
984	26
985	25
986	28
987	28
988	24
989	27
990	23
991	26
992	23
993	24
994	24
995	24
996	31
997	26
998	26
