50	4890
51	7380
52	6010
53	11700
54	14500
55	40600
56	58100
57	47300
58	67600
59	68500
60	64000
61	41600
62	14700
63	10800
64	10800
65	9380
66	13500
67	40400
68	43900
69	108000
70	52000
71	50600
72	45700
73	47300
74	31300
75	14400
76	7770
77	14700
78	25100
79	23400
80	29000
81	51300
82	67600
83	49600
84	44000
85	37100
86	32100
87	24600
88	14500
89	17100
90	12900
91	27300
92	41500
93	35600
94	116000
95	52000
96	72300
97	39600
98	48900
99	29000
100	24500
101	23400
102	30600
103	25400
104	17600
105	19700
106	35800
107	37800
108	96700
109	57100
110	497000
111	53000
112	39900
113	25600
114	47800
115	29000
116	25900
117	32800
118	29100
119	26200
120	49100
121	38200
122	73600
123	73000
124	249000
125	39700
126	164000
127	29100
128	49800
129	30300
130	25600
131	26700
132	40300
133	33200
134	43200
135	51000
136	99500
137	39900
138	79700
139	32300
140	42800
141	27500
142	35600
143	28100
144	99500
145	38200
146	42600
147	35500
148	64500
149	38000
150	75800
151	34900
152	130000
153	29100
154	50300
155	29900
156	31100
157	25100
158	27900
159	28500
160	44100
161	34400
162	64500
163	37700
164	157000
165	35500
166	37400
167	29600
168	32800
169	20300
170	27500
171	17100
172	25800
173	27900
174	35800
175	32800
176	34500
177	26400
178	39100
179	36100
180	75700
181	38700
182	38000
183	13800
184	16300
185	15800
186	22700
187	23400
188	30100
189	30100
190	31900
191	17800
192	24800
193	33700
194	35600
195	27600
196	39100
197	12100
198	15300
199	12500
200	25900
201	22800
202	37100
203	35100
204	19000
205	8040
206	18900
207	23900
208	36000
209	29900
210	58100
211	13300
212	17600
213	7480
214	7760
215	16000
216	27400
217	21900
218	40400
219	7050
220	11000
221	4070
222	10900
223	18700
224	25800
225	19500
226	26300
227	4180
228	6440
229	2690
230	23000
231	19400
232	25700
233	17500
234	29200
235	3220
236	4340
237	2550
238	9450
239	16200
240	19600
241	15200
242	23600
243	5700
244	3790
245	2810
246	5450
247	12600
248	21200
249	15900
250	19700
251	2740
252	3180
253	2260
254	2950
255	8420
256	25400
257	15600
258	30300
259	4890
260	3350
261	2490
262	3560
263	3110
264	22300
265	13800
266	16300
267	6930
268	12600
269	3220
270	4510
271	7960
272	30100
273	22000
274	22300
275	21600
276	20300
277	3430
278	5140
279	2970
280	15100
281	16700
282	12100
283	8150
284	18300
285	6330
286	4670
287	4630
288	3160
289	10600
290	17400
291	13600
292	14400
293	24300
294	7650
295	1810
296	2440
297	1850
298	7390
299	9890
300	18200
301	12900
302	23000
303	2880
304	2890
305	1960
306	2310
307	2090
308	10500
309	7240
310	14800
311	10600
312	8800
313	4060
314	7490
315	5330
316	4670
317	6240
318	11300
319	8750
320	9300
321	1710
322	4600
323	2550
324	3140
325	2750
326	14200
327	9750
328	17600
329	14400
330	19700
331	3470
332	4810
333	2670
334	2380
335	1580
336	3880
337	1860
338	8220
339	6370
340	13200
341	3460
342	12600
343	4530
344	7710
345	6700
346	14000
347	13800
348	21900
349	3060
350	3120
351	1580
352	2720
353	1530
354	3950
355	6340
356	10600
357	11500
358	16900
359	3420
360	4080
361	1750
362	2560
363	1670
364	10800
365	3700
366	3020
367	3370
368	7400
369	5960
370	6700
371	3470
372	7120
373	3650
374	3390
375	1530
376	7100
377	4300
378	6500
379	2260
380	4200
381	3090
382	6740
383	6810
384	6400
385	2160
386	7880
387	7790
388	9280
389	3100
390	3600
391	1450
392	5780
393	1700
394	10100
395	9170
396	21300
397	15700
398	9260
399	13200
400	13800
401	3260
402	2290
403	991
404	1040
405	1000
406	1320
407	3720
408	6670
409	5750
410	9230
411	6830
412	15200
413	4070
414	21000
415	6110
416	5370
417	2230
418	8550
419	2410
420	3340
421	1190
422	1690
423	5080
424	6660
425	14800
426	6420
427	2590
428	2840
429	1710
430	17300
431	4820
432	3340
433	1070
434	1060
435	975
436	1300
437	3710
438	5670
439	5750
440	6940
441	6370
442	2080
443	1380
444	1520
445	1130
446	3580
447	1280
448	1630
449	1260
450	5220
451	4170
452	4710
453	4980
454	2630
455	5910
456	4450
457	1240
458	1270
459	1080
460	1240
461	1090
462	3490
463	3640
464	6120
465	11500
466	9850
467	16200
468	12600
469	3160
470	1730
471	1080
472	1060
473	919
474	1150
475	1030
476	1070
477	956
478	1290
479	2960
480	4810
481	6420
482	8360
483	12800
484	8630
485	1890
486	1040
487	817
488	851
489	788
490	917
491	1790
492	2790
493	12600
494	5670
495	1940
496	1820
497	1860
498	2970
499	1850
500	1410
501	927
502	965
503	823
504	854
505	812
506	1040
507	1050
508	2750
509	3950
510	3750
511	2010
512	1360
513	942
514	1390
515	956
516	1300
517	945
518	978
519	987
520	1030
521	868
522	1890
523	1010
524	2120
525	2340
526	2580
527	2300
528	1010
529	881
530	946
531	885
532	1290
533	1680
534	4930
535	4770
536	9840
537	4900
538	2950
539	921
540	896
541	795
542	783
543	782
544	762
545	662
546	783
547	715
548	1780
549	1780
550	4250
551	4550
552	14500
553	8400
554	3680
555	865
556	679
557	571
558	577
559	539
560	589
561	562
562	1040
563	992
564	1050
565	824
566	2990
567	2790
568	4180
569	3380
570	1240
571	705
572	605
573	526
574	584
575	619
576	601
577	581
578	528
579	504
580	677
581	641
582	1320
583	1250
584	1940
585	1650
586	1710
587	1160
588	660
589	573
590	579
591	527
592	472
593	448
594	424
595	442
596	565
597	511
598	659
599	624
600	702
601	686
602	836
603	611
604	515
605	426
606	433
607	388
608	439
609	408
610	446
611	450
612	491
613	469
614	515
615	549
616	608
617	564
618	520
619	442
620	414
621	383
622	342
623	338
624	328
625	325
626	338
627	310
628	345
629	330
630	368
631	345
632	338
633	322
634	312
635	323
636	340
637	312
638	331
639	311
640	283
641	265
642	277
643	293
644	304
645	300
646	272
647	260
648	285
649	267
650	278
651	270
652	265
653	258
654	295
655	283
656	277
657	248
658	231
659	234
660	241
661	235
662	245
663	283
664	294
665	257
666	229
667	215
668	231
669	239
670	252
671	244
672	229
673	226
674	214
675	204
676	206
677	220
678	213
679	198
680	194
681	183
682	200
683	199
684	215
685	217
686	229
687	221
688	226
689	201
690	177
691	190
692	181
693	186
694	168
695	171
696	169
697	158
698	177
699	172
700	173
701	180
702	175
703	187
704	157
705	155
706	155
707	145
708	139
709	150
710	139
711	134
712	141
713	132
714	135
715	137
716	130
717	139
718	139
719	138
720	144
721	139
722	134
723	129
724	125
725	117
726	126
727	126
728	124
729	119
730	112
731	118
732	113
733	105
734	123
735	116
736	115
737	114
738	122
739	118
740	111
741	110
742	113
743	112
744	112
745	107
746	109
747	119
748	128
749	140
750	134
751	124
752	119
753	117
754	112
755	102
756	104
757	106
758	100
759	105
760	98
761	100
762	97
763	104
764	106
765	110
766	100
767	108
768	101
769	94
770	98
771	88
772	86
773	91
774	85
775	87
776	89
777	92
778	95
779	86
780	90
781	91
782	85
783	88
784	80
785	83
786	76
787	81
788	85
789	79
790	79
791	84
792	79
793	77
794	70
795	81
796	75
797	72
798	73
799	75
800	76
801	82
802	68
803	68
804	72
805	72
806	73
807	68
808	73
809	70
810	65
811	70
812	78
813	83
814	81
815	76
816	68
817	71
818	69
819	67
820	69
821	68
822	69
823	67
824	66
825	66
826	70
827	78
828	66
829	70
830	68
831	65
832	70
833	60
834	58
835	59
836	59
837	61
838	60
839	64
840	61
841	65
842	59
843	53
844	58
845	64
846	61
847	56
848	58
849	62
850	59
851	56
852	58
853	56
854	54
855	51
856	53
857	58
858	54
859	53
860	50
861	52
862	51
863	54
864	54
865	52
866	50
867	47
868	50
869	48
870	53
871	54
872	53
873	51
874	53
875	49
876	51
877	47
878	55
879	52
880	51
881	47
882	47
883	48
884	43
885	47
886	48
887	52
888	51
889	42
890	46
891	42
892	49
893	49
894	50
895	51
896	45
897	46
898	42
899	44
900	45
901	44
902	41
903	44
904	44
905	46
906	40
907	39
908	40
909	42
910	46
911	39
912	40
913	40
914	42
915	42
916	43
917	38
918	41
919	42
920	43
921	43
922	39
923	42
924	37
925	42
926	42
927	38
928	40
929	35
930	36
931	36
932	39
933	40
934	39
935	40
936	36
937	42
938	42
939	41
940	41
941	35
942	37
943	35
944	32
945	40
946	38
947	33
948	37
949	39
950	32
951	39
952	38
953	37
954	31
955	35
956	33
957	33
958	43
959	35
960	36
961	36
962	39
963	33
964	42
965	41
966	38
967	35
968	36
969	35
970	37
971	31
972	32
973	33
974	36
975	30
976	36
977	37
978	35
979	37
980	32
981	36
982	32
983	33
984	36
985	30
986	35
987	33
988	33
989	33
990	32
991	34
992	31
993	32
994	31
995	31
996	32
997	37
998	35
