60	733
61	361
62	259
63	248
64	221
65	273
66	534
67	4697
68	5634
69	14530
70	6663
71	12600
72	2330
73	620
74	362
75	238
76	222
77	272
78	516
79	911
80	3853
81	6790
82	10650
83	11140
84	7928
85	6843
86	769
87	498
88	278
89	234
90	221
91	484
92	628
93	1858
94	5571
95	7212
96	11290
97	12710
98	21060
99	4500
100	742
101	514
102	307
103	292
104	349
105	544
106	870
107	1748
108	8370
109	6469
110	9006
111	9873
112	7959
113	2087
114	1032
115	570
116	794
117	570
118	585
119	953
120	1149
121	3577
122	5344
123	5657
124	7417
125	5825
126	5315
127	2730
128	715
129	1905
130	497
131	602
132	733
133	1357
134	2999
135	4793
136	5217
137	5927
138	6343
139	5707
140	2053
141	1908
142	700
143	683
144	547
145	656
146	759
147	1539
148	3343
149	4171
150	5635
151	6821
152	7581
153	4166
154	3429
155	2893
156	789
157	674
158	632
159	705
160	798
161	1121
162	1592
163	2406
164	4465
165	4543
166	5532
167	3284
168	1711
169	1033
170	689
171	862
172	911
173	792
174	767
175	1065
176	1162
177	1611
178	3352
179	2505
180	3258
181	1838
182	1495
183	935
184	790
185	1779
186	965
187	765
188	713
189	970
190	1049
191	1545
192	1726
193	1697
194	2589
195	1211
196	1184
197	788
198	687
199	798
200	747
201	673
202	665
203	874
204	934
205	1038
206	1386
207	4667
208	3114
209	1965
210	1023
211	735
212	598
213	691
214	719
215	601
216	618
217	728
218	883
219	929
220	2813
221	1984
222	2925
223	1024
224	832
225	672
226	609
227	650
228	643
229	585
230	585
231	657
232	974
233	848
234	1754
235	1944
236	2976
237	1371
238	971
239	808
240	756
241	710
242	804
243	600
244	579
245	667
246	1654
247	953
248	795
249	941
250	734
251	677
252	610
253	628
254	583
255	536
256	896
257	565
258	636
259	712
260	3090
261	1483
262	14330
263	5617
264	18550
265	6887
266	901
267	819
268	536
269	478
270	473
271	481
272	469
273	560
274	607
275	749
276	944
277	959
278	2565
279	3242
280	6099
281	3633
282	3034
283	711
284	547
285	405
286	392
287	407
288	430
289	453
290	484
291	537
292	623
293	502
294	502
295	522
296	422
297	366
298	313
299	267
300	299
301	286
302	288
303	309
304	299
305	312
306	340
307	332
308	302
309	288
310	274
311	263
312	262
313	455
314	291
315	245
316	322
317	271
318	425
319	306
320	395
321	305
322	310
323	343
324	258
325	274
326	219
327	205
328	181
329	191
330	215
331	222
332	332
333	340
334	496
335	413
336	1186
337	530
338	2314
339	2900
340	642
341	497
342	269
343	208
344	181
345	188
346	184
347	226
348	203
349	232
350	213
351	248
352	218
353	213
354	238
355	401
356	318
357	268
358	193
359	172
360	165
361	167
362	170
363	162
364	169
365	183
366	191
367	223
368	190
369	178
370	195
371	155
372	146
373	152
374	150
375	156
376	165
377	164
378	180
379	191
380	371
381	360
382	503
383	487
384	333
385	190
386	153
387	148
388	154
389	156
390	156
391	177
392	173
393	396
394	325
395	276
396	463
397	631
398	432
399	225
400	177
401	166
402	166
403	157
404	160
405	154
406	155
407	177
408	187
409	186
410	203
411	173
412	170
413	153
414	150
415	192
416	192
417	199
418	164
419	154
420	154
421	171
422	173
423	187
424	182
425	161
426	145
427	137
428	133
429	253
430	203
431	209
432	160
433	170
434	176
435	171
436	209
437	204
438	173
439	161
440	144
441	127
442	126
443	135
444	126
445	143
446	149
447	251
448	238
449	348
450	339
451	226
452	185
453	147
454	129
455	123
456	121
457	126
458	126
459	126
460	134
461	148
462	173
463	214
464	219
465	224
466	196
467	168
468	141
469	123
470	125
471	125
472	131
473	138
474	144
475	179
476	216
477	261
478	268
479	265
480	238
481	193
482	146
483	131
484	124
485	135
486	135
487	150
488	161
489	199
490	245
491	293
492	290
493	276
494	222
495	200
496	154
497	137
498	133
499	151
500	151
501	169
502	199
503	236
504	269
505	326
506	389
507	504
508	303
509	220
510	162
511	144
512	137
513	139
514	145
515	142
516	150
517	164
518	194
519	243
520	290
521	432
522	287
523	237
524	181
525	168
526	155
527	171
528	177
529	188
530	209
531	189
532	198
533	201
534	224
535	241
536	182
537	159
538	137
539	126
540	132
541	137
542	149
543	156
544	167
545	176
546	191
547	205
548	189
549	187
550	179
551	165
552	179
553	146
554	127
555	122
556	136
557	128
558	139
559	150
560	182
561	175
562	170
563	159
564	153
565	144
566	121
567	117
568	115
569	129
570	143
571	156
572	191
573	285
574	324
575	723
576	622
577	1223
578	1388
579	634
580	313
581	166
582	122
583	112
584	113
585	119
586	133
587	153
588	179
589	211
590	262
591	217
592	188
593	155
594	150
595	196
596	241
597	425
598	665
599	1338
600	1348
601	3266
602	2995
603	6319
604	5839
605	2851
606	1551
607	604
608	303
609	174
610	141
611	136
612	154
613	183
614	249
615	381
616	561
617	721
618	618
619	614
620	410
621	507
622	301
623	153
624	117
625	103
626	118
627	121
628	149
629	200
630	198
631	366
632	342
633	290
634	260
635	163
636	128
637	104
638	92
639	87
640	86
641	89
642	91
643	102
644	113
645	145
646	138
647	147
648	130
649	127
650	100
651	92
652	89
653	91
654	93
655	101
656	108
657	135
658	136
659	187
660	164
661	187
662	175
663	185
664	137
665	106
666	92
667	89
668	84
669	90
670	92
671	104
672	109
673	131
674	124
675	143
676	126
677	148
678	116
679	97
680	82
681	79
682	85
683	82
684	90
685	109
686	110
687	133
688	124
689	126
690	111
691	103
692	91
693	79
694	78
695	79
696	79
697	85
698	91
699	112
700	109
701	123
702	109
703	114
704	97
705	91
706	80
707	71
708	74
709	75
710	79
711	84
712	98
713	116
714	117
715	133
716	119
717	127
718	106
719	98
720	83
721	77
722	75
723	76
724	78
725	87
726	94
727	121
728	131
729	142
730	141
731	171
732	128
733	114
734	89
735	80
736	79
737	74
738	80
739	88
740	107
741	135
742	157
743	186
744	188
745	235
746	168
747	142
748	98
749	82
750	78
751	81
752	90
753	102
754	133
755	175
756	207
757	226
758	211
759	302
760	196
761	138
762	102
763	83
764	79
765	85
766	104
767	117
768	169
769	199
770	274
771	263
772	232
773	278
774	189
775	133
776	103
777	86
778	86
779	85
780	105
781	114
782	143
783	181
784	230
785	230
786	203
787	241
788	169
789	129
790	101
791	82
792	84
793	88
794	107
795	116
796	143
797	166
798	190
799	194
800	169
801	173
802	132
803	107
804	90
805	82
806	86
807	91
808	144
809	145
810	210
811	198
812	218
813	182
814	142
815	129
816	98
817	87
818	79
819	76
820	78
821	92
822	98
823	119
824	122
825	157
826	152
827	146
828	123
829	123
830	101
831	91
832	79
833	77
834	74
835	80
836	83
837	88
838	97
839	115
840	118
841	138
842	116
843	97
844	84
845	78
846	75
847	76
848	77
849	87
850	93
851	148
852	146
853	294
854	267
855	545
856	416
857	482
858	334
859	339
860	231
861	137
862	92
863	100
864	97
865	152
866	149
867	299
868	244
869	178
870	136
871	120
872	111
873	110
874	104
875	137
876	153
877	397
878	377
879	969
880	862
881	2067
882	1512
883	2234
884	1519
885	1931
886	1330
887	607
888	297
889	141
890	103
891	77
892	85
893	79
894	96
895	98
896	120
897	110
898	126
899	105
900	107
901	92
902	70
903	59
904	54
905	54
906	55
907	71
908	69
909	110
910	112
911	147
912	122
913	135
914	104
915	88
916	70
917	57
918	48
919	48
920	44
921	47
922	49
923	48
924	50
925	48
926	49
927	51
928	47
929	48
930	45
931	46
932	45
933	43
934	45
935	45
936	46
937	49
938	52
939	57
940	53
941	57
942	53
943	52
944	48
945	46
946	47
947	44
948	45
949	47
950	44
951	46
952	45
953	45
954	46
955	44
956	42
957	45
958	46
959	45
960	43
961	45
962	45
963	44
964	44
965	46
966	47
967	48
968	48
969	50
970	47
971	47
972	42
973	44
974	42
975	40
976	41
977	43
978	39
979	43
980	42
981	41
982	43
983	42
984	44
985	38
986	38
987	43
988	41
989	43
990	39
991	40
992	42
993	44
994	45
995	43
996	44
997	44
998	43
999	43
