60	725
61	358
62	261
63	251
64	223
65	277
66	527
67	4648
68	5560
69	14130
70	6456
71	13150
72	3409
73	614
74	352
75	240
76	226
77	275
78	492
79	854
80	3439
81	6394
82	10150
83	10870
84	7406
85	6866
86	789
87	486
88	274
89	234
90	226
91	461
92	585
93	1364
94	5201
95	6952
96	10540
97	12160
98	18080
99	3998
100	726
101	485
102	294
103	281
104	336
105	517
106	814
107	1263
108	7607
109	6247
110	8664
111	9461
112	7367
113	2316
114	973
115	542
116	676
117	517
118	552
119	906
120	1106
121	3206
122	5468
123	5485
124	7063
125	5665
126	5100
127	2328
128	707
129	1092
130	456
131	563
132	696
133	1169
134	2598
135	4521
136	5388
137	5751
138	6208
139	5632
140	2224
141	1552
142	683
143	629
144	514
145	624
146	746
147	1236
148	2917
149	3922
150	5430
151	6306
152	7250
153	3950
154	3370
155	2697
156	779
157	630
158	594
159	665
160	768
161	1045
162	1272
163	2210
164	4336
165	4248
166	5123
167	2990
168	1489
169	947
170	672
171	779
172	790
173	747
174	738
175	986
176	1126
177	1314
178	3361
179	2381
180	2908
181	1736
182	1117
183	853
184	754
185	1261
186	854
187	713
188	696
189	917
190	1054
191	1269
192	1836
193	1622
194	2403
195	1048
196	995
197	720
198	657
199	724
200	673
201	636
202	644
203	856
204	924
205	1035
206	1313
207	4453
208	2733
209	1605
210	916
211	667
212	569
213	637
214	653
215	577
216	621
217	715
218	884
219	922
220	2665
221	1817
222	2524
223	948
224	759
225	616
226	577
227	598
228	598
229	569
230	586
231	646
232	961
233	834
234	1928
235	1866
236	2795
237	1174
238	951
239	751
240	681
241	648
242	719
243	584
244	566
245	667
246	1288
247	920
248	799
249	926
250	711
251	669
252	585
253	604
254	546
255	515
256	872
257	590
258	629
259	787
260	2842
261	1828
262	13040
263	6241
264	15360
265	5815
266	851
267	744
268	504
269	453
270	464
271	467
272	494
273	560
274	610
275	751
276	812
277	959
278	1622
279	3490
280	4814
281	4495
282	2577
283	677
284	547
285	410
286	395
287	402
288	440
289	431
290	483
291	492
292	609
293	460
294	494
295	476
296	404
297	352
298	310
299	270
300	302
301	291
302	288
303	304
304	296
305	306
306	331
307	321
308	290
309	286
310	264
311	257
312	258
313	412
314	281
315	243
316	308
317	264
318	400
319	296
320	379
321	290
322	308
323	330
324	250
325	261
326	210
327	200
328	185
329	189
330	213
331	217
332	306
333	317
334	432
335	385
336	808
337	472
338	1843
339	2191
340	535
341	432
342	251
343	200
344	181
345	182
346	178
347	220
348	196
349	220
350	202
351	233
352	203
353	200
354	221
355	372
356	290
357	251
358	183
359	169
360	164
361	162
362	165
363	159
364	166
365	180
366	186
367	211
368	181
369	169
370	189
371	148
372	147
373	147
374	149
375	152
376	164
377	158
378	176
379	187
380	355
381	335
382	501
383	466
384	316
385	185
386	150
387	147
388	153
389	151
390	153
391	171
392	165
393	347
394	297
395	257
396	459
397	586
398	399
399	211
400	174
401	163
402	162
403	151
404	160
405	150
406	150
407	177
408	184
409	178
410	199
411	167
412	172
413	155
414	156
415	187
416	185
417	186
418	157
419	150
420	150
421	164
422	162
423	176
424	172
425	156
426	142
427	134
428	132
429	236
430	192
431	188
432	153
433	162
434	164
435	164
436	193
437	186
438	163
439	150
440	140
441	123
442	121
443	131
444	123
445	139
446	144
447	228
448	216
449	297
450	276
451	203
452	170
453	140
454	125
455	119
456	114
457	120
458	120
459	123
460	129
461	143
462	164
463	198
464	204
465	208
466	182
467	156
468	133
469	121
470	119
471	121
472	126
473	130
474	136
475	168
476	197
477	232
478	237
479	236
480	221
481	177
482	139
483	126
484	116
485	129
486	127
487	142
488	149
489	184
490	221
491	255
492	260
493	240
494	202
495	182
496	144
497	132
498	130
499	143
500	146
501	164
502	194
503	219
504	243
505	289
506	345
507	435
508	268
509	199
510	151
511	140
512	133
513	131
514	138
515	136
516	141
517	150
518	177
519	217
520	267
521	379
522	254
523	212
524	170
525	158
526	147
527	165
528	165
529	174
530	191
531	175
532	176
533	182
534	200
535	218
536	167
537	148
538	130
539	126
540	126
541	133
542	143
543	152
544	159
545	162
546	173
547	187
548	172
549	174
550	167
551	158
552	171
553	140
554	120
555	118
556	129
557	123
558	129
559	141
560	162
561	158
562	156
563	149
564	145
565	141
566	117
567	115
568	111
569	126
570	138
571	150
572	180
573	255
574	306
575	649
576	571
577	1118
578	1254
579	586
580	300
581	160
582	119
583	109
584	110
585	116
586	127
587	145
588	165
589	196
590	239
591	199
592	178
593	147
594	145
595	181
596	226
597	383
598	603
599	1159
600	1279
601	2884
602	2797
603	5529
604	5178
605	2573
606	1443
607	563
608	290
609	167
610	135
611	127
612	142
613	164
614	218
615	324
616	480
617	586
618	529
619	508
620	358
621	444
622	271
623	146
624	115
625	105
626	113
627	114
628	142
629	185
630	185
631	329
632	312
633	268
634	245
635	155
636	122
637	101
638	91
639	89
640	88
641	86
642	93
643	100
644	112
645	135
646	132
647	139
648	124
649	122
650	100
651	92
652	91
653	93
654	96
655	102
656	109
657	132
658	133
659	181
660	161
661	180
662	173
663	187
664	137
665	106
666	92
667	93
668	85
669	92
670	93
671	102
672	110
673	130
674	125
675	142
676	128
677	153
678	118
679	96
680	83
681	79
682	86
683	83
684	92
685	108
686	115
687	133
688	121
689	129
690	110
691	102
692	92
693	82
694	79
695	80
696	80
697	86
698	90
699	115
700	110
701	124
702	113
703	119
704	97
705	91
706	83
707	74
708	76
709	78
710	81
711	86
712	97
713	116
714	118
715	132
716	120
717	129
718	108
719	101
720	84
721	80
722	73
723	78
724	78
725	88
726	95
727	120
728	132
729	142
730	143
731	172
732	133
733	117
734	91
735	83
736	80
737	75
738	82
739	89
740	107
741	139
742	157
743	189
744	188
745	239
746	171
747	143
748	101
749	86
750	79
751	82
752	90
753	100
754	135
755	177
756	209
757	227
758	214
759	311
760	201
761	141
762	105
763	84
764	83
765	87
766	105
767	115
768	166
769	203
770	273
771	265
772	238
773	280
774	197
775	139
776	106
777	87
778	90
779	91
780	108
781	116
782	147
783	182
784	230
785	231
786	202
787	246
788	173
789	133
790	104
791	85
792	85
793	89
794	107
795	117
796	144
797	163
798	190
799	197
800	175
801	179
802	134
803	109
804	94
805	85
806	90
807	95
808	144
809	146
810	210
811	198
812	218
813	182
814	146
815	133
816	100
817	89
818	82
819	79
820	79
821	91
822	99
823	119
824	123
825	159
826	155
827	147
828	127
829	125
830	106
831	95
832	82
833	79
834	76
835	82
836	85
837	91
838	97
839	119
840	115
841	139
842	115
843	100
844	87
845	82
846	76
847	79
848	77
849	90
850	98
851	150
852	152
853	308
854	274
855	580
856	429
857	506
858	344
859	356
860	240
861	142
862	93
863	99
864	99
865	151
866	153
867	306
868	247
869	182
870	136
871	125
872	114
873	111
874	108
875	140
876	154
877	414
878	394
879	1030
880	906
881	2242
882	1649
883	2385
884	1591
885	2105
886	1381
887	627
888	305
889	146
890	104
891	82
892	86
893	82
894	97
895	98
896	119
897	114
898	125
899	109
900	109
901	96
902	72
903	60
904	55
905	55
906	56
907	76
908	71
909	118
910	115
911	154
912	126
913	144
914	107
915	92
916	72
917	57
918	50
919	50
920	46
921	49
922	51
923	49
924	51
925	50
926	50
927	51
928	48
929	50
930	47
931	47
932	48
933	45
934	47
935	47
936	47
937	53
938	55
939	59
940	55
941	58
942	55
943	54
944	50
945	47
946	46
947	47
948	47
949	49
950	45
951	47
952	47
953	49
954	48
955	45
956	44
957	47
958	46
959	46
960	45
961	48
962	45
963	46
964	46
965	47
966	48
967	49
968	50
969	51
970	49
971	49
972	43
973	46
974	44
975	42
976	43
977	45
978	42
979	47
980	44
981	43
982	46
983	43
984	45
985	41
986	39
987	43
988	44
989	46
990	42
991	41
992	43
993	46
994	46
995	44
996	45
997	45
998	45
999	45
