60	841
61	400
62	278
63	265
64	237
65	314
66	660
67	7155
68	7573
69	18510
70	8588
71	15920
72	4259
73	760
74	424
75	262
76	246
77	321
78	636
79	1540
80	6148
81	8875
82	13630
83	14340
84	9777
85	8621
86	957
87	597
88	327
89	264
90	250
91	618
92	786
93	3950
94	7104
95	9287
96	14350
97	15880
98	26450
99	5974
100	904
101	604
102	357
103	338
104	418
105	692
106	1113
107	3659
108	10410
109	8194
110	11170
111	12190
112	9500
113	3796
114	1501
115	663
116	927
117	736
118	738
119	1305
120	1990
121	5154
122	6648
123	6969
124	8972
125	7257
126	6211
127	4094
128	847
129	2628
130	629
131	772
132	951
133	2856
134	4575
135	6079
136	6334
137	7291
138	7641
139	6965
140	3252
141	3341
142	841
143	819
144	676
145	832
146	972
147	2834
148	4624
149	5450
150	6880
151	8243
152	9122
153	5096
154	4166
155	3901
156	931
157	819
158	789
159	912
160	1037
161	1765
162	2844
163	3899
164	5503
165	5505
166	6705
167	4364
168	2681
169	1465
170	833
171	1052
172	1193
173	1008
174	975
175	1576
176	2017
177	2708
178	4356
179	3585
180	4365
181	2734
182	2130
183	1250
184	966
185	2614
186	1349
187	961
188	908
189	1333
190	1510
191	2404
192	2765
193	2647
194	3614
195	1638
196	1639
197	956
198	835
199	974
200	915
201	855
202	843
203	1098
204	1228
205	1501
206	2035
207	6326
208	4233
209	3071
210	1470
211	913
212	745
213	857
214	882
215	755
216	779
217	918
218	1089
219	1196
220	3678
221	2824
222	3876
223	1486
224	1011
225	821
226	753
227	804
228	787
229	732
230	733
231	808
232	1378
233	1137
234	2753
235	2741
236	3981
237	1900
238	1380
239	985
240	906
241	863
242	969
243	745
244	716
245	828
246	2380
247	1378
248	963
249	1291
250	889
251	833
252	731
253	759
254	703
255	657
256	1116
257	676
258	790
259	857
260	4163
261	2100
262	18500
263	6922
264	21870
265	8315
266	1301
267	982
268	643
269	590
270	566
271	578
272	565
273	683
274	743
275	901
276	1364
277	1349
278	3593
279	3962
280	6997
281	4974
282	3741
283	870
284	654
285	498
286	484
287	505
288	541
289	570
290	593
291	671
292	744
293	625
294	594
295	649
296	515
297	456
298	386
299	332
300	362
301	355
302	357
303	383
304	368
305	383
306	410
307	397
308	365
309	345
310	328
311	323
312	321
313	574
314	360
315	299
316	398
317	334
318	518
319	379
320	476
321	371
322	377
323	423
324	310
325	337
326	263
327	257
328	223
329	235
330	262
331	271
332	390
333	419
334	592
335	494
336	1439
337	645
338	3093
339	4029
340	797
341	672
342	351
343	267
344	226
345	231
346	220
347	278
348	243
349	277
350	250
351	309
352	266
353	261
354	293
355	606
356	426
357	355
358	241
359	207
360	204
361	198
362	201
363	194
364	201
365	225
366	228
367	280
368	234
369	218
370	233
371	196
372	178
373	180
374	183
375	184
376	197
377	191
378	216
379	231
380	453
381	436
382	609
383	573
384	390
385	225
386	181
387	179
388	182
389	185
390	183
391	220
392	204
393	529
394	407
395	339
396	562
397	736
398	496
399	257
400	204
401	210
402	200
403	191
404	196
405	186
406	181
407	219
408	229
409	221
410	244
411	207
412	214
413	192
414	183
415	263
416	247
417	245
418	196
419	188
420	183
421	205
422	206
423	224
424	220
425	190
426	168
427	161
428	158
429	359
430	268
431	268
432	198
433	212
434	211
435	217
436	263
437	246
438	206
439	186
440	166
441	148
442	144
443	159
444	151
445	176
446	186
447	323
448	303
449	454
450	430
451	285
452	223
453	175
454	152
455	145
456	140
457	148
458	144
459	148
460	159
461	184
462	212
463	264
464	273
465	275
466	232
467	197
468	166
469	146
470	145
471	147
472	154
473	166
474	176
475	232
476	269
477	329
478	333
479	324
480	293
481	234
482	173
483	153
484	142
485	161
486	161
487	182
488	197
489	264
490	321
491	371
492	368
493	338
494	272
495	240
496	179
497	162
498	157
499	180
500	184
501	209
502	234
503	328
504	353
505	423
506	500
507	628
508	376
509	263
510	190
511	172
512	162
513	162
514	167
515	168
516	182
517	199
518	243
519	307
520	366
521	536
522	353
523	280
524	213
525	200
526	185
527	209
528	211
529	230
530	261
531	232
532	237
533	249
534	278
535	300
536	217
537	190
538	160
539	151
540	150
541	157
542	176
543	187
544	201
545	212
546	230
547	246
548	230
549	232
550	219
551	199
552	208
553	167
554	147
555	143
556	159
557	155
558	166
559	182
560	225
561	209
562	208
563	201
564	185
565	179
566	145
567	140
568	135
569	151
570	169
571	187
572	235
573	349
574	402
575	867
576	777
577	1474
578	1668
579	789
580	378
581	195
582	142
583	127
584	131
585	139
586	158
587	181
588	209
589	254
590	312
591	258
592	222
593	182
594	175
595	232
596	288
597	528
598	910
599	1666
600	1736
601	4102
602	3803
603	7910
604	7445
605	3533
606	1913
607	754
608	365
609	206
610	166
611	160
612	184
613	226
614	311
615	481
616	723
617	880
618	770
619	734
620	486
621	587
622	341
623	178
624	134
625	121
626	133
627	143
628	178
629	241
630	245
631	451
632	433
633	359
634	319
635	193
636	145
637	122
638	107
639	101
640	100
641	101
642	104
643	117
644	132
645	168
646	163
647	170
648	148
649	146
650	111
651	102
652	101
653	102
654	108
655	114
656	128
657	153
658	158
659	213
660	192
661	212
662	204
663	212
664	149
665	116
666	100
667	99
668	95
669	101
670	103
671	119
672	127
673	150
674	141
675	161
676	142
677	162
678	124
679	105
680	89
681	86
682	94
683	93
684	103
685	127
686	129
687	156
688	144
689	145
690	128
691	111
692	99
693	88
694	84
695	85
696	88
697	96
698	104
699	132
700	128
701	142
702	129
703	129
704	109
705	99
706	89
707	78
708	81
709	82
710	88
711	99
712	114
713	136
714	139
715	153
716	136
717	144
718	119
719	108
720	92
721	85
722	80
723	84
724	86
725	99
726	110
727	142
728	156
729	167
730	168
731	194
732	148
733	128
734	98
735	88
736	86
737	80
738	89
739	100
740	128
741	160
742	186
743	221
744	222
745	267
746	194
747	158
748	109
749	90
750	85
751	91
752	102
753	115
754	160
755	210
756	251
757	272
758	253
759	356
760	228
761	159
762	115
763	92
764	91
765	93
766	117
767	135
768	205
769	242
770	329
771	319
772	279
773	327
774	221
775	154
776	113
777	94
778	97
779	98
780	119
781	131
782	175
783	217
784	275
785	276
786	239
787	281
788	199
789	148
790	113
791	90
792	91
793	96
794	128
795	134
796	175
797	198
798	227
799	229
800	201
801	202
802	148
803	121
804	100
805	91
806	99
807	106
808	174
809	172
810	258
811	239
812	261
813	217
814	168
815	152
816	110
817	94
818	87
819	84
820	89
821	103
822	113
823	140
824	144
825	190
826	178
827	166
828	142
829	138
830	111
831	103
832	87
833	84
834	84
835	91
836	94
837	101
838	111
839	133
840	137
841	162
842	132
843	111
844	92
845	86
846	82
847	82
848	84
849	99
850	106
851	171
852	171
853	346
854	309
855	634
856	472
857	541
858	380
859	374
860	253
861	151
862	103
863	114
864	112
865	184
866	185
867	369
868	301
869	216
870	154
871	135
872	124
873	120
874	115
875	160
876	177
877	477
878	460
879	1175
880	1024
881	2386
882	1704
883	2439
884	1722
885	2181
886	1452
887	686
888	333
889	157
890	112
891	89
892	96
893	91
894	113
895	114
896	138
897	124
898	140
899	121
900	117
901	99
902	71
903	62
904	56
905	57
906	57
907	80
908	76
909	126
910	125
911	167
912	139
913	153
914	115
915	97
916	73
917	57
918	49
919	48
920	46
921	48
922	49
923	50
924	51
925	49
926	50
927	51
928	48
929	49
930	46
931	45
932	45
933	44
934	45
935	47
936	47
937	51
938	55
939	58
940	54
941	58
942	53
943	52
944	49
945	46
946	44
947	44
948	46
949	46
950	45
951	46
952	44
953	47
954	46
955	45
956	43
957	43
958	45
959	44
960	44
961	44
962	44
963	44
964	45
965	46
966	48
967	49
968	49
969	50
970	48
971	46
972	42
973	43
974	44
975	39
976	42
977	43
978	40
979	43
980	43
981	42
982	43
983	43
984	43
985	38
986	38
987	43
988	41
989	44
990	39
991	40
992	42
993	44
994	43
995	44
996	44
997	43
998	42
999	42
