60	612
61	333
62	250
63	249
64	222
65	299
66	568
67	6513
68	7285
69	21660
70	7394
71	11250
72	1269
73	571
74	368
75	241
76	227
77	316
78	665
79	1011
80	5774
81	9069
82	12630
83	9757
84	6497
85	7025
86	819
87	499
88	291
89	248
90	244
91	532
92	690
93	3356
94	6067
95	8508
96	12200
97	9987
98	11030
99	4507
100	765
101	464
102	297
103	282
104	365
105	579
106	991
107	1895
108	5105
109	6513
110	10060
111	12550
112	5809
113	3807
114	1744
115	521
116	554
117	558
118	600
119	937
120	1196
121	3655
122	5092
123	6020
124	7702
125	6911
126	3100
127	1061
128	593
129	824
130	460
131	633
132	746
133	1192
134	2725
135	5393
136	5601
137	6595
138	6028
139	10670
140	3021
141	954
142	564
143	559
144	526
145	653
146	796
147	1373
148	3402
149	5220
150	7922
151	6777
152	6965
153	3396
154	1748
155	900
156	583
157	583
158	584
159	753
160	877
161	1226
162	2341
163	3820
164	5423
165	4924
166	4207
167	1988
168	1280
169	745
170	614
171	743
172	760
173	862
174	895
175	1201
176	1695
177	2443
178	4235
179	2635
180	2235
181	1496
182	1421
183	761
184	690
185	975
186	779
187	857
188	847
189	1088
190	1253
191	2349
192	2220
193	1593
194	1867
195	1007
196	1175
197	694
198	619
199	693
200	713
201	789
202	793
203	945
204	1030
205	1276
206	1791
207	4041
208	1802
209	1177
210	1043
211	701
212	594
213	665
214	657
215	674
216	714
217	774
218	1095
219	1130
220	2280
221	1119
222	1074
223	903
224	856
225	631
226	575
227	617
228	588
229	604
230	619
231	674
232	1071
233	964
234	3582
235	3157
236	1978
237	860
238	784
239	721
240	638
241	616
242	626
243	637
244	669
245	767
246	847
247	909
248	784
249	928
250	669
251	648
252	552
253	601
254	542
255	482
256	865
257	541
258	723
259	874
260	5849
261	2874
262	13680
263	4736
264	5026
265	1083
266	619
267	567
268	452
269	460
270	438
271	498
272	503
273	616
274	639
275	924
276	954
277	1161
278	4486
279	3201
280	9982
281	3021
282	880
283	552
284	492
285	424
286	430
287	451
288	482
289	508
290	535
291	633
292	752
293	656
294	478
295	429
296	347
297	357
298	324
299	291
300	317
301	317
302	319
303	337
304	349
305	364
306	351
307	304
308	282
309	263
310	253
311	258
312	268
313	541
314	322
315	271
316	390
317	312
318	507
319	372
320	370
321	296
322	288
323	299
324	240
325	246
326	217
327	225
328	204
329	206
330	225
331	236
332	313
333	390
334	622
335	463
336	2267
337	773
338	616
339	1109
340	423
341	405
342	256
343	217
344	199
345	204
346	198
347	244
348	209
349	261
350	218
351	305
352	261
353	233
354	271
355	421
356	286
357	247
358	190
359	179
360	182
361	179
362	180
363	169
364	169
365	181
366	166
367	196
368	178
369	171
370	189
371	172
372	164
373	161
374	159
375	164
376	168
377	160
378	192
379	198
380	241
381	219
382	218
383	201
384	179
385	159
386	152
387	155
388	157
389	154
390	153
391	190
392	180
393	237
394	220
395	205
396	246
397	272
398	220
399	169
400	163
401	166
402	164
403	156
404	156
405	149
406	149
407	167
408	172
409	169
410	193
411	168
412	159
413	154
414	159
415	203
416	171
417	166
418	150
419	150
420	154
421	161
422	159
423	166
424	161
425	150
426	142
427	143
428	141
429	267
430	240
431	247
432	171
433	163
434	163
435	160
436	155
437	154
438	145
439	147
440	138
441	128
442	130
443	144
444	133
445	153
446	160
447	199
448	186
449	203
450	188
451	167
452	153
453	137
454	129
455	127
456	124
457	141
458	136
459	139
460	144
461	153
462	170
463	192
464	192
465	190
466	162
467	145
468	134
469	126
470	128
471	146
472	156
473	155
474	154
475	185
476	189
477	202
478	195
479	193
480	176
481	145
482	131
483	134
484	128
485	166
486	169
487	184
488	192
489	222
490	226
491	241
492	227
493	191
494	163
495	150
496	134
497	146
498	152
499	209
500	199
501	193
502	221
503	257
504	260
505	279
506	249
507	224
508	173
509	149
510	133
511	161
512	165
513	183
514	196
515	174
516	165
517	178
518	210
519	228
520	205
521	192
522	162
523	157
524	151
525	206
526	201
527	213
528	206
529	176
530	168
531	182
532	219
533	199
534	176
535	158
536	129
537	128
538	119
539	145
540	157
541	158
542	172
543	172
544	172
545	184
546	221
547	209
548	171
549	156
550	156
551	155
552	192
553	159
554	138
555	129
556	147
557	140
558	148
559	149
560	171
561	165
562	161
563	147
564	135
565	138
566	111
567	112
568	114
569	129
570	140
571	153
572	248
573	361
574	476
575	1063
576	813
577	851
578	1029
579	507
580	276
581	162
582	125
583	118
584	117
585	135
586	182
587	167
588	176
589	221
590	266
591	221
592	195
593	175
594	151
595	173
596	344
597	685
598	1283
599	2341
600	1806
601	2160
602	1741
603	1664
604	1551
605	880
606	597
607	303
608	199
609	145
610	138
611	150
612	184
613	297
614	530
615	667
616	1010
617	1507
618	896
619	561
620	290
621	206
622	147
623	116
624	117
625	121
626	142
627	131
628	159
629	163
630	180
631	193
632	196
633	174
634	162
635	124
636	113
637	107
638	102
639	106
640	108
641	110
642	120
643	129
644	137
645	177
646	148
647	141
648	121
649	114
650	109
651	107
652	111
653	119
654	125
655	130
656	155
657	188
658	175
659	224
660	175
661	151
662	142
663	139
664	124
665	116
666	112
667	116
668	116
669	133
670	149
671	176
672	153
673	152
674	136
675	146
676	127
677	152
678	125
679	111
680	98
681	100
682	125
683	132
684	154
685	172
686	150
687	147
688	128
689	124
690	109
691	100
692	99
693	98
694	101
695	110
696	127
697	142
698	151
699	164
700	139
701	141
702	119
703	111
704	97
705	91
706	86
707	84
708	93
709	103
710	122
711	137
712	155
713	165
714	149
715	149
716	128
717	123
718	104
719	98
720	88
721	90
722	93
723	101
724	113
725	137
726	165
727	195
728	178
729	172
730	158
731	158
732	118
733	100
734	88
735	90
736	100
737	99
738	123
739	149
740	227
741	272
742	238
743	265
744	240
745	191
746	135
747	110
748	95
749	88
750	92
751	107
752	151
753	205
754	379
755	502
756	371
757	308
758	224
759	187
760	131
761	111
762	99
763	94
764	94
765	113
766	211
767	299
768	569
769	556
770	443
771	333
772	237
773	175
774	130
775	107
776	102
777	88
778	93
779	119
780	266
781	322
782	366
783	387
784	338
785	284
786	196
787	157
788	119
789	101
790	95
791	86
792	91
793	143
794	383
795	396
796	362
797	306
798	242
799	196
800	154
801	122
802	99
803	92
804	86
805	93
806	110
807	158
808	424
809	412
810	333
811	253
812	190
813	147
814	120
815	106
816	87
817	91
818	105
819	111
820	114
821	132
822	226
823	238
824	191
825	156
826	139
827	179
828	146
829	127
830	113
831	117
832	104
833	95
834	88
835	101
836	136
837	154
838	134
839	136
840	119
841	118
842	106
843	97
844	88
845	86
846	86
847	89
848	82
849	88
850	109
851	171
852	163
853	293
854	448
855	1931
856	1415
857	895
858	452
859	256
860	162
861	156
862	123
863	129
864	119
865	128
866	123
867	134
868	128
869	126
870	142
871	133
872	119
873	105
874	93
875	105
876	135
877	430
878	868
879	4963
880	4065
881	3820
882	2147
883	1702
884	949
885	646
886	374
887	201
888	133
889	90
890	98
891	85
892	115
893	117
894	167
895	163
896	150
897	115
898	96
899	76
900	67
901	61
902	56
903	53
904	54
905	51
906	53
907	64
908	59
909	84
910	85
911	105
912	85
913	71
914	59
915	55
916	54
917	50
918	48
919	48
920	47
921	48
922	49
923	48
924	50
925	46
926	46
927	47
928	46
929	49
930	46
931	45
932	46
933	46
934	46
935	44
936	45
937	48
938	51
939	56
940	54
941	55
942	51
943	48
944	46
945	46
946	44
947	47
948	46
949	45
950	46
951	47
952	46
953	46
954	47
955	44
956	42
957	46
958	46
959	45
960	43
961	44
962	45
963	43
964	45
965	49
966	50
967	51
968	50
969	50
970	47
971	46
972	44
973	45
974	44
975	42
976	43
977	44
978	40
979	45
980	43
981	40
982	45
983	43
984	45
985	40
986	39
987	45
988	42
989	44
990	41
991	42
992	44
993	42
994	45
995	44
996	44
997	44
998	44
999	44
