60	920
61	367
62	272
63	264
64	231
65	316
66	598
67	6931
68	7517
69	23650
70	7869
71	11840
72	2013
73	670
74	413
75	255
76	241
77	338
78	695
79	1062
80	5902
81	9596
82	13200
83	10360
84	6857
85	7574
86	961
87	529
88	308
89	260
90	254
91	571
92	712
93	3418
94	6133
95	9088
96	12760
97	10570
98	11550
99	4787
100	813
101	493
102	325
103	303
104	381
105	600
106	998
107	2313
108	5220
109	6985
110	10530
111	13520
112	6260
113	4117
114	2321
115	554
116	579
117	564
118	607
119	945
120	1217
121	3658
122	5254
123	6222
124	8229
125	7040
126	3742
127	1186
128	684
129	836
130	478
131	646
132	762
133	1209
134	2926
135	5444
136	5733
137	6822
138	6300
139	10700
140	3167
141	985
142	612
143	577
144	628
145	672
146	823
147	1622
148	3589
149	5263
150	8215
151	6912
152	7289
153	3662
154	2130
155	937
156	613
157	604
158	611
159	761
160	910
161	1235
162	2571
163	3941
164	5868
165	5188
166	4470
167	2257
168	1713
169	784
170	644
171	762
172	780
173	872
174	919
175	1243
176	2049
177	2613
178	4437
179	2889
180	2469
181	1885
182	1787
183	786
184	723
185	996
186	803
187	871
188	870
189	1105
190	1561
191	2393
192	2366
193	1923
194	2205
195	1063
196	1493
197	715
198	644
199	710
200	733
201	797
202	818
203	961
204	1075
205	1610
206	2133
207	4386
208	2202
209	1449
210	1086
211	726
212	624
213	682
214	682
215	686
216	744
217	792
218	1205
219	1180
220	2521
221	1397
222	1148
223	936
224	897
225	646
226	606
227	632
228	610
229	623
230	647
231	691
232	1429
233	1018
234	3855
235	3765
236	2314
237	916
238	831
239	752
240	658
241	640
242	663
243	658
244	715
245	795
246	907
247	946
248	836
249	984
250	720
251	678
252	576
253	620
254	559
255	503
256	900
257	566
258	795
259	937
260	7029
261	3494
262	16440
263	5753
264	5708
265	1609
266	658
267	593
268	468
269	473
270	460
271	505
272	520
273	632
274	665
275	953
276	993
277	1453
278	4592
279	3494
280	10660
281	3357
282	913
283	573
284	509
285	435
286	444
287	458
288	501
289	516
290	558
291	644
292	777
293	674
294	498
295	453
296	368
297	379
298	342
299	306
300	332
301	331
302	331
303	345
304	367
305	375
306	368
307	319
308	298
309	278
310	270
311	278
312	287
313	605
314	349
315	289
316	434
317	338
318	571
319	405
320	407
321	322
322	309
323	335
324	255
325	262
326	234
327	237
328	221
329	219
330	239
331	252
332	328
333	431
334	646
335	497
336	2376
337	823
338	674
339	1567
340	466
341	455
342	287
343	235
344	215
345	215
346	213
347	256
348	220
349	272
350	234
351	330
352	278
353	253
354	294
355	441
356	305
357	259
358	207
359	193
360	191
361	196
362	191
363	182
364	186
365	197
366	179
367	215
368	194
369	189
370	211
371	191
372	179
373	177
374	176
375	181
376	186
377	178
378	215
379	220
380	265
381	246
382	240
383	221
384	197
385	176
386	167
387	174
388	175
389	172
390	171
391	213
392	200
393	272
394	252
395	233
396	280
397	313
398	252
399	189
400	183
401	187
402	183
403	174
404	172
405	166
406	168
407	186
408	196
409	189
410	217
411	188
412	184
413	174
414	176
415	222
416	195
417	187
418	167
419	170
420	172
421	182
422	179
423	189
424	183
425	170
426	161
427	161
428	157
429	280
430	266
431	276
432	196
433	182
434	185
435	178
436	178
437	175
438	167
439	165
440	158
441	145
442	145
443	167
444	152
445	175
446	183
447	231
448	214
449	236
450	216
451	193
452	175
453	155
454	144
455	143
456	142
457	156
458	155
459	156
460	162
461	178
462	196
463	222
464	221
465	220
466	187
467	168
468	151
469	147
470	145
471	173
472	182
473	177
474	179
475	211
476	223
477	237
478	229
479	227
480	208
481	172
482	148
483	156
484	147
485	201
486	198
487	214
488	224
489	254
490	264
491	286
492	275
493	226
494	191
495	174
496	152
497	170
498	173
499	237
500	235
501	225
502	252
503	291
504	309
505	331
506	298
507	262
508	200
509	172
510	152
511	192
512	198
513	221
514	234
515	207
516	194
517	209
518	246
519	273
520	238
521	229
522	187
523	181
524	176
525	250
526	247
527	255
528	251
529	210
530	199
531	214
532	256
533	231
534	206
535	184
536	154
537	144
538	138
539	169
540	188
541	185
542	205
543	207
544	202
545	220
546	253
547	245
548	197
549	185
550	182
551	186
552	232
553	190
554	164
555	153
556	169
557	165
558	172
559	174
560	198
561	198
562	194
563	170
564	153
565	165
566	127
567	132
568	135
569	153
570	161
571	180
572	307
573	447
574	588
575	1253
576	982
577	1015
578	1207
579	615
580	336
581	195
582	146
583	135
584	139
585	159
586	221
587	199
588	213
589	263
590	327
591	264
592	237
593	204
594	179
595	212
596	433
597	878
598	1583
599	2862
600	2230
601	2714
602	2186
603	2101
604	1911
605	1093
606	780
607	376
608	240
609	171
610	162
611	176
612	216
613	367
614	658
615	807
616	1210
617	1748
618	1072
619	660
620	344
621	240
622	176
623	135
624	135
625	145
626	168
627	156
628	186
629	197
630	215
631	236
632	235
633	210
634	197
635	149
636	132
637	122
638	118
639	120
640	124
641	129
642	145
643	156
644	168
645	211
646	177
647	169
648	143
649	136
650	129
651	129
652	131
653	140
654	147
655	161
656	186
657	230
658	217
659	276
660	217
661	185
662	171
663	168
664	149
665	137
666	135
667	135
668	138
669	159
670	186
671	215
672	191
673	185
674	162
675	177
676	149
677	183
678	149
679	130
680	116
681	119
682	151
683	161
684	191
685	214
686	183
687	177
688	153
689	149
690	131
691	118
692	115
693	113
694	116
695	128
696	153
697	174
698	186
699	203
700	169
701	165
702	143
703	133
704	114
705	107
706	100
707	97
708	112
709	123
710	146
711	170
712	191
713	203
714	182
715	178
716	155
717	147
718	123
719	113
720	106
721	108
722	111
723	120
724	136
725	168
726	204
727	244
728	225
729	210
730	193
731	195
732	145
733	121
734	106
735	108
736	117
737	119
738	151
739	184
740	285
741	351
742	304
743	335
744	302
745	238
746	162
747	132
748	110
749	104
750	110
751	127
752	191
753	259
754	494
755	644
756	474
757	397
758	285
759	233
760	163
761	133
762	118
763	109
764	111
765	137
766	266
767	385
768	719
769	701
770	571
771	432
772	298
773	217
774	161
775	133
776	121
777	106
778	112
779	147
780	338
781	416
782	471
783	498
784	433
785	367
786	246
787	198
788	143
789	121
790	109
791	99
792	108
793	174
794	497
795	512
796	470
797	390
798	310
799	248
800	188
801	149
802	119
803	108
804	103
805	110
806	133
807	199
808	556
809	531
810	425
811	325
812	239
813	186
814	149
815	127
816	105
817	109
818	124
819	133
820	141
821	166
822	292
823	304
824	240
825	198
826	172
827	227
828	187
829	160
830	137
831	142
832	125
833	112
834	108
835	121
836	167
837	194
838	166
839	166
840	147
841	147
842	129
843	117
844	104
845	101
846	102
847	105
848	99
849	104
850	134
851	215
852	205
853	381
854	576
855	2567
856	1839
857	1168
858	569
859	331
860	202
861	195
862	157
863	157
864	146
865	159
866	150
867	165
868	159
869	157
870	179
871	171
872	146
873	127
874	113
875	129
876	167
877	560
878	1073
879	7025
880	5824
881	5365
882	3032
883	2301
884	1291
885	870
886	479
887	255
888	166
889	109
890	110
891	99
892	140
893	144
894	223
895	213
896	196
897	148
898	121
899	93
900	78
901	69
902	60
903	57
904	56
905	56
906	58
907	71
908	69
909	103
910	102
911	124
912	100
913	85
914	68
915	63
916	59
917	52
918	51
919	53
920	50
921	53
922	53
923	51
924	52
925	49
926	50
927	50
928	48
929	49
930	47
931	46
932	47
933	49
934	49
935	49
936	49
937	52
938	55
939	64
940	61
941	59
942	55
943	51
944	48
945	47
946	47
947	48
948	49
949	48
950	47
951	48
952	49
953	49
954	47
955	46
956	45
957	47
958	47
959	48
960	46
961	47
962	47
963	47
964	48
965	54
966	54
967	57
968	54
969	54
970	49
971	49
972	45
973	46
974	45
975	42
976	46
977	46
978	42
979	46
980	45
981	42
982	47
983	45
984	46
985	42
986	42
987	45
988	43
989	47
990	43
991	44
992	45
993	46
994	48
995	45
996	46
997	45
998	46
999	45
