60	3.152e3
61	6.410e2
62	4.040e2
63	3.690e2
64	3.180e2
65	4.090e2
66	9.870e2
67	1.125e4
68	1.403e4
69	4.042e4
70	1.470e4
71	2.479e4
72	7.943e3
73	2.126e3
74	7.130e2
75	4.210e2
76	3.210e2
77	4.250e2
78	1.179e3
79	4.772e3
80	1.165e4
81	1.685e4
82	2.849e4
83	2.117e4
84	1.489e4
85	1.430e4
86	4.419e3
87	9.900e2
88	5.350e2
89	3.660e2
90	3.380e2
91	9.090e2
92	2.488e3
93	8.202e3
94	1.287e4
95	1.725e4
96	3.039e4
97	2.307e4
98	3.512e4
99	9.956e3
100	3.832e3
101	1.024e3
102	5.280e2
103	4.980e2
104	7.120e2
105	1.121e3
106	4.668e3
107	7.040e3
108	1.079e4
109	1.335e4
110	2.311e4
111	2.528e4
112	1.415e4
113	8.021e3
114	5.292e3
115	1.134e3
116	2.338e3
117	1.408e3
118	1.357e3
119	4.526e3
120	6.111e3
121	8.535e3
122	1.112e4
123	1.307e4
124	1.789e4
125	1.354e4
126	9.276e3
127	5.370e3
128	2.346e3
129	4.476e3
130	1.030e3
131	2.007e3
132	3.195e3
133	5.627e3
134	8.088e3
135	1.152e4
136	1.222e4
137	1.409e4
138	1.341e4
139	2.009e4
140	6.843e3
141	4.248e3
142	1.576e3
143	1.680e3
144	1.163e3
145	2.258e3
146	3.507e3
147	5.384e3
148	7.993e3
149	1.117e4
150	1.702e4
151	1.462e4
152	1.594e4
153	7.985e3
154	6.017e3
155	4.214e3
156	1.867e3
157	1.912e3
158	1.815e3
159	3.123e3
160	3.762e3
161	5.021e3
162	6.498e3
163	8.380e3
164	1.174e4
165	1.013e4
166	9.492e3
167	5.946e3
168	4.820e3
169	3.118e3
170	2.271e3
171	3.036e3
172	3.285e3
173	3.443e3
174	3.742e3
175	4.915e3
176	5.755e3
177	6.408e3
178	8.787e3
179	6.321e3
180	6.166e3
181	4.623e3
182	4.709e3
183	3.036e3
184	2.657e3
185	4.164e3
186	3.363e3
187	3.405e3
188	3.577e3
189	4.278e3
190	4.813e3
191	6.033e3
192	5.860e3
193	5.012e3
194	5.316e3
195	3.804e3
196	4.281e3
197	2.587e3
198	2.049e3
199	2.785e3
200	2.771e3
201	2.992e3
202	3.198e3
203	3.705e3
204	4.166e3
205	5.240e3
206	5.343e3
207	3.160e4
208	9.408e3
209	6.939e3
210	4.363e3
211	2.633e3
212	1.926e3
213	2.371e3
214	2.323e3
215	2.396e3
216	2.809e3
217	2.965e3
218	4.165e3
219	4.233e3
220	5.921e3
221	4.689e3
222	4.480e3
223	3.588e3
224	3.180e3
225	2.138e3
226	1.685e3
227	2.001e3
228	1.695e3
229	1.935e3
230	2.115e3
231	2.417e3
232	3.926e3
233	3.630e3
234	7.720e3
235	6.917e3
236	5.757e3
237	3.549e3
238	3.149e3
239	2.803e3
240	2.352e3
241	2.176e3
242	2.223e3
243	2.171e3
244	2.586e3
245	2.913e3
246	3.397e3
247	3.630e3
248	3.090e3
249	3.767e3
250	2.691e3
251	2.494e3
252	1.813e3
253	1.903e3
254	1.453e3
255	1.155e3
256	2.696e3
257	1.686e3
258	2.552e3
259	3.475e3
260	1.303e4
261	7.553e3
262	4.435e4
263	1.221e4
264	1.555e4
265	6.039e3
266	2.594e3
267	2.487e3
268	1.118e3
269	1.109e3
270	1.042e3
271	1.246e3
272	1.490e3
273	2.120e3
274	2.289e3
275	3.656e3
276	3.618e3
277	5.273e3
278	9.291e3
279	8.271e3
280	2.215e4
281	1.257e4
282	5.825e3
283	3.557e3
284	2.369e3
285	1.133e3
286	1.083e3
287	1.091e3
288	1.258e3
289	1.434e3
290	1.989e3
291	2.328e3
292	3.213e3
293	2.590e3
294	1.273e3
295	1.120e3
296	8.330e2
297	8.840e2
298	7.540e2
299	7.100e2
300	7.850e2
301	7.570e2
302	7.800e2
303	8.010e2
304	8.240e2
305	9.350e2
306	8.280e2
307	7.220e2
308	6.560e2
309	6.170e2
310	6.000e2
311	6.260e2
312	6.340e2
313	1.611e3
314	7.520e2
315	6.090e2
316	9.320e2
317	6.960e2
318	1.799e3
319	8.040e2
320	9.260e2
321	6.690e2
322	7.340e2
323	7.930e2
324	5.680e2
325	6.210e2
326	4.810e2
327	5.250e2
328	5.320e2
329	5.220e2
330	4.850e2
331	5.590e2
332	7.000e2
333	8.870e2
334	2.440e3
335	1.005e3
336	7.015e3
337	3.220e3
338	2.903e3
339	4.153e3
340	9.190e2
341	2.116e3
342	7.340e2
343	6.100e2
344	4.670e2
345	4.810e2
346	4.330e2
347	5.760e2
348	4.470e2
349	6.210e2
350	4.760e2
351	6.910e2
352	5.650e2
353	5.060e2
354	6.160e2
355	4.324e3
356	1.934e3
357	1.184e3
358	5.910e2
359	4.560e2
360	3.990e2
361	3.950e2
362	3.830e2
363	3.440e2
364	3.600e2
365	3.790e2
366	3.510e2
367	4.090e2
368	3.700e2
369	3.720e2
370	3.860e2
371	3.610e2
372	3.100e2
373	3.130e2
374	3.010e2
375	3.040e2
376	3.290e2
377	3.130e2
378	4.370e2
379	3.810e2
380	4.980e2
381	4.520e2
382	4.190e2
383	3.430e2
384	3.190e2
385	2.860e2
386	2.970e2
387	2.880e2
388	2.840e2
389	2.850e2
390	2.870e2
391	3.590e2
392	3.370e2
393	5.040e2
394	4.380e2
395	3.990e2
396	5.810e2
397	5.190e2
398	3.640e2
399	3.100e2
400	2.970e2
401	3.710e2
402	3.220e2
403	3.080e2
404	2.780e2
405	2.870e2
406	2.880e2
407	2.980e2
408	3.660e2
409	4.020e2
410	4.270e2
411	3.150e2
412	3.310e2
413	2.760e2
414	3.410e2
415	7.590e2
416	4.660e2
417	3.950e2
418	2.980e2
419	2.750e2
420	2.670e2
421	2.950e2
422	2.820e2
423	3.030e2
424	2.550e2
425	2.600e2
426	2.510e2
427	2.360e2
428	2.620e2
429	2.371e3
430	1.775e3
431	9.340e2
432	4.850e2
433	3.460e2
434	3.010e2
435	2.850e2
436	2.890e2
437	2.440e2
438	2.400e2
439	2.240e2
440	2.170e2
441	2.180e2
442	2.020e2
443	2.320e2
444	2.170e2
445	2.500e2
446	4.530e2
447	4.130e2
448	3.140e2
449	3.760e2
450	2.930e2
451	2.630e2
452	2.300e2
453	2.030e2
454	1.830e2
455	1.820e2
456	1.790e2
457	2.020e2
458	1.900e2
459	2.020e2
460	2.180e2
461	2.450e2
462	2.990e2
463	3.050e2
464	2.870e2
465	2.830e2
466	2.380e2
467	2.030e2
468	1.720e2
469	1.810e2
470	1.700e2
471	2.240e2
472	1.940e2
473	2.270e2
474	2.350e2
475	3.140e2
476	3.480e2
477	3.450e2
478	3.020e2
479	2.610e2
480	2.400e2
481	2.140e2
482	1.810e2
483	1.860e2
484	1.800e2
485	2.530e2
486	2.260e2
487	2.600e2
488	2.820e2
489	5.730e2
490	4.650e2
491	4.510e2
492	3.490e2
493	2.740e2
494	2.350e2
495	1.940e2
496	1.770e2
497	1.900e2
498	2.060e2
499	2.750e2
500	2.530e2
501	2.650e2
502	3.850e2
503	8.380e2
504	6.080e2
505	5.680e2
506	4.260e2
507	3.400e2
508	2.500e2
509	2.010e2
510	1.710e2
511	2.070e2
512	1.890e2
513	2.530e2
514	2.350e2
515	2.180e2
516	2.290e2
517	2.410e2
518	2.860e2
519	2.860e2
520	2.970e2
521	2.450e2
522	2.110e2
523	2.070e2
524	1.910e2
525	2.420e2
526	2.170e2
527	2.660e2
528	2.360e2
529	2.180e2
530	2.180e2
531	2.640e2
532	2.600e2
533	2.550e2
534	2.180e2
535	2.090e2
536	1.830e2
537	1.650e2
538	1.530e2
539	1.760e2
540	1.650e2
541	1.830e2
542	1.900e2
543	1.900e2
544	2.030e2
545	2.380e2
546	2.480e2
547	2.490e2
548	2.110e2
549	2.310e2
550	1.920e2
551	2.170e2
552	2.280e2
553	1.830e2
554	1.490e2
555	1.670e2
556	1.630e2
557	1.690e2
558	1.810e2
559	1.900e2
560	2.070e2
561	1.980e2
562	1.810e2
563	3.670e2
564	2.600e2
565	2.330e2
566	1.760e2
567	1.530e2
568	1.430e2
569	1.510e2
570	1.660e2
571	1.820e2
572	3.010e2
573	3.290e2
574	9.200e2
575	1.277e3
576	9.040e2
577	1.460e3
578	1.103e3
579	5.770e2
580	3.430e2
581	2.030e2
582	1.550e2
583	1.430e2
584	1.410e2
585	1.670e2
586	1.880e2
587	1.920e2
588	2.050e2
589	2.420e2
590	2.770e2
591	2.370e2
592	2.270e2
593	1.960e2
594	1.850e2
595	2.060e2
596	3.970e2
597	5.710e2
598	3.198e3
599	2.726e3
600	4.245e3
601	3.839e3
602	3.601e3
603	3.410e3
604	2.429e3
605	1.473e3
606	8.790e2
607	4.070e2
608	2.540e2
609	1.920e2
610	1.750e2
611	1.840e2
612	1.950e2
613	3.340e2
614	4.720e2
615	7.050e2
616	1.548e3
617	1.458e3
618	9.130e2
619	6.800e2
620	3.840e2
621	2.510e2
622	1.690e2
623	1.640e2
624	1.540e2
625	1.500e2
626	1.500e2
627	1.470e2
628	1.670e2
629	1.740e2
630	1.920e2
631	2.030e2
632	2.020e2
633	1.760e2
634	1.670e2
635	1.360e2
636	1.280e2
637	2.130e2
638	1.770e2
639	1.700e2
640	1.430e2
641	1.340e2
642	1.400e2
643	1.450e2
644	1.630e2
645	1.720e2
646	1.580e2
647	1.470e2
648	1.310e2
649	1.200e2
650	1.200e2
651	1.440e2
652	1.380e2
653	1.530e2
654	1.490e2
655	1.570e2
656	1.790e2
657	1.980e2
658	2.240e2
659	2.650e2
660	2.140e2
661	1.990e2
662	1.960e2
663	1.650e2
664	1.310e2
665	1.260e2
666	1.200e2
667	1.260e2
668	1.250e2
669	1.440e2
670	1.600e2
671	1.680e2
672	1.640e2
673	1.700e2
674	1.830e2
675	1.890e2
676	1.650e2
677	1.810e2
678	1.440e2
679	1.300e2
680	1.060e2
681	1.100e2
682	1.190e2
683	1.350e2
684	1.590e2
685	1.760e2
686	1.600e2
687	1.590e2
688	1.560e2
689	1.980e2
690	1.670e2
691	1.350e2
692	1.150e2
693	1.010e2
694	1.140e2
695	1.090e2
696	1.250e2
697	1.540e2
698	1.680e2
699	1.760e2
700	1.560e2
701	1.530e2
702	1.340e2
703	1.190e2
704	1.120e2
705	1.030e2
706	9.600e1
707	9.700e1
708	9.700e1
709	1.080e2
710	1.230e2
711	1.740e2
712	1.780e2
713	1.950e2
714	1.720e2
715	1.590e2
716	1.480e2
717	1.270e2
718	1.150e2
719	1.080e2
720	1.010e2
721	9.900e1
722	1.000e2
723	1.000e2
724	1.190e2
725	1.430e2
726	1.810e2
727	1.950e2
728	1.890e2
729	1.870e2
730	1.710e2
731	1.660e2
732	1.330e2
733	1.180e2
734	9.500e1
735	9.500e1
736	1.010e2
737	1.110e2
738	1.310e2
739	1.530e2
740	2.120e2
741	2.510e2
742	2.510e2
743	2.690e2
744	2.440e2
745	2.070e2
746	1.430e2
747	1.210e2
748	1.020e2
749	9.600e1
750	9.900e1
751	1.150e2
752	1.450e2
753	2.070e2
754	3.650e2
755	4.110e2
756	3.630e2
757	3.400e2
758	2.610e2
759	2.290e2
760	1.600e2
761	1.260e2
762	1.090e2
763	1.010e2
764	1.080e2
765	1.240e2
766	1.890e2
767	2.900e2
768	5.030e2
769	4.980e2
770	4.750e2
771	3.850e2
772	2.680e2
773	2.210e2
774	1.500e2
775	1.290e2
776	1.100e2
777	1.030e2
778	1.030e2
779	1.250e2
780	2.320e2
781	2.910e2
782	3.490e2
783	3.990e2
784	3.720e2
785	3.210e2
786	2.530e2
787	2.080e2
788	1.510e2
789	1.240e2
790	1.020e2
791	9.800e1
792	9.700e1
793	1.520e2
794	3.170e2
795	3.370e2
796	3.710e2
797	3.450e2
798	2.800e2
799	2.350e2
800	1.770e2
801	1.460e2
802	1.150e2
803	1.040e2
804	9.600e1
805	9.800e1
806	1.120e2
807	1.830e2
808	3.670e2
809	3.350e2
810	3.360e2
811	2.910e2
812	2.510e2
813	1.950e2
814	1.440e2
815	1.200e2
816	1.060e2
817	9.600e1
818	1.050e2
819	1.180e2
820	1.250e2
821	1.430e2
822	2.260e2
823	2.160e2
824	2.020e2
825	1.950e2
826	1.710e2
827	1.940e2
828	1.470e2
829	1.430e2
830	1.220e2
831	1.340e2
832	1.140e2
833	1.130e2
834	9.700e1
835	1.050e2
836	1.370e2
837	1.520e2
838	1.480e2
839	1.640e2
840	1.450e2
841	1.450e2
842	1.250e2
843	1.100e2
844	1.020e2
845	1.020e2
846	1.060e2
847	1.010e2
848	9.400e1
849	9.700e1
850	1.140e2
851	1.630e2
852	1.710e2
853	3.000e2
854	5.450e2
855	1.542e3
856	1.160e3
857	9.340e2
858	5.180e2
859	3.340e2
860	2.060e2
861	1.730e2
862	1.380e2
863	1.700e2
864	1.440e2
865	1.840e2
866	1.630e2
867	1.870e2
868	1.640e2
869	1.570e2
870	1.590e2
871	1.440e2
872	1.430e2
873	1.270e2
874	1.170e2
875	1.070e2
876	1.400e2
877	3.410e2
878	1.467e3
879	3.322e3
880	3.516e3
881	4.316e3
882	2.862e3
883	2.543e3
884	1.532e3
885	1.008e3
886	5.780e2
887	3.030e2
888	1.780e2
889	1.190e2
890	1.040e2
891	1.010e2
892	1.260e2
893	1.330e2
894	1.870e2
895	1.750e2
896	1.830e2
897	1.510e2
898	1.360e2
899	9.900e1
900	8.700e1
901	6.800e1
902	6.200e1
903	5.800e1
904	5.400e1
905	5.900e1
906	5.700e1
907	5.900e1
908	6.000e1
909	9.000e1
910	7.800e1
911	1.060e2
912	8.600e1
913	7.900e1
914	6.200e1
915	5.600e1
916	5.200e1
917	4.700e1
918	4.900e1
919	5.700e1
920	5.400e1
921	5.400e1
922	4.900e1
923	5.100e1
924	5.100e1
925	4.900e1
926	4.900e1
927	4.500e1
928	4.500e1
929	4.500e1
930	4.400e1
931	4.400e1
932	4.300e1
933	4.700e1
934	4.900e1
935	5.000e1
936	5.200e1
937	4.900e1
938	5.300e1
939	9.900e1
940	8.300e1
941	7.300e1
942	6.200e1
943	5.200e1
944	4.900e1
945	4.700e1
946	4.600e1
947	4.600e1
948	4.700e1
949	4.700e1
950	4.600e1
951	4.700e1
952	4.800e1
953	4.700e1
954	4.700e1
955	4.500e1
956	4.600e1
957	4.500e1
958	4.300e1
959	4.300e1
960	4.300e1
961	4.400e1
962	4.300e1
963	4.200e1
964	4.400e1
965	4.600e1
966	4.600e1
967	5.400e1
968	5.100e1
969	4.700e1
970	4.200e1
971	4.400e1
972	4.000e1
973	4.200e1
974	4.400e1
975	3.900e1
976	4.400e1
977	4.200e1
978	4.000e1
979	4.400e1
980	4.200e1
981	4.100e1
982	4.200e1
983	4.200e1
984	4.400e1
985	4.000e1
986	4.500e1
987	4.100e1
988	4.100e1
989	4.200e1
990	3.800e1
991	4.100e1
992	4.200e1
993	4.600e1
994	4.600e1
995	4.500e1
996	4.800e1
997	4.100e1
998	4.300e1
999	4.200e1
