60	9308
61	753
62	429
63	388
64	323
65	437
66	1858
67	15500
68	18520
69	49060
70	17530
71	29400
72	12340
73	4112
74	695
75	564
76	373
77	559
78	2846
79	6576
80	16220
81	24860
82	41840
83	24510
84	18490
85	14970
86	5276
87	1886
88	588
89	430
90	409
91	1551
92	3882
93	11290
94	17720
95	23090
96	51780
97	31500
98	60940
99	12490
100	4870
101	2065
102	636
103	723
104	936
105	2734
106	6619
107	8939
108	14170
109	16680
110	39850
111	36520
112	22410
113	9405
114	7177
115	2495
116	2812
117	2772
118	3581
119	5952
120	8326
121	11850
122	19100
123	20100
124	29460
125	17350
126	13380
127	6212
128	3907
129	5396
130	1569
131	3192
132	4363
133	6844
134	12840
135	16510
136	22280
137	24090
138	20210
139	23040
140	8040
141	4698
142	3101
143	2567
144	2073
145	3648
146	4577
147	6768
148	13620
149	17280
150	28210
151	25770
152	25560
153	10600
154	7652
155	6218
156	3844
157	2817
158	2365
159	3768
160	4520
161	6003
162	10100
163	12820
164	17040
165	14890
166	13270
167	7241
168	5745
169	3794
170	3729
171	3363
172	3899
173	4308
174	4595
175	5693
176	8490
177	10300
178	12820
179	8617
180	8103
181	5853
182	5368
183	3125
184	3516
185	4618
186	3707
187	3995
188	4412
189	5183
190	7468
191	10490
192	8866
193	6785
194	6841
195	4783
196	5032
197	2716
198	2586
199	2829
200	2699
201	3404
202	3953
203	4795
204	7004
205	9335
206	8602
207	40130
208	11910
209	8197
210	4952
211	2812
212	2233
213	2541
214	2736
215	2928
216	3791
217	3810
218	7571
219	6866
220	9398
221	6516
222	5600
223	4191
224	3392
225	2348
226	2159
227	2256
228	2277
229	2534
230	3048
231	3285
232	6105
233	5113
234	10580
235	7823
236	6669
237	4144
238	3780
239	2869
240	2396
241	2496
242	2427
243	2987
244	3273
245	4507
246	4579
247	5993
248	4293
249	5192
250	3541
251	2920
252	2057
253	2422
254	2322
255	2253
256	3763
257	3929
258	3662
259	12890
260	12280
261	42220
262	50270
263	22470
264	22380
265	7203
266	3068
267	3089
268	2148
269	1856
270	2526
271	2406
272	4056
273	3505
274	4616
275	4915
276	4356
277	7610
278	8179
279	14940
280	29530
281	19490
282	8591
283	5041
284	3277
285	2376
286	1832
287	1997
288	1851
289	1618
290	1917
291	1605
292	3011
293	1790
294	1314
295	1041
296	831
297	845
298	814
299	743
300	860
301	761
302	787
303	750
304	755
305	852
306	720
307	641
308	575
309	582
310	572
311	573
312	607
313	780
314	705
315	576
316	803
317	577
318	1361
319	674
320	968
321	576
322	671
323	605
324	492
325	503
326	442
327	462
328	595
329	520
330	440
331	480
332	579
333	710
334	1846
335	891
336	7958
337	2592
338	2223
339	1789
340	611
341	2071
342	725
343	607
344	411
345	397
346	350
347	467
348	361
349	493
350	382
351	469
352	399
353	355
354	416
355	8665
356	3863
357	2892
358	809
359	510
360	350
361	330
362	305
363	295
364	288
365	308
366	295
367	293
368	315
369	303
370	333
371	294
372	262
373	275
374	263
375	266
376	284
377	278
378	347
379	306
380	490
381	362
382	377
383	291
384	273
385	251
386	259
387	255
388	248
389	238
390	245
391	261
392	281
393	349
394	368
395	327
396	526
397	435
398	314
399	288
400	288
401	339
402	292
403	277
404	249
405	259
406	256
407	261
408	355
409	368
410	441
411	327
412	395
413	290
414	557
415	913
416	501
417	392
418	276
419	240
420	226
421	241
422	261
423	264
424	240
425	276
426	275
427	250
428	290
429	4932
430	3380
431	2124
432	700
433	403
434	259
435	226
436	216
437	193
438	191
439	188
440	193
441	198
442	177
443	192
444	171
445	180
446	241
447	230
448	196
449	218
450	191
451	181
452	172
453	152
454	141
455	143
456	140
457	154
458	144
459	148
460	152
461	162
462	197
463	198
464	195
465	190
466	167
467	148
468	130
469	137
470	127
471	161
472	143
473	156
474	167
475	218
476	229
477	214
478	189
479	169
480	160
481	152
482	137
483	148
484	136
485	182
486	162
487	169
488	175
489	494
490	346
491	323
492	231
493	185
494	161
495	141
496	147
497	155
498	245
499	294
500	257
501	247
502	399
503	1250
504	726
505	611
506	366
507	266
508	185
509	153
510	134
511	161
512	149
513	188
514	179
515	159
516	161
517	153
518	173
519	173
520	182
521	158
522	142
523	146
524	140
525	175
526	155
527	185
528	160
529	148
530	146
531	159
532	152
533	150
534	142
535	136
536	134
537	124
538	133
539	149
540	138
541	153
542	143
543	136
544	141
545	144
546	144
547	148
548	134
549	146
550	128
551	147
552	155
553	130
554	114
555	124
556	117
557	117
558	121
559	120
560	124
561	123
562	119
563	353
564	240
565	209
566	146
567	116
568	108
569	106
570	116
571	123
572	184
573	197
574	474
575	601
576	481
577	772
578	678
579	401
580	243
581	151
582	115
583	106
584	103
585	114
586	126
587	127
588	133
589	150
590	166
591	143
592	141
593	123
594	121
595	134
596	254
597	365
598	1445
599	1352
600	1944
601	1925
602	1740
603	1746
604	1382
605	805
606	534
607	259
608	161
609	121
610	112
611	116
612	125
613	204
614	269
615	397
616	585
617	568
618	412
619	319
620	198
621	143
622	110
623	109
624	106
625	104
626	104
627	100
628	112
629	110
630	119
631	125
632	123
633	114
634	111
635	95
636	96
637	207
638	168
639	159
640	119
641	104
642	104
643	105
644	115
645	115
646	109
647	105
648	94
649	89
650	91
651	125
652	120
653	124
654	116
655	117
656	130
657	140
658	159
659	180
660	148
661	143
662	144
663	123
664	99
665	96
666	93
667	98
668	97
669	106
670	118
671	121
672	119
673	124
674	130
675	134
676	118
677	131
678	109
679	100
680	84
681	87
682	92
683	97
684	114
685	125
686	113
687	116
688	117
689	142
690	124
691	101
692	90
693	77
694	87
695	85
696	94
697	112
698	121
699	123
700	111
701	109
702	99
703	90
704	86
705	79
706	76
707	77
708	76
709	83
710	94
711	145
712	144
713	147
714	131
715	118
716	110
717	92
718	87
719	84
720	80
721	75
722	81
723	76
724	89
725	110
726	136
727	140
728	134
729	132
730	124
731	119
732	97
733	92
734	75
735	77
736	78
737	85
738	97
739	109
740	151
741	175
742	179
743	195
744	176
745	147
746	106
747	91
748	79
749	76
750	78
751	88
752	107
753	153
754	260
755	289
756	255
757	236
758	177
759	158
760	115
761	93
762	84
763	80
764	85
765	95
766	135
767	208
768	348
769	348
770	325
771	261
772	187
773	156
774	109
775	95
776	84
777	82
778	81
779	96
780	167
781	201
782	242
783	270
784	251
785	217
786	178
787	149
788	112
789	95
790	80
791	80
792	76
793	118
794	223
795	235
796	252
797	237
798	193
799	165
800	130
801	109
802	86
803	82
804	78
805	79
806	85
807	142
808	252
809	232
810	233
811	198
812	178
813	140
814	108
815	89
816	80
817	77
818	81
819	93
820	94
821	107
822	156
823	148
824	138
825	135
826	119
827	131
828	107
829	105
830	94
831	102
832	91
833	89
834	74
835	80
836	100
837	109
838	107
839	115
840	105
841	106
842	94
843	83
844	79
845	79
846	84
847	81
848	76
849	75
850	86
851	115
852	119
853	193
854	421
855	1094
856	843
857	674
858	370
859	244
860	154
861	128
862	105
863	117
864	104
865	129
866	116
867	126
868	114
869	112
870	110
871	103
872	101
873	96
874	90
875	84
876	109
877	230
878	1085
879	2283
880	2477
881	2999
882	2059
883	1855
884	1141
885	754
886	437
887	228
888	139
889	94
890	79
891	74
892	82
893	88
894	100
895	109
896	102
897	95
898	84
899	67
900	63
901	53
902	53
903	50
904	49
905	49
906	51
907	49
908	51
909	71
910	67
911	89
912	74
913	69
914	56
915	50
916	47
917	43
918	46
919	51
920	49
921	49
922	45
923	46
924	45
925	44
926	46
927	42
928	45
929	44
930	43
931	43
932	43
933	44
934	48
935	49
936	48
937	45
938	51
939	93
940	76
941	68
942	58
943	50
944	47
945	44
946	46
947	46
948	47
949	46
950	45
951	45
952	45
953	46
954	45
955	43
956	44
957	45
958	42
959	43
960	42
961	42
962	45
963	43
964	43
965	44
966	44
967	52
968	49
969	49
970	41
971	45
972	40
973	41
974	42
975	40
976	43
977	40
978	38
979	42
980	40
981	41
982	40
983	40
984	41
985	40
986	42
987	40
988	42
989	41
990	38
991	40
992	41
993	43
994	44
995	43
996	44
997	41
998	40
999	41
