60	4.137e3
61	6.270e2
62	3.890e2
63	3.610e2
64	3.060e2
65	4.000e2
66	9.620e2
67	1.068e4
68	1.356e4
69	3.665e4
70	1.449e4
71	2.401e4
72	7.812e3
73	2.426e3
74	7.160e2
75	4.530e2
76	3.160e2
77	4.110e2
78	1.242e3
79	4.068e3
80	1.107e4
81	1.586e4
82	2.737e4
83	2.038e4
84	1.457e4
85	1.404e4
86	4.014e3
87	9.910e2
88	5.580e2
89	3.650e2
90	3.360e2
91	8.480e2
92	2.275e3
93	7.971e3
94	1.244e4
95	1.641e4
96	2.836e4
97	2.200e4
98	3.195e4
99	9.859e3
100	3.399e3
101	1.016e3
102	5.230e2
103	4.940e2
104	7.150e2
105	1.076e3
106	4.522e3
107	6.866e3
108	1.056e4
109	1.299e4
110	2.213e4
111	2.441e4
112	1.359e4
113	8.016e3
114	5.092e3
115	1.053e3
116	2.009e3
117	1.332e3
118	1.539e3
119	4.497e3
120	5.991e3
121	8.296e3
122	1.081e4
123	1.237e4
124	1.688e4
125	1.342e4
126	8.935e3
127	5.098e3
128	2.043e3
129	4.096e3
130	9.960e2
131	1.773e3
132	2.974e3
133	5.521e3
134	7.897e3
135	1.112e4
136	1.159e4
137	1.335e4
138	1.273e4
139	2.021e4
140	6.751e3
141	4.172e3
142	1.609e3
143	1.705e3
144	1.170e3
145	2.097e3
146	3.591e3
147	5.305e3
148	7.743e3
149	1.062e4
150	1.599e4
151	1.378e4
152	1.488e4
153	7.661e3
154	5.662e3
155	3.923e3
156	1.770e3
157	1.903e3
158	1.907e3
159	3.007e3
160	3.821e3
161	4.956e3
162	6.444e3
163	8.018e3
164	1.086e4
165	9.537e3
166	8.869e3
167	5.609e3
168	4.532e3
169	2.811e3
170	2.035e3
171	2.716e3
172	3.080e3
173	3.453e3
174	3.708e3
175	4.745e3
176	5.495e3
177	6.186e3
178	8.255e3
179	6.007e3
180	5.830e3
181	4.365e3
182	4.382e3
183	2.715e3
184	2.475e3
185	4.051e3
186	3.304e3
187	3.334e3
188	3.504e3
189	4.203e3
190	4.716e3
191	5.665e3
192	5.547e3
193	4.722e3
194	5.006e3
195	3.597e3
196	4.022e3
197	2.329e3
198	1.906e3
199	2.610e3
200	2.530e3
201	2.914e3
202	3.135e3
203	3.503e3
204	3.967e3
205	5.104e3
206	5.136e3
207	4.203e4
208	1.063e4
209	7.714e3
210	4.386e3
211	2.567e3
212	1.858e3
213	2.256e3
214	2.205e3
215	2.211e3
216	2.579e3
217	2.816e3
218	3.884e3
219	3.939e3
220	5.569e3
221	4.399e3
222	4.300e3
223	3.422e3
224	2.982e3
225	1.985e3
226	1.627e3
227	1.923e3
228	1.724e3
229	1.806e3
230	1.948e3
231	2.217e3
232	3.697e3
233	3.407e3
234	7.236e3
235	6.356e3
236	5.488e3
237	3.323e3
238	2.947e3
239	2.447e3
240	2.102e3
241	1.982e3
242	2.038e3
243	1.923e3
244	2.348e3
245	2.701e3
246	3.251e3
247	3.375e3
248	2.807e3
249	3.575e3
250	2.476e3
251	2.295e3
252	1.750e3
253	1.773e3
254	1.515e3
255	1.148e3
256	2.627e3
257	1.589e3
258	2.290e3
259	3.143e3
260	1.136e4
261	6.601e3
262	3.830e4
263	1.072e4
264	1.412e4
265	5.529e3
266	2.362e3
267	2.362e3
268	1.111e3
269	1.090e3
270	1.029e3
271	1.191e3
272	1.407e3
273	1.901e3
274	2.012e3
275	3.438e3
276	3.402e3
277	4.955e3
278	8.675e3
279	7.678e3
280	2.058e4
281	1.283e4
282	5.879e3
283	3.658e3
284	2.343e3
285	1.126e3
286	1.061e3
287	1.067e3
288	1.332e3
289	1.473e3
290	1.827e3
291	2.132e3
292	2.992e3
293	2.357e3
294	1.350e3
295	1.191e3
296	8.210e2
297	8.620e2
298	7.410e2
299	6.940e2
300	7.680e2
301	7.480e2
302	7.720e2
303	7.860e2
304	8.120e2
305	8.970e2
306	8.120e2
307	6.970e2
308	6.510e2
309	6.050e2
310	5.900e2
311	6.100e2
312	6.270e2
313	1.492e3
314	7.260e2
315	5.940e2
316	9.490e2
317	6.700e2
318	1.613e3
319	7.690e2
320	9.720e2
321	6.480e2
322	7.060e2
323	7.830e2
324	5.560e2
325	6.060e2
326	4.730e2
327	5.160e2
328	5.110e2
329	5.030e2
330	4.740e2
331	5.430e2
332	6.710e2
333	9.070e2
334	2.061e3
335	1.021e3
336	6.207e3
337	2.808e3
338	2.497e3
339	3.654e3
340	1.015e3
341	2.244e3
342	7.710e2
343	6.380e2
344	4.680e2
345	4.670e2
346	4.240e2
347	5.520e2
348	4.340e2
349	5.810e2
350	4.590e2
351	6.540e2
352	5.510e2
353	4.860e2
354	5.900e2
355	4.723e3
356	2.135e3
357	1.260e3
358	6.110e2
359	4.590e2
360	3.980e2
361	3.810e2
362	3.710e2
363	3.410e2
364	3.490e2
365	3.650e2
366	3.460e2
367	3.910e2
368	3.600e2
369	3.530e2
370	3.720e2
371	3.380e2
372	3.020e2
373	3.020e2
374	2.940e2
375	2.940e2
376	3.190e2
377	3.040e2
378	4.150e2
379	3.600e2
380	4.730e2
381	4.200e2
382	3.950e2
383	3.270e2
384	3.040e2
385	2.770e2
386	2.820e2
387	2.800e2
388	2.770e2
389	2.750e2
390	2.820e2
391	3.420e2
392	3.230e2
393	4.700e2
394	4.150e2
395	3.680e2
396	5.390e2
397	4.790e2
398	3.420e2
399	2.920e2
400	2.800e2
401	3.630e2
402	3.120e2
403	2.990e2
404	2.640e2
405	2.730e2
406	2.770e2
407	2.840e2
408	3.380e2
409	3.710e2
410	3.810e2
411	2.920e2
412	2.980e2
413	2.580e2
414	3.130e2
415	8.360e2
416	4.900e2
417	4.120e2
418	2.970e2
419	2.680e2
420	2.580e2
421	2.810e2
422	2.680e2
423	2.850e2
424	2.460e2
425	2.480e2
426	2.380e2
427	2.240e2
428	2.560e2
429	2.584e3
430	1.820e3
431	1.018e3
432	4.990e2
433	3.440e2
434	2.930e2
435	2.720e2
436	2.720e2
437	2.300e2
438	2.260e2
439	2.090e2
440	2.010e2
441	2.060e2
442	1.960e2
443	2.210e2
444	2.090e2
445	2.330e2
446	5.010e2
447	4.140e2
448	3.000e2
449	3.530e2
450	2.750e2
451	2.480e2
452	2.190e2
453	1.930e2
454	1.730e2
455	1.710e2
456	1.680e2
457	1.900e2
458	1.800e2
459	1.880e2
460	2.050e2
461	2.290e2
462	2.800e2
463	2.810e2
464	2.690e2
465	2.600e2
466	2.220e2
467	1.920e2
468	1.640e2
469	1.710e2
470	1.600e2
471	2.080e2
472	1.820e2
473	2.110e2
474	2.190e2
475	3.050e2
476	3.290e2
477	3.230e2
478	2.790e2
479	2.430e2
480	2.240e2
481	1.980e2
482	1.700e2
483	1.740e2
484	1.670e2
485	2.350e2
486	2.090e2
487	2.390e2
488	2.610e2
489	6.110e2
490	4.670e2
491	4.430e2
492	3.330e2
493	2.590e2
494	2.200e2
495	1.810e2
496	1.650e2
497	1.790e2
498	1.920e2
499	2.560e2
500	2.310e2
501	2.420e2
502	3.680e2
503	8.640e2
504	6.050e2
505	5.620e2
506	4.100e2
507	3.200e2
508	2.360e2
509	1.870e2
510	1.600e2
511	1.910e2
512	1.740e2
513	2.340e2
514	2.150e2
515	2.020e2
516	2.130e2
517	2.250e2
518	2.640e2
519	2.640e2
520	2.750e2
521	2.230e2
522	1.970e2
523	1.910e2
524	1.770e2
525	2.230e2
526	1.980e2
527	2.440e2
528	2.140e2
529	2.000e2
530	1.970e2
531	2.430e2
532	2.380e2
533	2.390e2
534	2.040e2
535	1.950e2
536	1.710e2
537	1.540e2
538	1.420e2
539	1.640e2
540	1.510e2
541	1.690e2
542	1.740e2
543	1.760e2
544	1.850e2
545	2.220e2
546	2.310e2
547	2.290e2
548	1.950e2
549	2.230e2
550	1.820e2
551	2.060e2
552	2.090e2
553	1.700e2
554	1.400e2
555	1.550e2
556	1.510e2
557	1.580e2
558	1.670e2
559	1.750e2
560	1.930e2
561	1.850e2
562	1.710e2
563	3.920e2
564	2.730e2
565	2.390e2
566	1.760e2
567	1.470e2
568	1.350e2
569	1.410e2
570	1.550e2
571	1.680e2
572	2.710e2
573	2.940e2
574	9.790e2
575	1.120e3
576	8.650e2
577	1.287e3
578	9.570e2
579	5.130e2
580	3.040e2
581	1.890e2
582	1.430e2
583	1.330e2
584	1.330e2
585	1.540e2
586	1.720e2
587	1.770e2
588	1.890e2
589	2.210e2
590	2.510e2
591	2.180e2
592	2.070e2
593	1.790e2
594	1.670e2
595	1.880e2
596	3.630e2
597	5.140e2
598	2.790e3
599	2.425e3
600	3.714e3
601	3.352e3
602	3.117e3
603	2.933e3
604	2.147e3
605	1.285e3
606	7.630e2
607	3.600e2
608	2.250e2
609	1.740e2
610	1.640e2
611	1.700e2
612	1.820e2
613	3.080e2
614	4.250e2
615	6.870e2
616	1.427e3
617	1.291e3
618	8.740e2
619	6.210e2
620	3.530e2
621	2.310e2
622	1.570e2
623	1.580e2
624	1.470e2
625	1.430e2
626	1.390e2
627	1.370e2
628	1.570e2
629	1.630e2
630	1.760e2
631	1.880e2
632	1.890e2
633	1.630e2
634	1.540e2
635	1.260e2
636	1.200e2
637	2.230e2
638	1.830e2
639	1.730e2
640	1.400e2
641	1.270e2
642	1.330e2
643	1.350e2
644	1.530e2
645	1.600e2
646	1.450e2
647	1.360e2
648	1.200e2
649	1.110e2
650	1.110e2
651	1.340e2
652	1.280e2
653	1.410e2
654	1.390e2
655	1.450e2
656	1.640e2
657	1.800e2
658	2.030e2
659	2.350e2
660	1.940e2
661	1.820e2
662	1.760e2
663	1.490e2
664	1.210e2
665	1.150e2
666	1.110e2
667	1.170e2
668	1.150e2
669	1.320e2
670	1.430e2
671	1.520e2
672	1.470e2
673	1.550e2
674	1.640e2
675	1.670e2
676	1.490e2
677	1.600e2
678	1.290e2
679	1.180e2
680	9.900e1
681	1.040e2
682	1.100e2
683	1.270e2
684	1.450e2
685	1.600e2
686	1.450e2
687	1.450e2
688	1.440e2
689	1.760e2
690	1.480e2
691	1.210e2
692	1.040e2
693	9.400e1
694	1.050e2
695	1.010e2
696	1.140e2
697	1.490e2
698	1.560e2
699	1.620e2
700	1.440e2
701	1.410e2
702	1.240e2
703	1.110e2
704	1.030e2
705	9.600e1
706	8.900e1
707	9.000e1
708	9.000e1
709	1.000e2
710	1.130e2
711	1.720e2
712	1.710e2
713	1.850e2
714	1.610e2
715	1.460e2
716	1.360e2
717	1.170e2
718	1.070e2
719	1.000e2
720	9.300e1
721	9.000e1
722	9.500e1
723	9.100e1
724	1.080e2
725	1.310e2
726	1.640e2
727	1.760e2
728	1.700e2
729	1.690e2
730	1.540e2
731	1.480e2
732	1.220e2
733	1.100e2
734	9.000e1
735	8.900e1
736	9.300e1
737	1.030e2
738	1.210e2
739	1.390e2
740	1.930e2
741	2.220e2
742	2.200e2
743	2.380e2
744	2.210e2
745	1.840e2
746	1.300e2
747	1.100e2
748	9.500e1
749	8.900e1
750	9.200e1
751	1.050e2
752	1.330e2
753	1.890e2
754	3.270e2
755	3.620e2
756	3.200e2
757	3.020e2
758	2.310e2
759	2.050e2
760	1.440e2
761	1.150e2
762	9.900e1
763	9.300e1
764	1.000e2
765	1.170e2
766	1.730e2
767	2.640e2
768	4.410e2
769	4.400e2
770	4.150e2
771	3.440e2
772	2.410e2
773	2.000e2
774	1.370e2
775	1.190e2
776	1.010e2
777	9.600e1
778	9.500e1
779	1.160e2
780	2.090e2
781	2.600e2
782	3.120e2
783	3.480e2
784	3.280e2
785	2.890e2
786	2.320e2
787	1.910e2
788	1.380e2
789	1.160e2
790	9.500e1
791	9.100e1
792	9.100e1
793	1.440e2
794	2.820e2
795	2.980e2
796	3.290e2
797	3.040e2
798	2.470e2
799	2.070e2
800	1.590e2
801	1.330e2
802	1.050e2
803	9.800e1
804	9.000e1
805	9.300e1
806	1.050e2
807	1.710e2
808	3.220e2
809	2.960e2
810	2.960e2
811	2.570e2
812	2.220e2
813	1.760e2
814	1.320e2
815	1.080e2
816	9.900e1
817	9.100e1
818	9.800e1
819	1.100e2
820	1.140e2
821	1.310e2
822	2.030e2
823	1.900e2
824	1.800e2
825	1.760e2
826	1.540e2
827	1.730e2
828	1.340e2
829	1.320e2
830	1.110e2
831	1.240e2
832	1.080e2
833	1.060e2
834	8.900e1
835	9.700e1
836	1.250e2
837	1.380e2
838	1.350e2
839	1.490e2
840	1.330e2
841	1.320e2
842	1.130e2
843	1.010e2
844	9.400e1
845	9.600e1
846	1.020e2
847	9.600e1
848	8.800e1
849	9.200e1
850	1.060e2
851	1.470e2
852	1.560e2
853	2.720e2
854	5.230e2
855	1.367e3
856	1.024e3
857	8.020e2
858	4.520e2
859	2.980e2
860	1.870e2
861	1.600e2
862	1.280e2
863	1.540e2
864	1.310e2
865	1.660e2
866	1.480e2
867	1.670e2
868	1.480e2
869	1.440e2
870	1.450e2
871	1.330e2
872	1.310e2
873	1.140e2
874	1.100e2
875	9.900e1
876	1.290e2
877	3.090e2
878	1.340e3
879	2.938e3
880	3.128e3
881	3.801e3
882	2.493e3
883	2.224e3
884	1.367e3
885	8.800e2
886	5.040e2
887	2.640e2
888	1.600e2
889	1.100e2
890	9.600e1
891	9.400e1
892	1.160e2
893	1.210e2
894	1.680e2
895	1.610e2
896	1.660e2
897	1.390e2
898	1.240e2
899	9.100e1
900	8.000e1
901	6.500e1
902	6.000e1
903	5.700e1
904	5.200e1
905	5.600e1
906	5.600e1
907	5.600e1
908	5.900e1
909	8.100e1
910	7.300e1
911	9.700e1
912	7.800e1
913	7.500e1
914	6.000e1
915	5.300e1
916	5.000e1
917	4.600e1
918	4.900e1
919	5.600e1
920	5.500e1
921	5.100e1
922	4.900e1
923	4.900e1
924	4.800e1
925	4.600e1
926	4.900e1
927	4.400e1
928	4.400e1
929	4.500e1
930	4.200e1
931	4.300e1
932	4.200e1
933	4.500e1
934	4.900e1
935	5.000e1
936	5.100e1
937	4.700e1
938	5.100e1
939	9.100e1
940	7.400e1
941	6.700e1
942	5.900e1
943	5.100e1
944	4.700e1
945	4.400e1
946	4.400e1
947	4.500e1
948	4.500e1
949	4.600e1
950	4.400e1
951	4.600e1
952	4.600e1
953	4.700e1
954	4.500e1
955	4.500e1
956	4.500e1
957	4.300e1
958	4.200e1
959	4.200e1
960	4.300e1
961	4.300e1
962	4.300e1
963	4.300e1
964	4.400e1
965	4.400e1
966	4.500e1
967	5.200e1
968	4.900e1
969	4.600e1
970	4.100e1
971	4.400e1
972	3.900e1
973	4.100e1
974	4.200e1
975	3.900e1
976	4.200e1
977	4.100e1
978	3.800e1
979	4.500e1
980	4.200e1
981	4.000e1
982	4.200e1
983	4.100e1
984	4.300e1
985	3.900e1
986	4.300e1
987	4.000e1
988	4.100e1
989	4.100e1
990	3.800e1
991	4.100e1
992	4.000e1
993	4.500e1
994	4.600e1
995	4.400e1
996	4.600e1
997	4.100e1
998	4.300e1
999	4.200e1
