60	1.909e3
61	5.580e2
62	3.450e2
63	3.260e2
64	2.810e2
65	3.800e2
66	1.075e3
67	1.076e4
68	1.345e4
69	3.752e4
70	1.403e4
71	2.364e4
72	7.613e3
73	1.495e3
74	6.770e2
75	3.990e2
76	2.990e2
77	3.890e2
78	1.395e3
79	3.700e3
80	1.135e4
81	1.633e4
82	2.770e4
83	2.025e4
84	1.415e4
85	1.380e4
86	3.571e3
87	9.460e2
88	5.040e2
89	3.460e2
90	3.190e2
91	8.490e2
92	1.942e3
93	7.972e3
94	1.240e4
95	1.664e4
96	2.959e4
97	2.235e4
98	3.342e4
99	9.730e3
100	2.994e3
101	9.500e2
102	5.020e2
103	4.720e2
104	6.770e2
105	1.230e3
106	4.693e3
107	6.811e3
108	1.054e4
109	1.302e4
110	2.261e4
111	2.477e4
112	1.353e4
113	7.847e3
114	5.029e3
115	1.189e3
116	1.905e3
117	1.548e3
118	1.610e3
119	4.413e3
120	5.921e3
121	8.298e3
122	1.073e4
123	1.257e4
124	1.708e4
125	1.327e4
126	8.782e3
127	5.208e3
128	1.694e3
129	4.298e3
130	9.670e2
131	1.698e3
132	2.407e3
133	5.419e3
134	7.834e3
135	1.115e4
136	1.174e4
137	1.383e4
138	1.283e4
139	2.010e4
140	6.644e3
141	4.258e3
142	1.494e3
143	1.541e3
144	1.139e3
145	1.831e3
146	3.268e3
147	5.242e3
148	7.724e3
149	1.081e4
150	1.651e4
151	1.430e4
152	1.525e4
153	7.652e3
154	5.720e3
155	4.079e3
156	1.575e3
157	1.608e3
158	1.563e3
159	2.493e3
160	3.758e3
161	4.922e3
162	6.409e3
163	8.205e3
164	1.140e4
165	9.808e3
166	9.003e3
167	5.697e3
168	4.534e3
169	2.531e3
170	1.670e3
171	2.247e3
172	2.764e3
173	3.396e3
174	3.644e3
175	4.748e3
176	5.506e3
177	6.209e3
178	8.357e3
179	6.076e3
180	5.854e3
181	4.461e3
182	4.524e3
183	2.398e3
184	2.004e3
185	4.020e3
186	3.079e3
187	3.234e3
188	3.458e3
189	4.122e3
190	4.710e3
191	5.844e3
192	5.608e3
193	4.740e3
194	4.978e3
195	3.656e3
196	4.104e3
197	1.924e3
198	1.574e3
199	2.111e3
200	2.046e3
201	2.732e3
202	3.013e3
203	3.545e3
204	3.938e3
205	4.982e3
206	5.171e3
207	2.732e4
208	8.648e3
209	6.386e3
210	4.181e3
211	2.107e3
212	1.546e3
213	1.805e3
214	1.770e3
215	1.819e3
216	2.261e3
217	2.751e3
218	4.013e3
219	4.092e3
220	5.623e3
221	4.425e3
222	4.303e3
223	3.432e3
224	2.960e3
225	1.671e3
226	1.464e3
227	1.624e3
228	1.507e3
229	1.580e3
230	1.668e3
231	1.850e3
232	3.823e3
233	3.476e3
234	7.482e3
235	6.855e3
236	5.503e3
237	3.318e3
238	2.904e3
239	2.234e3
240	1.810e3
241	1.709e3
242	1.714e3
243	1.686e3
244	2.141e3
245	2.670e3
246	3.342e3
247	3.485e3
248	2.651e3
249	3.643e3
250	2.295e3
251	2.046e3
252	1.506e3
253	1.537e3
254	1.437e3
255	1.227e3
256	2.620e3
257	1.524e3
258	2.170e3
259	3.316e3
260	1.365e4
261	7.171e3
262	4.051e4
263	1.151e4
264	1.498e4
265	5.766e3
266	2.047e3
267	2.030e3
268	1.158e3
269	1.138e3
270	1.018e3
271	1.359e3
272	1.485e3
273	1.735e3
274	1.805e3
275	3.565e3
276	3.461e3
277	5.161e3
278	8.816e3
279	7.846e3
280	2.266e4
281	1.138e4
282	5.415e3
283	3.231e3
284	1.924e3
285	1.121e3
286	1.071e3
287	1.187e3
288	1.400e3
289	1.408e3
290	1.614e3
291	1.838e3
292	2.925e3
293	2.137e3
294	1.353e3
295	1.192e3
296	8.030e2
297	8.660e2
298	7.260e2
299	6.840e2
300	7.450e2
301	7.320e2
302	7.480e2
303	7.700e2
304	7.960e2
305	9.610e2
306	7.980e2
307	6.890e2
308	6.300e2
309	5.940e2
310	5.770e2
311	6.050e2
312	6.090e2
313	1.382e3
314	7.110e2
315	5.820e2
316	9.630e2
317	6.680e2
318	1.438e3
319	8.360e2
320	9.780e2
321	6.430e2
322	6.980e2
323	8.160e2
324	5.450e2
325	5.970e2
326	4.590e2
327	4.960e2
328	4.720e2
329	4.740e2
330	4.590e2
331	5.360e2
332	6.780e2
333	9.620e2
334	1.919e3
335	1.106e3
336	6.637e3
337	2.734e3
338	2.452e3
339	3.699e3
340	1.090e3
341	1.832e3
342	6.830e2
343	5.640e2
344	4.390e2
345	4.520e2
346	4.170e2
347	5.540e2
348	4.280e2
349	5.870e2
350	4.570e2
351	6.780e2
352	5.410e2
353	4.820e2
354	5.780e2
355	3.595e3
356	1.288e3
357	1.004e3
358	5.290e2
359	4.230e2
360	3.780e2
361	3.700e2
362	3.650e2
363	3.350e2
364	3.410e2
365	3.600e2
366	3.310e2
367	3.860e2
368	3.460e2
369	3.400e2
370	3.620e2
371	3.280e2
372	2.900e2
373	2.960e2
374	2.870e2
375	2.890e2
376	3.160e2
377	3.000e2
378	4.130e2
379	3.590e2
380	4.850e2
381	4.250e2
382	4.000e2
383	3.270e2
384	2.980e2
385	2.750e2
386	2.740e2
387	2.760e2
388	2.700e2
389	2.700e2
390	2.770e2
391	3.410e2
392	3.220e2
393	4.780e2
394	4.210e2
395	3.790e2
396	5.560e2
397	4.920e2
398	3.420e2
399	2.870e2
400	2.730e2
401	3.370e2
402	3.000e2
403	2.850e2
404	2.590e2
405	2.710e2
406	2.750e2
407	2.820e2
408	3.340e2
409	3.760e2
410	3.810e2
411	2.850e2
412	2.830e2
413	2.470e2
414	2.700e2
415	6.560e2
416	4.190e2
417	3.570e2
418	2.750e2
419	2.580e2
420	2.530e2
421	2.770e2
422	2.610e2
423	2.840e2
424	2.370e2
425	2.350e2
426	2.270e2
427	2.200e2
428	2.410e2
429	1.862e3
430	1.414e3
431	8.130e2
432	4.310e2
433	3.140e2
434	2.820e2
435	2.680e2
436	2.700e2
437	2.320e2
438	2.250e2
439	2.080e2
440	1.980e2
441	2.010e2
442	1.880e2
443	2.140e2
444	2.050e2
445	2.290e2
446	4.300e2
447	3.920e2
448	2.980e2
449	3.570e2
450	2.750e2
451	2.490e2
452	2.180e2
453	1.920e2
454	1.720e2
455	1.710e2
456	1.680e2
457	1.900e2
458	1.800e2
459	1.910e2
460	2.060e2
461	2.260e2
462	2.850e2
463	2.880e2
464	2.740e2
465	2.690e2
466	2.250e2
467	1.930e2
468	1.600e2
469	1.710e2
470	1.600e2
471	2.130e2
472	1.820e2
473	2.140e2
474	2.210e2
475	2.880e2
476	3.220e2
477	3.210e2
478	2.860e2
479	2.480e2
480	2.290e2
481	2.010e2
482	1.710e2
483	1.770e2
484	1.710e2
485	2.410e2
486	2.160e2
487	2.470e2
488	2.640e2
489	5.190e2
490	4.290e2
491	4.200e2
492	3.260e2
493	2.540e2
494	2.230e2
495	1.830e2
496	1.680e2
497	1.810e2
498	2.030e2
499	2.720e2
500	2.460e2
501	2.580e2
502	3.660e2
503	7.220e2
504	5.400e2
505	5.050e2
506	3.930e2
507	3.120e2
508	2.340e2
509	1.890e2
510	1.620e2
511	1.970e2
512	1.800e2
513	2.450e2
514	2.240e2
515	2.050e2
516	2.170e2
517	2.310e2
518	2.750e2
519	2.720e2
520	2.820e2
521	2.290e2
522	2.000e2
523	1.930e2
524	1.840e2
525	2.300e2
526	2.050e2
527	2.560e2
528	2.200e2
529	2.060e2
530	2.070e2
531	2.490e2
532	2.440e2
533	2.430e2
534	2.060e2
535	1.930e2
536	1.720e2
537	1.530e2
538	1.440e2
539	1.660e2
540	1.530e2
541	1.790e2
542	1.820e2
543	1.770e2
544	1.900e2
545	2.220e2
546	2.360e2
547	2.330e2
548	2.000e2
549	2.120e2
550	1.770e2
551	2.030e2
552	2.090e2
553	1.710e2
554	1.410e2
555	1.570e2
556	1.530e2
557	1.590e2
558	1.700e2
559	1.790e2
560	1.970e2
561	1.870e2
562	1.710e2
563	3.270e2
564	2.350e2
565	2.080e2
566	1.600e2
567	1.400e2
568	1.350e2
569	1.440e2
570	1.560e2
571	1.750e2
572	2.890e2
573	3.120e2
574	1.031e3
575	1.148e3
576	9.080e2
577	1.268e3
578	1.005e3
579	5.460e2
580	3.120e2
581	1.890e2
582	1.430e2
583	1.310e2
584	1.340e2
585	1.570e2
586	1.770e2
587	1.830e2
588	1.940e2
589	2.300e2
590	2.610e2
591	2.240e2
592	2.140e2
593	1.820e2
594	1.720e2
595	1.940e2
596	4.260e2
597	6.360e2
598	2.912e3
599	2.576e3
600	3.881e3
601	3.631e3
602	3.370e3
603	3.233e3
604	2.314e3
605	1.379e3
606	8.310e2
607	3.810e2
608	2.330e2
609	1.790e2
610	1.640e2
611	1.740e2
612	1.870e2
613	3.250e2
614	4.560e2
615	7.630e2
616	1.444e3
617	1.313e3
618	9.190e2
619	6.700e2
620	3.590e2
621	2.380e2
622	1.600e2
623	1.520e2
624	1.400e2
625	1.400e2
626	1.390e2
627	1.380e2
628	1.580e2
629	1.650e2
630	1.800e2
631	1.920e2
632	1.890e2
633	1.670e2
634	1.540e2
635	1.270e2
636	1.180e2
637	1.880e2
638	1.600e2
639	1.550e2
640	1.320e2
641	1.260e2
642	1.340e2
643	1.370e2
644	1.550e2
645	1.620e2
646	1.470e2
647	1.390e2
648	1.200e2
649	1.140e2
650	1.120e2
651	1.280e2
652	1.260e2
653	1.360e2
654	1.390e2
655	1.480e2
656	1.730e2
657	1.870e2
658	2.130e2
659	2.450e2
660	2.010e2
661	1.880e2
662	1.830e2
663	1.570e2
664	1.250e2
665	1.180e2
666	1.130e2
667	1.200e2
668	1.190e2
669	1.380e2
670	1.540e2
671	1.600e2
672	1.570e2
673	1.610e2
674	1.730e2
675	1.720e2
676	1.560e2
677	1.650e2
678	1.330e2
679	1.200e2
680	1.010e2
681	1.050e2
682	1.160e2
683	1.290e2
684	1.500e2
685	1.660e2
686	1.490e2
687	1.510e2
688	1.500e2
689	1.830e2
690	1.540e2
691	1.230e2
692	1.060e2
693	9.500e1
694	1.070e2
695	1.060e2
696	1.200e2
697	1.450e2
698	1.580e2
699	1.630e2
700	1.490e2
701	1.440e2
702	1.270e2
703	1.100e2
704	1.050e2
705	9.800e1
706	9.200e1
707	9.200e1
708	9.300e1
709	1.020e2
710	1.190e2
711	1.590e2
712	1.670e2
713	1.810e2
714	1.620e2
715	1.490e2
716	1.390e2
717	1.180e2
718	1.090e2
719	1.030e2
720	9.500e1
721	9.200e1
722	9.500e1
723	9.600e1
724	1.140e2
725	1.340e2
726	1.730e2
727	1.820e2
728	1.780e2
729	1.730e2
730	1.610e2
731	1.540e2
732	1.270e2
733	1.140e2
734	9.200e1
735	9.100e1
736	9.700e1
737	1.060e2
738	1.260e2
739	1.480e2
740	2.050e2
741	2.360e2
742	2.370e2
743	2.530e2
744	2.320e2
745	1.940e2
746	1.360e2
747	1.130e2
748	9.500e1
749	9.200e1
750	9.500e1
751	1.090e2
752	1.400e2
753	2.050e2
754	3.520e2
755	3.890e2
756	3.440e2
757	3.200e2
758	2.450e2
759	2.190e2
760	1.510e2
761	1.200e2
762	1.020e2
763	9.700e1
764	1.030e2
765	1.230e2
766	1.830e2
767	2.880e2
768	4.670e2
769	4.720e2
770	4.430e2
771	3.620e2
772	2.500e2
773	2.080e2
774	1.410e2
775	1.220e2
776	1.060e2
777	9.700e1
778	9.700e1
779	1.220e2
780	2.240e2
781	2.800e2
782	3.360e2
783	3.750e2
784	3.520e2
785	2.970e2
786	2.370e2
787	1.960e2
788	1.430e2
789	1.160e2
790	9.600e1
791	9.300e1
792	9.500e1
793	1.540e2
794	3.040e2
795	3.230e2
796	3.530e2
797	3.280e2
798	2.630e2
799	2.200e2
800	1.660e2
801	1.380e2
802	1.090e2
803	9.900e1
804	9.000e1
805	9.500e1
806	1.100e2
807	1.860e2
808	3.500e2
809	3.190e2
810	3.230e2
811	2.740e2
812	2.400e2
813	1.870e2
814	1.380e2
815	1.110e2
816	1.000e2
817	9.300e1
818	9.900e1
819	1.160e2
820	1.210e2
821	1.390e2
822	2.200e2
823	2.050e2
824	1.930e2
825	1.850e2
826	1.610e2
827	1.820e2
828	1.390e2
829	1.350e2
830	1.150e2
831	1.270e2
832	1.110e2
833	1.070e2
834	9.100e1
835	1.010e2
836	1.330e2
837	1.450e2
838	1.430e2
839	1.590e2
840	1.380e2
841	1.380e2
842	1.170e2
843	1.040e2
844	9.600e1
845	9.500e1
846	1.000e2
847	9.700e1
848	8.800e1
849	9.400e1
850	1.090e2
851	1.550e2
852	1.680e2
853	2.940e2
854	5.880e2
855	1.486e3
856	1.102e3
857	8.430e2
858	4.770e2
859	3.080e2
860	1.920e2
861	1.640e2
862	1.320e2
863	1.600e2
864	1.390e2
865	1.770e2
866	1.580e2
867	1.780e2
868	1.590e2
869	1.500e2
870	1.530e2
871	1.390e2
872	1.350e2
873	1.170e2
874	1.090e2
875	1.000e2
876	1.400e2
877	3.450e2
878	1.476e3
879	3.279e3
880	3.496e3
881	4.190e3
882	2.770e3
883	2.451e3
884	1.456e3
885	9.540e2
886	5.530e2
887	2.820e2
888	1.700e2
889	1.150e2
890	1.010e2
891	9.800e1
892	1.210e2
893	1.260e2
894	1.730e2
895	1.610e2
896	1.670e2
897	1.390e2
898	1.240e2
899	9.100e1
900	8.000e1
901	6.300e1
902	5.800e1
903	5.500e1
904	5.200e1
905	5.500e1
906	5.500e1
907	5.500e1
908	5.800e1
909	8.400e1
910	7.500e1
911	1.020e2
912	8.200e1
913	7.600e1
914	6.000e1
915	5.200e1
916	5.000e1
917	4.400e1
918	4.600e1
919	5.300e1
920	5.100e1
921	4.900e1
922	4.500e1
923	4.700e1
924	4.800e1
925	4.600e1
926	4.600e1
927	4.200e1
928	4.200e1
929	4.300e1
930	4.100e1
931	4.100e1
932	4.100e1
933	4.300e1
934	4.500e1
935	4.800e1
936	4.700e1
937	4.600e1
938	5.100e1
939	9.600e1
940	8.100e1
941	7.100e1
942	5.900e1
943	4.800e1
944	4.600e1
945	4.300e1
946	4.200e1
947	4.400e1
948	4.200e1
949	4.400e1
950	4.300e1
951	4.300e1
952	4.400e1
953	4.400e1
954	4.400e1
955	4.300e1
956	4.200e1
957	4.100e1
958	4.000e1
959	4.100e1
960	4.100e1
961	4.100e1
962	4.100e1
963	4.000e1
964	4.100e1
965	4.200e1
966	4.400e1
967	5.000e1
968	4.600e1
969	4.600e1
970	3.900e1
971	4.000e1
972	3.800e1
973	4.000e1
974	4.000e1
975	3.700e1
976	4.100e1
977	3.900e1
978	3.600e1
979	4.100e1
980	3.900e1
981	3.900e1
982	3.900e1
983	3.900e1
984	4.100e1
985	3.800e1
986	4.100e1
987	3.800e1
988	3.900e1
989	3.900e1
990	3.700e1
991	3.800e1
992	3.800e1
993	4.300e1
994	4.400e1
995	4.300e1
996	4.300e1
997	3.900e1
998	3.900e1
999	4.000e1
