60	780
61	355
62	260
63	250
64	272
65	292
66	793
67	9590
68	8814
69	26680
70	6373
71	10460
72	4394
73	656
74	377
75	263
76	244
77	316
78	956
79	4440
80	9959
81	8605
82	11810
83	11210
84	7172
85	4029
86	755
87	488
88	292
89	235
90	226
91	694
92	1241
93	6171
94	10500
95	10610
96	9844
97	12760
98	12050
99	2566
100	639
101	443
102	288
103	316
104	474
105	996
106	2817
107	6358
108	20340
109	12380
110	9147
111	7720
112	4951
113	1315
114	731
115	484
116	595
117	962
118	1316
119	2828
120	4920
121	6604
122	8379
123	8228
124	6294
125	4066
126	2739
127	858
128	573
129	1181
130	608
131	1149
132	1813
133	5253
134	5684
135	7944
136	6900
137	6809
138	4413
139	4711
140	1102
141	828
142	549
143	682
144	790
145	1547
146	1940
147	4372
148	5675
149	6175
150	6619
151	4833
152	4800
153	2198
154	1202
155	906
156	630
157	728
158	868
159	1434
160	1749
161	2946
162	3623
163	3977
164	4050
165	3092
166	2949
167	1230
168	950
169	743
170	741
171	1011
172	1092
173	1435
174	1369
175	1972
176	2656
177	2531
178	3168
179	1734
180	1258
181	963
182	985
183	742
184	775
185	1339
186	1018
187	1117
188	1115
189	1569
190	2438
191	2372
192	2006
193	1137
194	1095
195	800
196	928
197	697
198	703
199	815
200	800
201	860
202	952
203	1481
204	1859
205	1247
206	1391
207	11180
208	3635
209	2897
210	997
211	718
212	640
213	730
214	732
215	726
216	855
217	1005
218	1098
219	954
220	1243
221	1023
222	2036
223	846
224	731
225	613
226	596
227	634
228	677
229	667
230	827
231	883
232	2648
233	1179
234	1306
235	853
236	999
237	668
238	650
239	622
240	576
241	636
242	633
243	672
244	570
245	697
246	742
247	810
248	664
249	706
250	534
251	515
252	472
253	513
254	502
255	501
256	783
257	907
258	907
259	1103
260	2834
261	1077
262	3530
263	1069
264	3332
265	909
266	517
267	594
268	449
269	459
270	461
271	469
272	497
273	622
274	563
275	912
276	1497
277	856
278	2597
279	1165
280	1664
281	3395
282	887
283	756
284	482
285	391
286	399
287	387
288	397
289	400
290	397
291	450
292	396
293	339
294	325
295	318
296	303
297	288
298	268
299	224
300	244
301	258
302	245
303	284
304	248
305	269
306	252
307	225
308	213
309	208
310	203
311	203
312	205
313	264
314	230
315	214
316	270
317	231
318	264
319	225
320	239
321	203
322	189
323	189
324	176
325	184
326	172
327	190
328	166
329	178
330	222
331	212
332	421
333	342
334	623
335	393
336	440
337	312
338	341
339	370
340	244
341	499
342	272
343	235
344	170
345	187
346	154
347	197
348	162
349	186
350	177
351	190
352	194
353	167
354	166
355	1058
356	476
357	380
358	205
359	157
360	137
361	132
362	126
363	126
364	122
365	129
366	126
367	131
368	124
369	125
370	135
371	125
372	117
373	117
374	116
375	118
376	123
377	121
378	123
379	131
380	142
381	133
382	140
383	137
384	120
385	112
386	109
387	113
388	109
389	110
390	110
391	117
392	118
393	142
394	147
395	140
396	150
397	165
398	135
399	114
400	110
401	139
402	124
403	115
404	114
405	108
406	109
407	123
408	133
409	137
410	134
411	120
412	115
413	112
414	109
415	261
416	182
417	173
418	126
419	113
420	110
421	109
422	113
423	124
424	120
425	119
426	108
427	107
428	104
429	533
430	296
431	247
432	152
433	129
434	115
435	107
436	104
437	105
438	104
439	106
440	101
441	98
442	95
443	101
444	100
445	105
446	122
447	127
448	114
449	117
450	119
451	107
452	110
453	100
454	95
455	96
456	95
457	98
458	98
459	99
460	99
461	108
462	107
463	114
464	118
465	113
466	107
467	102
468	98
469	96
470	98
471	97
472	108
473	108
474	100
475	133
476	125
477	124
478	120
479	121
480	114
481	100
482	96
483	97
484	100
485	109
486	118
487	118
488	119
489	195
490	167
491	162
492	142
493	121
494	110
495	114
496	105
497	109
498	108
499	116
500	123
501	125
502	164
503	243
504	213
505	195
506	154
507	143
508	116
509	113
510	108
511	106
512	115
513	107
514	116
515	109
516	119
517	120
518	125
519	131
520	126
521	125
522	113
523	115
524	119
525	134
526	172
527	140
528	136
529	121
530	135
531	127
532	122
533	113
534	110
535	110
536	97
537	100
538	109
539	107
540	118
541	112
542	125
543	128
544	171
545	142
546	136
547	113
548	106
549	113
550	107
551	106
552	123
553	110
554	107
555	100
556	120
557	114
558	115
559	109
560	108
561	106
562	102
563	139
564	131
565	144
566	125
567	103
568	103
569	105
570	119
571	124
572	160
573	221
574	200
575	246
576	212
577	286
578	344
579	189
580	139
581	103
582	98
583	93
584	107
585	101
586	110
587	106
588	119
589	129
590	157
591	173
592	152
593	168
594	241
595	503
596	459
597	505
598	529
599	710
600	544
601	676
602	504
603	673
604	666
605	397
606	309
607	172
608	140
609	124
610	176
611	205
612	334
613	476
614	370
615	424
616	385
617	452
618	283
619	221
620	142
621	117
622	101
623	90
624	94
625	86
626	103
627	91
628	105
629	92
630	95
631	93
632	92
633	87
634	85
635	75
636	76
637	94
638	95
639	91
640	89
641	90
642	86
643	84
644	84
645	89
646	82
647	82
648	79
649	77
650	73
651	78
652	83
653	84
654	85
655	94
656	92
657	98
658	89
659	97
660	91
661	84
662	81
663	82
664	80
665	75
666	80
667	81
668	81
669	84
670	81
671	84
672	82
673	87
674	81
675	76
676	73
677	72
678	69
679	70
680	73
681	77
682	88
683	83
684	86
685	86
686	83
687	85
688	79
689	77
690	71
691	70
692	73
693	72
694	79
695	86
696	86
697	91
698	88
699	92
700	84
701	86
702	74
703	71
704	68
705	66
706	69
707	70
708	83
709	88
710	92
711	94
712	98
713	98
714	90
715	86
716	75
717	72
718	70
719	67
720	72
721	76
722	83
723	91
724	86
725	95
726	92
727	96
728	92
729	92
730	77
731	76
732	72
733	68
734	74
735	81
736	92
737	92
738	95
739	99
740	103
741	104
742	103
743	107
744	92
745	83
746	78
747	78
748	85
749	91
750	111
751	117
752	121
753	117
754	125
755	134
756	114
757	103
758	89
759	90
760	80
761	75
762	91
763	99
764	153
765	157
766	159
767	149
768	161
769	161
770	134
771	116
772	95
773	87
774	81
775	78
776	100
777	110
778	128
779	130
780	138
781	138
782	177
783	167
784	141
785	117
786	99
787	92
788	89
789	90
790	127
791	133
792	136
793	130
794	139
795	149
796	137
797	119
798	102
799	97
800	88
801	81
802	92
803	117
804	361
805	274
806	291
807	210
808	284
809	219
810	204
811	149
812	124
813	98
814	88
815	81
816	92
817	126
818	135
819	127
820	121
821	137
822	124
823	130
824	105
825	106
826	95
827	85
828	79
829	81
830	100
831	92
832	94
833	86
834	89
835	87
836	85
837	84
838	128
839	78
840	71
841	69
842	67
843	68
844	98
845	105
846	102
847	96
848	99
849	115
850	124
851	414
852	320
853	356
854	253
855	337
856	243
857	178
858	117
859	104
860	85
861	79
862	72
863	77
864	78
865	83
866	82
867	82
868	78
869	78
870	71
871	107
872	148
873	927
874	722
875	928
876	677
877	1198
878	846
879	987
880	682
881	879
882	538
883	436
884	265
885	207
886	146
887	98
888	93
889	76
890	80
891	68
892	75
893	67
894	70
895	62
896	62
897	56
898	55
899	51
900	50
901	50
902	48
903	49
904	49
905	54
906	48
907	55
908	48
909	49
910	51
911	49
912	46
913	45
914	41
915	46
916	44
917	43
918	44
919	43
920	44
921	44
922	44
923	44
924	44
925	41
926	42
927	41
928	41
929	43
930	41
931	41
932	43
933	42
934	44
935	43
936	41
937	43
938	44
939	44
940	42
941	43
942	43
943	43
944	41
945	40
946	40
947	42
948	42
949	43
950	41
951	41
952	43
953	43
954	42
955	40
956	38
957	41
958	43
959	43
960	41
961	42
962	41
963	42
964	42
965	42
966	42
967	41
968	42
969	42
970	41
971	42
972	39
973	42
974	39
975	37
976	40
977	40
978	39
979	41
980	40
981	40
982	42
983	42
984	42
985	38
986	37
987	40
988	41
989	42
990	37
991	39
992	41
993	42
994	41
995	42
996	41
997	41
998	40
999	39
