60	1038
61	395
62	272
63	259
64	288
65	316
66	918
67	11220
68	9845
69	29400
70	8321
71	11920
72	5311
73	895
74	532
75	310
76	271
77	355
78	1080
79	5488
80	11220
81	9784
82	13450
83	12710
84	8478
85	6267
86	1045
87	631
88	366
89	280
90	263
91	843
92	1404
93	7529
94	12050
95	12140
96	11800
97	14530
98	15990
99	3673
100	780
101	552
102	415
103	412
104	568
105	1019
106	3761
107	7561
108	24800
109	13720
110	10810
111	8980
112	6721
113	1908
114	2207
115	663
116	740
117	930
118	1215
119	4125
120	5855
121	7721
122	9693
123	9257
124	7417
125	5320
126	5431
127	1135
128	773
129	1374
130	728
131	1215
132	2815
133	6109
134	6596
135	9048
136	8017
137	7677
138	5757
139	5798
140	1608
141	973
142	691
143	815
144	1086
145	1617
146	2925
147	5204
148	6418
149	7214
150	7736
151	6072
152	6137
153	2696
154	1789
155	1053
156	735
157	864
158	1025
159	1581
160	2649
161	4006
162	4711
163	5122
164	5278
165	3856
166	3870
167	1754
168	1190
169	889
170	869
171	1102
172	1177
173	1912
174	1707
175	2931
176	3523
177	3185
178	4008
179	2227
180	2029
181	1159
182	1280
183	902
184	929
185	1795
186	1153
187	1193
188	1243
189	2343
190	3028
191	3127
192	2620
193	1554
194	1510
195	964
196	1158
197	852
198	858
199	998
200	989
201	1041
202	1118
203	2222
204	2479
205	1781
206	2018
207	14780
208	5252
209	4178
210	1381
211	901
212	789
213	894
214	898
215	873
216	1016
217	1222
218	1308
219	1108
220	1837
221	1216
222	3055
223	1099
224	940
225	752
226	734
227	776
228	823
229	804
230	987
231	1065
232	3180
233	1563
234	1788
235	1101
236	1359
237	823
238	792
239	750
240	709
241	772
242	775
243	799
244	695
245	823
246	912
247	1003
248	790
249	875
250	661
251	622
252	580
253	613
254	611
255	599
256	951
257	843
258	1152
259	1182
260	3608
261	1420
262	4195
263	1227
264	4434
265	1108
266	640
267	733
268	539
269	556
270	542
271	569
272	587
273	747
274	727
275	1011
276	2955
277	1044
278	4067
279	1451
280	2888
281	4622
282	1103
283	936
284	600
285	489
286	486
287	497
288	483
289	526
290	490
291	584
292	481
293	423
294	396
295	396
296	374
297	351
298	330
299	270
300	302
301	315
302	306
303	347
304	307
305	325
306	310
307	276
308	261
309	253
310	248
311	245
312	259
313	326
314	281
315	262
316	336
317	291
318	321
319	277
320	289
321	247
322	231
323	231
324	209
325	222
326	206
327	234
328	203
329	214
330	271
331	256
332	515
333	418
334	688
335	491
336	525
337	381
338	408
339	458
340	298
341	638
342	341
343	291
344	208
345	227
346	187
347	239
348	196
349	229
350	217
351	233
352	233
353	198
354	197
355	1175
356	537
357	438
358	239
359	185
360	163
361	158
362	150
363	148
364	145
365	152
366	150
367	154
368	148
369	148
370	158
371	149
372	140
373	139
374	135
375	138
376	143
377	144
378	145
379	154
380	167
381	156
382	165
383	159
384	140
385	133
386	128
387	129
388	130
389	134
390	129
391	138
392	139
393	165
394	169
395	163
396	175
397	193
398	157
399	131
400	129
401	170
402	149
403	135
404	132
405	126
406	126
407	141
408	154
409	157
410	156
411	139
412	131
413	129
414	123
415	328
416	220
417	206
418	149
419	133
420	128
421	126
422	131
423	145
424	137
425	136
426	122
427	121
428	117
429	622
430	346
431	290
432	177
433	150
434	133
435	125
436	120
437	120
438	118
439	122
440	117
441	111
442	109
443	117
444	113
445	125
446	156
447	153
448	135
449	141
450	140
451	123
452	128
453	114
454	109
455	109
456	107
457	108
458	110
459	114
460	113
461	126
462	124
463	134
464	137
465	133
466	124
467	115
468	112
469	110
470	115
471	113
472	122
473	122
474	116
475	162
476	147
477	147
478	140
479	138
480	131
481	116
482	110
483	109
484	114
485	122
486	134
487	138
488	137
489	238
490	203
491	193
492	164
493	140
494	129
495	130
496	118
497	122
498	124
499	134
500	141
501	145
502	183
503	291
504	253
505	231
506	181
507	164
508	134
509	125
510	122
511	118
512	129
513	122
514	131
515	126
516	138
517	139
518	145
519	150
520	144
521	142
522	128
523	131
524	134
525	151
526	199
527	160
528	158
529	142
530	161
531	149
532	140
533	129
534	124
535	127
536	110
537	115
538	123
539	120
540	132
541	127
542	144
543	151
544	202
545	164
546	156
547	130
548	121
549	132
550	122
551	122
552	139
553	124
554	119
555	112
556	138
557	131
558	133
559	124
560	123
561	119
562	115
563	160
564	149
565	169
566	142
567	116
568	115
569	117
570	138
571	139
572	181
573	265
574	237
575	280
576	242
577	326
578	392
579	216
580	154
581	115
582	109
583	103
584	121
585	113
586	122
587	118
588	137
589	145
590	179
591	195
592	171
593	196
594	286
595	652
596	568
597	638
598	651
599	892
600	668
601	821
602	603
603	792
604	794
605	466
606	359
607	196
608	159
609	142
610	211
611	247
612	405
613	564
614	449
615	502
616	459
617	523
618	325
619	251
620	158
621	128
622	112
623	102
624	106
625	98
626	117
627	103
628	117
629	104
630	105
631	99
632	101
633	94
634	91
635	83
636	82
637	103
638	107
639	101
640	99
641	99
642	94
643	90
644	91
645	95
646	90
647	86
648	85
649	83
650	80
651	84
652	90
653	93
654	94
655	101
656	100
657	106
658	97
659	107
660	96
661	92
662	86
663	90
664	86
665	81
666	87
667	89
668	90
669	92
670	91
671	91
672	89
673	94
674	87
675	87
676	83
677	80
678	76
679	75
680	80
681	83
682	94
683	91
684	93
685	92
686	92
687	93
688	85
689	83
690	78
691	74
692	78
693	76
694	86
695	92
696	93
697	102
698	99
699	102
700	92
701	92
702	78
703	78
704	73
705	71
706	74
707	76
708	90
709	95
710	98
711	104
712	109
713	109
714	100
715	92
716	80
717	77
718	74
719	71
720	76
721	81
722	90
723	101
724	94
725	103
726	100
727	104
728	102
729	97
730	83
731	81
732	76
733	74
734	79
735	87
736	99
737	99
738	102
739	110
740	113
741	114
742	109
743	117
744	98
745	88
746	82
747	82
748	94
749	100
750	122
751	130
752	132
753	131
754	137
755	143
756	123
757	111
758	96
759	96
760	84
761	80
762	99
763	107
764	166
765	170
766	172
767	160
768	178
769	171
770	145
771	125
772	102
773	93
774	88
775	85
776	110
777	122
778	143
779	141
780	149
781	151
782	190
783	174
784	149
785	127
786	106
787	99
788	95
789	97
790	138
791	144
792	147
793	141
794	153
795	163
796	147
797	131
798	111
799	105
800	93
801	87
802	98
803	125
804	398
805	301
806	318
807	232
808	312
809	235
810	216
811	161
812	133
813	104
814	95
815	87
816	101
817	136
818	148
819	139
820	132
821	148
822	137
823	141
824	114
825	114
826	101
827	90
828	83
829	85
830	110
831	101
832	102
833	94
834	98
835	97
836	91
837	92
838	137
839	83
840	78
841	74
842	69
843	72
844	106
845	112
846	111
847	104
848	109
849	126
850	132
851	429
852	334
853	369
854	263
855	345
856	249
857	180
858	123
859	110
860	92
861	82
862	76
863	82
864	83
865	87
866	88
867	88
868	85
869	83
870	77
871	116
872	159
873	963
874	745
875	974
876	673
877	1242
878	890
879	1003
880	675
881	891
882	531
883	450
884	275
885	213
886	153
887	104
888	102
889	84
890	85
891	75
892	84
893	75
894	76
895	66
896	66
897	60
898	59
899	54
900	52
901	53
902	50
903	51
904	52
905	56
906	52
907	60
908	49
909	51
910	55
911	51
912	47
913	46
914	45
915	48
916	46
917	45
918	44
919	46
920	45
921	45
922	48
923	47
924	46
925	44
926	44
927	44
928	43
929	45
930	43
931	44
932	43
933	44
934	47
935	45
936	46
937	44
938	46
939	46
940	44
941	44
942	45
943	45
944	44
945	42
946	43
947	44
948	45
949	45
950	44
951	43
952	44
953	43
954	44
955	42
956	41
957	44
958	43
959	44
960	42
961	44
962	43
963	44
964	44
965	44
966	43
967	42
968	44
969	45
970	42
971	43
972	40
973	41
974	42
975	40
976	42
977	42
978	41
979	45
980	43
981	42
982	44
983	43
984	44
985	39
986	41
987	43
988	43
989	43
990	39
991	42
992	40
993	43
994	44
995	44
996	44
997	43
998	42
999	41
