60	1645
61	467
62	303
63	313
64	278
65	440
66	854
67	9712
68	10700
69	23630
70	10290
71	16830
72	6396
73	982
74	507
75	295
76	265
77	451
78	790
79	4183
80	9074
81	12730
82	17950
83	15070
84	11220
85	9933
86	1204
87	726
88	360
89	293
90	278
91	766
92	1058
93	7207
94	9916
95	12400
96	18680
97	15130
98	27200
99	7361
100	1299
101	645
102	385
103	384
104	530
105	890
106	3360
107	5574
108	8160
109	9623
110	15340
111	15500
112	10360
113	5250
114	2446
115	699
116	1332
117	920
118	1073
119	3317
120	5050
121	6463
122	7944
123	8820
124	11460
125	9168
126	5381
127	1412
128	721
129	2486
130	671
131	919
132	1135
133	4257
134	5845
135	8261
136	7895
137	9924
138	8387
139	12140
140	2673
141	803
142	610
143	733
144	716
145	933
146	1061
147	2762
148	4864
149	6785
150	9806
151	8725
152	8606
153	2204
154	1346
155	725
156	528
157	615
158	692
159	852
160	908
161	1172
162	1793
163	2007
164	4849
165	3672
166	1873
167	800
168	745
169	625
170	564
171	716
172	749
173	752
174	756
175	893
176	857
177	953
178	1627
179	777
180	750
181	609
182	675
183	542
184	599
185	807
186	674
187	598
188	610
189	634
190	709
191	776
192	702
193	659
194	591
195	597
196	587
197	528
198	488
199	534
200	536
201	502
202	520
203	510
204	570
205	618
206	628
207	3860
208	853
209	745
210	598
211	519
212	447
213	444
214	440
215	421
216	460
217	482
218	501
219	688
220	625
221	674
222	628
223	620
224	536
225	484
226	444
227	410
228	431
229	427
230	433
231	455
232	537
233	615
234	703
235	1434
236	1111
237	1096
238	631
239	647
240	605
241	447
242	422
243	457
244	475
245	515
246	626
247	741
248	723
249	688
250	776
251	575
252	634
253	519
254	567
255	481
256	478
257	735
258	567
259	657
260	2107
261	2075
262	4633
263	4579
264	3558
265	3141
266	1598
267	794
268	506
269	439
270	441
271	468
272	518
273	605
274	743
275	821
276	1032
277	1082
278	2279
279	2464
280	3534
281	4039
282	2130
283	1353
284	671
285	624
286	529
287	523
288	602
289	649
290	642
291	719
292	740
293	1080
294	819
295	652
296	556
297	465
298	444
299	397
300	440
301	437
302	431
303	419
304	455
305	477
306	506
307	471
308	422
309	377
310	378
311	353
312	372
313	436
314	720
315	447
316	375
317	458
318	424
319	650
320	459
321	553
322	407
323	436
324	436
325	327
326	332
327	301
328	290
329	284
330	304
331	311
332	361
333	528
334	537
335	1103
336	843
337	2575
338	1340
339	1462
340	1258
341	565
342	444
343	304
344	276
345	284
346	302
347	306
348	387
349	323
350	488
351	342
352	410
353	374
354	333
355	418
356	408
357	335
358	293
359	268
360	253
361	268
362	258
363	279
364	254
365	259
366	259
367	266
368	304
369	258
370	245
371	232
372	263
373	224
374	225
375	236
376	240
377	241
378	237
379	311
380	284
381	441
382	357
383	588
384	406
385	260
386	221
387	210
388	218
389	216
390	219
391	229
392	277
393	291
394	372
395	580
396	476
397	1360
398	762
399	380
400	248
401	249
402	229
403	227
404	219
405	213
406	216
407	222
408	280
409	305
410	370
411	357
412	286
413	284
414	223
415	302
416	262
417	441
418	270
419	210
420	196
421	204
422	230
423	254
424	271
425	237
426	208
427	175
428	186
429	198
430	308
431	311
432	242
433	194
434	197
435	212
436	201
437	217
438	197
439	191
440	174
441	158
442	162
443	153
444	155
445	156
446	173
447	221
448	272
449	232
450	302
451	224
452	200
453	170
454	151
455	144
456	137
457	139
458	145
459	144
460	142
461	164
462	180
463	220
464	216
465	227
466	214
467	171
468	148
469	132
470	131
471	134
472	149
473	153
474	164
475	186
476	201
477	233
478	233
479	221
480	203
481	212
482	160
483	140
484	134
485	128
486	166
487	152
488	205
489	221
490	249
491	267
492	254
493	225
494	177
495	180
496	141
497	141
498	138
499	183
500	195
501	206
502	200
503	255
504	271
505	289
506	286
507	289
508	187
509	159
510	134
511	130
512	152
513	134
514	180
515	147
516	154
517	165
518	188
519	217
520	203
521	217
522	170
523	158
524	133
525	145
526	158
527	153
528	184
529	158
530	155
531	155
532	173
533	174
534	174
535	157
536	135
537	133
538	120
539	117
540	131
541	123
542	145
543	142
544	140
545	149
546	174
547	173
548	155
549	140
550	140
551	148
552	279
553	182
554	126
555	117
556	118
557	130
558	121
559	127
560	143
561	139
562	138
563	131
564	136
565	117
566	112
567	107
568	299
569	112
570	108
571	121
572	140
573	285
574	262
575	1434
576	1053
577	1138
578	1483
579	687
580	343
581	182
582	120
583	109
584	102
585	106
586	134
587	134
588	143
589	154
590	193
591	198
592	165
593	152
594	121
595	131
596	146
597	300
598	380
599	1918
600	1483
601	2961
602	1988
603	2148
604	2111
605	1151
606	568
607	293
608	172
609	120
610	110
611	109
612	137
613	141
614	244
615	285
616	432
617	732
618	517
619	418
620	260
621	180
622	134
623	99
624	95
625	90
626	98
627	98
628	106
629	121
630	130
631	147
632	149
633	138
634	131
635	110
636	94
637	85
638	90
639	88
640	84
641	82
642	90
643	97
644	100
645	118
646	108
647	110
648	98
649	96
650	89
651	89
652	92
653	90
654	93
655	93
656	91
657	104
658	106
659	129
660	113
661	113
662	111
663	105
664	96
665	89
666	82
667	79
668	81
669	81
670	94
671	99
672	101
673	102
674	105
675	107
676	98
677	101
678	103
679	89
680	77
681	79
682	82
683	83
684	92
685	102
686	106
687	104
688	102
689	99
690	92
691	92
692	82
693	80
694	77
695	77
696	80
697	85
698	90
699	102
700	97
701	99
702	99
703	92
704	85
705	80
706	79
707	73
708	71
709	75
710	78
711	78
712	97
713	99
714	107
715	109
716	104
717	98
718	92
719	84
720	81
721	75
722	76
723	73
724	72
725	87
726	91
727	103
728	119
729	119
730	119
731	115
732	111
733	117
734	89
735	75
736	74
737	74
738	79
739	88
740	100
741	122
742	136
743	147
744	154
745	152
746	128
747	102
748	90
749	84
750	76
751	76
752	85
753	96
754	131
755	174
756	199
757	194
758	192
759	161
760	133
761	106
762	91
763	83
764	76
765	79
766	89
767	113
768	168
769	239
770	248
771	248
772	215
773	151
774	131
775	100
776	88
777	81
778	74
779	73
780	93
781	134
782	162
783	188
784	213
785	213
786	192
787	144
788	115
789	87
790	78
791	75
792	75
793	80
794	110
795	169
796	178
797	198
798	187
799	164
800	131
801	110
802	95
803	80
804	80
805	78
806	82
807	86
808	118
809	190
810	190
811	183
812	160
813	146
814	119
815	100
816	90
817	78
818	78
819	83
820	82
821	90
822	92
823	123
824	122
825	122
826	117
827	112
828	109
829	105
830	104
831	92
832	98
833	85
834	85
835	75
836	81
837	94
838	105
839	106
840	128
841	114
842	235
843	99
844	85
845	73
846	73
847	73
848	75
849	74
850	76
851	87
852	111
853	128
854	254
855	419
856	1133
857	848
858	698
859	403
860	263
861	156
862	119
863	90
864	106
865	101
866	128
867	118
868	129
869	112
870	115
871	109
872	99
873	90
874	85
875	80
876	85
877	110
878	282
879	547
880	1610
881	1589
882	1892
883	1451
884	1162
885	772
886	506
887	294
888	159
889	108
890	78
891	83
892	71
893	93
894	90
895	113
896	105
897	103
898	91
899	83
900	68
901	65
902	59
903	53
904	52
905	54
906	53
907	51
908	55
909	59
910	81
911	73
912	87
913	77
914	68
915	60
916	55
917	55
918	55
919	50
920	52
921	53
922	53
923	54
924	52
925	55
926	53
927	53
928	51
929	48
930	51
931	49
932	49
933	46
934	47
935	50
936	51
937	49
938	48
939	48
940	54
941	51
942	48
943	48
944	49
945	51
946	49
947	49
948	49
949	45
950	50
951	47
952	46
953	48
954	47
955	51
956	51
957	49
958	48
959	45
960	48
961	46
962	46
963	47
964	44
965	50
966	47
967	49
968	52
969	46
970	51
971	48
972	46
973	46
974	45
975	45
976	49
977	48
978	48
979	43
980	49
981	49
982	47
983	47
984	44
985	48
986	46
987	47
988	49
989	46
990	45
991	44
992	46
993	46
994	43
995	43
996	44
997	42
998	44
999	45
