60	2528
61	466
62	297
63	285
64	265
65	393
66	781
67	8686
68	10140
69	18050
70	11700
71	21450
72	9503
73	1330
74	522
75	298
76	286
77	410
78	616
79	2415
80	7086
81	11530
82	18590
83	20390
84	15920
85	11310
86	2216
87	734
88	356
89	289
90	271
91	672
92	954
93	6100
94	9432
95	12100
96	20110
97	22690
98	75550
99	9242
100	2041
101	773
102	423
103	434
104	528
105	829
106	1731
107	5264
108	8567
109	9413
110	16830
111	15840
112	17640
113	5638
114	2816
115	862
116	2739
117	1010
118	1141
119	4220
120	4711
121	6754
122	10450
123	9571
124	13440
125	9102
126	10700
127	4983
128	1360
129	5085
130	880
131	989
132	1272
133	4735
134	6041
135	7403
136	10020
137	10800
138	11560
139	8353
140	5110
141	4982
142	1706
143	1097
144	964
145	1186
146	1569
147	4433
148	5720
149	6581
150	9106
151	13320
152	13740
153	7304
154	7420
155	7783
156	1912
157	1046
158	1084
159	1193
160	1410
161	3681
162	4403
163	4887
164	7394
165	8049
166	9869
167	6196
168	4601
169	2893
170	1133
171	1898
172	2187
173	1254
174	1280
175	2793
176	3312
177	4105
178	6225
179	5446
180	6254
181	3615
182	2786
183	1928
184	1618
185	3922
186	1926
187	1108
188	1137
189	1691
190	2261
191	3130
192	4659
193	4520
194	4538
195	2508
196	2017
197	1118
198	1012
199	1243
200	1064
201	960
202	996
203	1175
204	1240
205	2254
206	3751
207	8878
208	5995
209	4072
210	1813
211	965
212	844
213	923
214	965
215	843
216	891
217	1009
218	1096
219	1591
220	5251
221	4238
222	4090
223	1619
224	999
225	863
226	856
227	871
228	904
229	815
230	752
231	816
232	922
233	890
234	2592
235	3349
236	4641
237	1833
238	1044
239	1010
240	1279
241	861
242	918
243	763
244	690
245	860
246	2375
247	1226
248	953
249	1538
250	895
251	766
252	724
253	757
254	673
255	621
256	783
257	661
258	668
259	835
260	1814
261	2342
262	13890
263	10740
264	30100
265	11230
266	1197
267	1329
268	643
269	553
270	538
271	546
272	562
273	601
274	659
275	728
276	704
277	931
278	1027
279	3376
280	3951
281	6696
282	3380
283	983
284	683
285	535
286	484
287	434
288	492
289	442
290	534
291	470
292	509
293	478
294	498
295	565
296	424
297	379
298	345
299	335
300	332
301	365
302	337
303	337
304	332
305	338
306	334
307	347
308	328
309	310
310	291
311	284
312	292
313	371
314	367
315	284
316	282
317	273
318	369
319	339
320	389
321	393
322	357
323	397
324	375
325	292
326	257
327	244
328	213
329	209
330	219
331	230
332	252
333	288
334	346
335	380
336	656
337	728
338	2759
339	3774
340	1597
341	900
342	443
343	279
344	210
345	216
346	205
347	246
348	279
349	239
350	248
351	259
352	262
353	244
354	272
355	502
356	358
357	351
358	273
359	214
360	208
361	200
362	205
363	204
364	198
365	208
366	206
367	230
368	215
369	196
370	189
371	183
372	194
373	180
374	184
375	201
376	199
377	206
378	201
379	213
380	282
381	395
382	350
383	293
384	223
385	184
386	180
387	181
388	184
389	194
390	203
391	230
392	216
393	412
394	473
395	293
396	263
397	280
398	219
399	200
400	186
401	211
402	196
403	209
404	231
405	226
406	218
407	215
408	228
409	227
410	253
411	279
412	237
413	305
414	225
415	270
416	237
417	227
418	215
419	227
420	197
421	208
422	231
423	234
424	278
425	237
426	203
427	170
428	170
429	296
430	284
431	428
432	275
433	231
434	243
435	247
436	298
437	363
438	257
439	233
440	179
441	164
442	163
443	155
444	166
445	167
446	199
447	321
448	445
449	536
450	845
451	420
452	284
453	217
454	173
455	155
456	150
457	152
458	151
459	151
460	152
461	187
462	226
463	304
464	320
465	319
466	288
467	226
468	181
469	151
470	146
471	151
472	148
473	161
474	189
475	226
476	280
477	390
478	401
479	422
480	338
481	359
482	222
483	175
484	155
485	164
486	164
487	161
488	192
489	225
490	331
491	416
492	405
493	483
494	324
495	321
496	203
497	168
498	160
499	168
500	173
501	220
502	243
503	348
504	393
505	454
506	710
507	1141
508	553
509	372
510	229
511	181
512	168
513	159
514	168
515	155
516	180
517	188
518	240
519	302
520	389
521	847
522	520
523	368
524	230
525	184
526	166
527	183
528	196
529	246
530	301
531	230
532	233
533	260
534	281
535	377
536	243
537	204
538	164
539	158
540	149
541	163
542	156
543	181
544	183
545	196
546	215
547	249
548	223
549	214
550	202
551	185
552	242
553	172
554	137
555	134
556	127
557	141
558	141
559	168
560	274
561	214
562	196
563	189
564	193
565	163
566	148
567	137
568	165
569	121
570	126
571	131
572	149
573	191
574	236
575	737
576	839
577	2363
578	2900
579	1268
580	553
581	249
582	148
583	130
584	119
585	126
586	126
587	145
588	164
589	219
590	322
591	243
592	198
593	161
594	130
595	157
596	163
597	233
598	270
599	588
600	1044
601	3581
602	4761
603	31020
604	28870
605	7417
606	3570
607	1303
608	462
609	241
610	163
611	142
612	136
613	132
614	153
615	169
616	266
617	341
618	478
619	490
620	399
621	654
622	387
623	185
624	123
625	100
626	91
627	90
628	95
629	110
630	120
631	170
632	182
633	176
634	170
635	127
636	108
637	93
638	90
639	88
640	85
641	78
642	82
643	90
644	97
645	122
646	124
647	133
648	126
649	117
650	99
651	88
652	88
653	84
654	88
655	89
656	90
657	92
658	106
659	122
660	113
661	132
662	118
663	137
664	99
665	89
666	79
667	74
668	78
669	79
670	84
671	85
672	90
673	109
674	104
675	114
676	105
677	95
678	84
679	79
680	70
681	75
682	72
683	72
684	75
685	86
686	95
687	108
688	104
689	108
690	99
691	89
692	81
693	74
694	72
695	69
696	75
697	72
698	84
699	95
700	91
701	112
702	110
703	116
704	100
705	96
706	81
707	74
708	67
709	73
710	73
711	72
712	84
713	98
714	105
715	126
716	126
717	139
718	116
719	104
720	92
721	74
722	75
723	69
724	71
725	75
726	81
727	103
728	120
729	151
730	151
731	194
732	152
733	141
734	105
735	81
736	70
737	68
738	70
739	75
740	86
741	112
742	133
743	159
744	183
745	274
746	210
747	168
748	118
749	92
750	79
751	73
752	73
753	82
754	102
755	126
756	167
757	198
758	222
759	370
760	274
761	187
762	126
763	92
764	84
765	77
766	84
767	84
768	104
769	128
770	205
771	224
772	247
773	346
774	267
775	182
776	121
777	96
778	87
779	76
780	83
781	83
782	98
783	109
784	166
785	189
786	212
787	295
788	220
789	160
790	116
791	97
792	81
793	76
794	78
795	84
796	98
797	106
798	141
799	149
800	153
801	186
802	156
803	124
804	102
805	88
806	77
807	73
808	78
809	81
810	98
811	103
812	125
813	135
814	126
815	126
816	117
817	92
818	80
819	77
820	68
821	75
822	71
823	73
824	81
825	88
826	99
827	102
828	104
829	107
830	94
831	85
832	78
833	72
834	73
835	68
836	67
837	66
838	74
839	91
840	108
841	157
842	170
843	123
844	97
845	80
846	76
847	73
848	69
849	71
850	67
851	68
852	74
853	89
854	104
855	184
856	204
857	296
858	312
859	397
860	375
861	215
862	119
863	82
864	82
865	141
866	187
867	439
868	507
869	311
870	220
871	153
872	121
873	99
874	101
875	100
876	93
877	110
878	120
879	198
880	249
881	598
882	653
883	1348
884	1330
885	2415
886	1988
887	1203
888	567
889	277
890	138
891	97
892	82
893	77
894	76
895	84
896	92
897	98
898	121
899	125
900	138
901	139
902	104
903	71
904	56
905	55
906	53
907	53
908	52
909	60
910	59
911	61
912	65
913	65
914	68
915	61
916	58
917	58
918	55
919	54
920	50
921	50
922	52
923	52
924	54
925	52
926	56
927	54
928	52
929	50
930	46
931	49
932	48
933	50
934	52
935	48
936	50
937	49
938	50
939	50
940	47
941	50
942	49
943	51
944	50
945	48
946	49
947	48
948	52
949	50
950	48
951	50
952	50
953	51
954	51
955	47
956	50
957	48
958	50
959	49
960	45
961	49
962	48
963	49
964	47
965	46
966	46
967	49
968	49
969	46
970	46
971	47
972	45
973	50
974	49
975	43
976	49
977	47
978	47
979	45
980	47
981	47
982	48
983	45
984	46
985	47
986	48
987	49
988	49
989	49
990	44
991	43
992	45
993	47
994	45
995	43
996	44
997	45
998	45
999	43
