60	2729
61	446
62	278
63	271
64	248
65	375
66	730
67	7924
68	9604
69	17890
70	11340
71	22530
72	8945
73	1991
74	525
75	294
76	258
77	385
78	568
79	1996
80	6113
81	10800
82	17370
83	20450
84	15470
85	11230
86	2038
87	737
88	353
89	283
90	262
91	607
92	848
93	5456
94	8657
95	11340
96	19140
97	23290
98	68490
99	8728
100	1873
101	763
102	414
103	401
104	476
105	736
106	1273
107	4443
108	7946
109	8618
110	15740
111	15690
112	16520
113	5205
114	2608
115	850
116	2289
117	888
118	987
119	2472
120	4301
121	6146
122	9229
123	8910
124	12740
125	9064
126	10030
127	5084
128	1598
129	4543
130	779
131	848
132	1099
133	4183
134	5681
135	6846
136	8933
137	9982
138	10870
139	8404
140	4741
141	4942
142	1720
143	1251
144	856
145	1017
146	1275
147	3712
148	5254
149	6102
150	8364
151	12330
152	13090
153	6989
154	7137
155	7165
156	1851
157	1048
158	959
159	1028
160	1202
161	2543
162	3846
163	4379
164	6800
165	7387
166	9456
167	5954
168	4261
169	2378
170	1018
171	1692
172	1787
173	1106
174	1112
175	1971
176	2189
177	3520
178	5333
179	4827
180	5749
181	3538
182	2459
183	1783
184	1570
185	3641
186	1696
187	981
188	997
189	1514
190	1765
191	2365
192	3843
193	4039
194	4445
195	2146
196	1905
197	1345
198	917
199	1168
200	958
201	863
202	877
203	1030
204	1173
205	1819
206	2651
207	7530
208	5206
209	3141
210	1700
211	875
212	751
213	840
214	872
215	738
216	788
217	896
218	974
219	1552
220	4780
221	3740
222	4187
223	1707
224	998
225	787
226	782
227	778
228	820
229	719
230	670
231	720
232	818
233	793
234	2189
235	2789
236	4128
237	2121
238	1650
239	1335
240	1372
241	780
242	1036
243	674
244	621
245	752
246	2242
247	1441
248	1003
249	1614
250	833
251	709
252	676
253	681
254	619
255	567
256	796
257	606
258	601
259	717
260	1765
261	2091
262	16630
263	9957
264	34260
265	13530
266	2271
267	1503
268	615
269	512
270	488
271	494
272	495
273	553
274	594
275	671
276	651
277	877
278	1458
279	3191
280	4755
281	6185
282	3801
283	1055
284	685
285	519
286	450
287	395
288	453
289	419
290	498
291	446
292	491
293	469
294	477
295	537
296	404
297	352
298	316
299	308
300	310
301	341
302	318
303	314
304	313
305	329
306	323
307	333
308	313
309	298
310	277
311	264
312	273
313	373
314	362
315	271
316	268
317	258
318	359
319	331
320	391
321	391
322	353
323	398
324	362
325	288
326	252
327	236
328	203
329	201
330	212
331	222
332	244
333	284
334	341
335	379
336	748
337	796
338	2793
339	3892
340	1613
341	871
342	444
343	264
344	203
345	208
346	198
347	241
348	271
349	237
350	242
351	257
352	264
353	240
354	265
355	456
356	339
357	353
358	271
359	207
360	209
361	200
362	204
363	203
364	196
365	207
366	202
367	232
368	209
369	187
370	184
371	179
372	187
373	174
374	183
375	197
376	202
377	208
378	200
379	211
380	282
381	386
382	339
383	293
384	216
385	179
386	173
387	179
388	188
389	196
390	205
391	234
392	212
393	406
394	439
395	284
396	262
397	270
398	212
399	200
400	182
401	205
402	197
403	209
404	235
405	231
406	222
407	216
408	221
409	221
410	246
411	268
412	223
413	271
414	212
415	254
416	226
417	225
418	212
419	226
420	200
421	210
422	231
423	231
424	273
425	236
426	198
427	165
428	169
429	271
430	276
431	395
432	262
433	235
434	243
435	244
436	303
437	366
438	264
439	237
440	178
441	165
442	164
443	158
444	161
445	166
446	188
447	320
448	448
449	610
450	777
451	402
452	288
453	224
454	174
455	155
456	150
457	152
458	151
459	152
460	157
461	190
462	233
463	327
464	329
465	344
466	310
467	237
468	187
469	152
470	147
471	150
472	153
473	165
474	193
475	232
476	290
477	436
478	444
479	441
480	354
481	391
482	234
483	180
484	154
485	165
486	164
487	163
488	196
489	226
490	345
491	458
492	431
493	497
494	339
495	345
496	216
497	177
498	164
499	170
500	176
501	223
502	239
503	342
504	392
505	488
506	788
507	1184
508	616
509	409
510	241
511	189
512	178
513	167
514	175
515	164
516	185
517	201
518	249
519	314
520	472
521	886
522	566
523	400
524	247
525	196
526	171
527	196
528	208
529	265
530	313
531	240
532	248
533	275
534	297
535	407
536	266
537	221
538	175
539	167
540	160
541	175
542	171
543	194
544	199
545	213
546	228
547	278
548	245
549	230
550	224
551	200
552	273
553	185
554	148
555	144
556	136
557	147
558	148
559	181
560	262
561	219
562	206
563	195
564	210
565	172
566	154
567	141
568	169
569	123
570	129
571	141
572	158
573	208
574	254
575	775
576	980
577	2817
578	3496
579	1451
580	651
581	276
582	163
583	137
584	128
585	134
586	137
587	158
588	175
589	244
590	363
591	279
592	221
593	176
594	142
595	178
596	186
597	256
598	286
599	700
600	1222
601	3993
602	5767
603	40470
604	34620
605	10320
606	4266
607	1510
608	605
609	272
610	183
611	153
612	145
613	143
614	164
615	188
616	281
617	386
618	544
619	568
620	513
621	770
622	502
623	223
624	136
625	105
626	95
627	93
628	103
629	118
630	130
631	192
632	201
633	202
634	191
635	139
636	119
637	98
638	95
639	89
640	90
641	83
642	88
643	99
644	101
645	137
646	133
647	151
648	139
649	132
650	109
651	93
652	93
653	91
654	94
655	99
656	94
657	102
658	115
659	137
660	128
661	146
662	135
663	153
664	108
665	96
666	82
667	80
668	82
669	84
670	87
671	96
672	98
673	122
674	115
675	126
676	118
677	105
678	90
679	82
680	74
681	80
682	76
683	79
684	83
685	94
686	100
687	121
688	114
689	121
690	106
691	93
692	87
693	82
694	77
695	73
696	77
697	76
698	90
699	102
700	98
701	127
702	123
703	130
704	112
705	105
706	87
707	81
708	72
709	76
710	77
711	77
712	87
713	107
714	115
715	144
716	142
717	162
718	133
719	117
720	104
721	83
722	80
723	73
724	75
725	78
726	85
727	113
728	135
729	172
730	174
731	234
732	183
733	165
734	121
735	91
736	77
737	72
738	76
739	82
740	91
741	130
742	152
743	187
744	217
745	337
746	252
747	204
748	138
749	103
750	86
751	82
752	80
753	86
754	110
755	140
756	193
757	234
758	263
759	471
760	333
761	227
762	146
763	104
764	91
765	84
766	90
767	93
768	113
769	146
770	242
771	266
772	302
773	430
774	322
775	220
776	143
777	107
778	97
779	87
780	92
781	91
782	108
783	124
784	192
785	222
786	250
787	354
788	262
789	189
790	138
791	106
792	88
793	85
794	88
795	92
796	109
797	122
798	160
799	175
800	181
801	225
802	187
803	146
804	117
805	101
806	85
807	78
808	84
809	88
810	109
811	115
812	146
813	155
814	146
815	152
816	137
817	103
818	87
819	82
820	74
821	80
822	75
823	81
824	90
825	97
826	112
827	117
828	116
829	124
830	107
831	95
832	86
833	81
834	77
835	76
836	73
837	73
838	80
839	104
840	121
841	182
842	203
843	144
844	109
845	89
846	84
847	79
848	74
849	78
850	69
851	74
852	80
853	104
854	125
855	227
856	254
857	386
858	406
859	521
860	468
861	269
862	141
863	95
864	89
865	159
866	211
867	565
868	570
869	360
870	266
871	180
872	143
873	116
874	113
875	111
876	106
877	130
878	143
879	244
880	301
881	712
882	862
883	1884
884	1907
885	3550
886	2901
887	1651
888	706
889	341
890	170
891	115
892	94
893	89
894	85
895	95
896	102
897	105
898	131
899	136
900	149
901	149
902	111
903	76
904	61
905	58
906	51
907	55
908	55
909	63
910	62
911	64
912	70
913	71
914	77
915	65
916	61
917	59
918	56
919	53
920	50
921	54
922	52
923	52
924	55
925	54
926	54
927	54
928	51
929	50
930	48
931	48
932	48
933	51
934	50
935	48
936	50
937	50
938	50
939	51
940	48
941	51
942	49
943	51
944	51
945	49
946	51
947	47
948	51
949	51
950	47
951	48
952	50
953	51
954	51
955	49
956	51
957	49
958	50
959	48
960	47
961	51
962	49
963	48
964	45
965	49
966	47
967	48
968	50
969	46
970	47
971	49
972	46
973	50
974	49
975	45
976	50
977	49
978	49
979	45
980	45
981	47
982	48
983	45
984	47
985	46
986	48
987	47
988	50
989	50
990	44
991	44
992	46
993	46
994	45
995	44
996	45
997	46
998	44
999	42
