60	794
61	406
62	285
63	280
64	249
65	353
66	818
67	10760
68	9654
69	33360
70	9121
71	14840
72	4944
73	753
74	449
75	279
76	270
77	388
78	950
79	4102
80	9141
81	12260
82	15800
83	13360
84	8763
85	8606
86	1009
87	619
88	348
89	290
90	281
91	792
92	979
93	6181
94	9069
95	12600
96	16100
97	14410
98	17000
99	5673
100	936
101	594
102	374
103	354
104	481
105	842
106	1865
107	5344
108	14860
109	10940
110	13040
111	15870
112	8111
113	4789
114	2793
115	682
116	809
117	785
118	805
119	1675
120	3500
121	6060
122	7689
123	8820
124	10290
125	7768
126	5099
127	2016
128	790
129	1624
130	615
131	881
132	1040
133	3461
134	5243
135	7642
136	7790
137	8756
138	7911
139	10680
140	4095
141	1192
142	747
143	761
144	701
145	917
146	1086
147	3500
148	5386
149	7310
150	10470
151	8900
152	9657
153	4981
154	3344
155	1232
156	776
157	800
158	783
159	1021
160	1127
161	2628
162	4177
163	5597
164	7629
165	6668
166	5958
167	3423
168	2584
169	973
170	810
171	995
172	1016
173	1152
174	1091
175	2335
176	3126
177	4054
178	5894
179	3977
180	3488
181	2581
182	2644
183	981
184	877
185	1576
186	979
187	1034
188	998
189	1782
190	2506
191	3566
192	3495
193	2551
194	2578
195	1169
196	2337
197	845
198	737
199	859
200	831
201	912
202	920
203	1197
204	1758
205	2045
206	2667
207	5855
208	2895
209	2132
210	1335
211	816
212	704
213	809
214	768
215	749
216	829
217	933
218	1111
219	1177
220	2523
221	1232
222	2324
223	1050
224	1005
225	703
226	653
227	721
228	651
229	646
230	750
231	792
232	2096
233	1415
234	3353
235	4009
236	2010
237	887
238	774
239	726
240	730
241	695
242	659
243	631
244	686
245	761
246	791
247	814
248	788
249	849
250	663
251	623
252	557
253	581
254	546
255	518
256	850
257	612
258	872
259	813
260	9454
261	3268
262	21080
263	6168
264	7426
265	1040
266	662
267	627
268	484
269	450
270	412
271	433
272	439
273	516
274	544
275	779
276	892
277	960
278	4909
279	1422
280	10590
281	1482
282	890
283	620
284	470
285	414
286	367
287	407
288	432
289	428
290	479
291	504
292	605
293	569
294	414
295	385
296	344
297	340
298	305
299	267
300	293
301	289
302	301
303	316
304	326
305	356
306	326
307	288
308	262
309	255
310	251
311	260
312	252
313	530
314	478
315	311
316	434
317	352
318	521
319	414
320	366
321	341
322	280
323	332
324	277
325	251
326	241
327	233
328	233
329	223
330	249
331	273
332	351
333	493
334	707
335	585
336	1730
337	1132
338	902
339	1701
340	902
341	591
342	403
343	276
344	232
345	234
346	226
347	258
348	242
349	281
350	264
351	347
352	352
353	317
354	320
355	508
356	348
357	324
358	260
359	219
360	213
361	223
362	220
363	205
364	202
365	218
366	214
367	236
368	243
369	221
370	243
371	206
372	196
373	197
374	200
375	207
376	220
377	222
378	226
379	255
380	291
381	303
382	302
383	271
384	254
385	216
386	208
387	228
388	208
389	212
390	215
391	241
392	250
393	305
394	335
395	304
396	306
397	523
398	408
399	261
400	237
401	243
402	240
403	259
404	239
405	217
406	228
407	240
408	239
409	265
410	275
411	273
412	235
413	231
414	220
415	278
416	267
417	396
418	276
419	237
420	226
421	245
422	260
423	253
424	265
425	240
426	210
427	210
428	208
429	307
430	271
431	294
432	249
433	243
434	253
435	267
436	271
437	257
438	246
439	233
440	232
441	207
442	196
443	222
444	226
445	219
446	254
447	286
448	351
449	336
450	386
451	301
452	283
453	249
454	215
455	200
456	203
457	207
458	225
459	218
460	232
461	259
462	286
463	373
464	362
465	353
466	336
467	270
468	226
469	204
470	221
471	223
472	282
473	244
474	271
475	311
476	336
477	403
478	390
479	375
480	338
481	294
482	228
483	219
484	231
485	254
486	345
487	297
488	369
489	408
490	441
491	470
492	476
493	401
494	318
495	295
496	234
497	246
498	267
499	315
500	380
501	350
502	392
503	443
504	501
505	546
506	526
507	486
508	341
509	273
510	243
511	247
512	329
513	295
514	379
515	315
516	314
517	354
518	405
519	477
520	417
521	413
522	311
523	297
524	295
525	332
526	440
527	379
528	480
529	357
530	373
531	359
532	411
533	390
534	345
535	284
536	241
537	220
538	223
539	230
540	309
541	288
542	339
543	332
544	374
545	371
546	499
547	406
548	325
549	270
550	247
551	246
552	366
553	277
554	273
555	238
556	278
557	265
558	294
559	300
560	326
561	312
562	306
563	251
564	233
565	250
566	216
567	199
568	241
569	227
570	275
571	322
572	526
573	961
574	887
575	2425
576	1863
577	1828
578	2738
579	1227
580	554
581	299
582	215
583	203
584	237
585	241
586	336
587	325
588	380
589	421
590	595
591	550
592	412
593	366
594	376
595	650
596	912
597	2293
598	2492
599	5195
600	3782
601	6046
602	4336
603	4620
604	4456
605	2239
606	1424
607	592
608	356
609	270
610	289
611	344
612	593
613	790
614	1387
615	2042
616	2098
617	3206
618	1884
619	1338
620	595
621	428
622	266
623	195
624	191
625	200
626	244
627	224
628	252
629	282
630	303
631	303
632	314
633	266
634	236
635	187
636	166
637	158
638	160
639	163
640	173
641	192
642	198
643	243
644	223
645	292
646	238
647	232
648	197
649	176
650	177
651	170
652	182
653	187
654	213
655	230
656	255
657	316
658	287
659	343
660	272
661	231
662	210
663	190
664	173
665	159
666	175
667	171
668	195
669	218
670	245
671	294
672	256
673	267
674	214
675	203
676	166
677	170
678	151
679	142
680	148
681	158
682	192
683	224
684	252
685	276
686	241
687	255
688	200
689	188
690	157
691	143
692	138
693	137
694	150
695	182
696	212
697	235
698	257
699	277
700	238
701	237
702	192
703	176
704	154
705	139
706	135
707	135
708	152
709	169
710	214
711	242
712	261
713	273
714	256
715	254
716	213
717	204
718	157
719	154
720	139
721	140
722	152
723	173
724	213
725	238
726	287
727	319
728	299
729	305
730	269
731	251
732	201
733	175
734	146
735	140
736	162
737	189
738	248
739	279
740	358
741	443
742	422
743	453
744	403
745	332
746	225
747	175
748	159
749	149
750	185
751	214
752	348
753	416
754	562
755	708
756	571
757	527
758	386
759	325
760	229
761	186
762	167
763	161
764	221
765	257
766	482
767	537
768	839
769	871
770	755
771	584
772	413
773	311
774	221
775	179
776	167
777	166
778	226
779	266
780	435
781	517
782	618
783	633
784	633
785	556
786	390
787	286
788	203
789	167
790	174
791	179
792	283
793	317
794	530
795	560
796	535
797	502
798	417
799	342
800	258
801	200
802	163
803	147
804	191
805	206
806	469
807	481
808	982
809	853
810	714
811	530
812	419
813	312
814	218
815	172
816	162
817	162
818	179
819	207
820	284
821	319
822	397
823	381
824	335
825	311
826	258
827	257
828	208
829	216
830	187
831	188
832	182
833	166
834	198
835	200
836	233
837	234
838	286
839	243
840	211
841	196
842	177
843	155
844	143
845	140
846	156
847	166
848	191
849	222
850	239
851	448
852	501
853	1593
854	1414
855	3202
856	2454
857	1650
858	905
859	515
860	332
861	251
862	201
863	203
864	194
865	221
866	206
867	229
868	241
869	225
870	235
871	224
872	195
873	264
874	309
875	952
876	961
877	3182
878	3138
879	7768
880	6076
881	6590
882	4519
883	3179
884	2141
885	1286
886	717
887	416
888	238
889	173
890	150
891	155
892	179
893	205
894	218
895	230
896	201
897	180
898	144
899	125
900	102
901	83
902	73
903	65
904	65
905	71
906	72
907	87
908	97
909	118
910	114
911	100
912	90
913	79
914	69
915	59
916	56
917	53
918	53
919	54
920	57
921	58
922	53
923	56
924	53
925	55
926	56
927	52
928	53
929	49
930	51
931	51
932	50
933	53
934	53
935	51
936	51
937	52
938	51
939	51
940	55
941	52
942	50
943	49
944	47
945	51
946	47
947	47
948	48
949	48
950	50
951	50
952	49
953	48
954	48
955	50
956	46
957	42
958	46
959	45
960	49
961	47
962	47
963	46
964	46
965	48
966	46
967	47
968	48
969	43
970	49
971	45
972	47
973	47
974	42
975	47
976	46
977	45
978	48
979	46
980	43
981	48
982	48
983	47
984	43
985	48
986	47
987	44
988	46
989	43
990	46
991	46
992	44
993	46
994	44
995	45
996	41
997	43
998	43
999	41
