60	1.369e3
61	4.500e2
62	3.060e2
63	2.850e2
64	2.540e2
65	2.930e2
66	5.300e2
67	4.153e3
68	5.785e3
69	1.071e4
70	7.449e3
71	1.546e4
72	5.152e3
73	9.270e2
74	4.070e2
75	2.560e2
76	2.420e2
77	2.710e2
78	4.290e2
79	7.330e2
80	3.224e3
81	6.210e3
82	1.185e4
83	1.291e4
84	1.044e4
85	8.131e3
86	9.810e2
87	5.740e2
88	3.060e2
89	2.480e2
90	2.320e2
91	4.550e2
92	6.320e2
93	2.232e3
94	5.109e3
95	7.112e3
96	1.238e4
97	1.503e4
98	3.805e4
99	6.034e3
100	9.730e2
101	5.900e2
102	3.510e2
103	3.300e2
104	3.780e2
105	5.540e2
106	8.710e2
107	2.170e3
108	5.319e3
109	5.734e3
110	9.882e3
111	1.047e4
112	1.133e4
113	3.850e3
114	1.411e3
115	6.660e2
116	1.396e3
117	6.280e2
118	6.880e2
119	1.204e3
120	1.603e3
121	3.901e3
122	5.945e3
123	5.779e3
124	8.198e3
125	6.376e3
126	6.946e3
127	3.868e3
128	9.550e2
129	3.527e3
130	5.970e2
131	6.250e2
132	8.160e2
133	2.039e3
134	3.695e3
135	4.443e3
136	5.914e3
137	6.520e3
138	7.347e3
139	5.417e3
140	3.293e3
141	3.500e3
142	9.410e2
143	8.500e2
144	6.350e2
145	7.310e2
146	8.800e2
147	1.971e3
148	3.560e3
149	3.773e3
150	5.364e3
151	8.079e3
152	8.696e3
153	4.756e3
154	4.533e3
155	4.308e3
156	1.087e3
157	9.400e2
158	7.500e2
159	7.720e2
160	8.880e2
161	1.315e3
162	1.988e3
163	2.531e3
164	4.358e3
165	4.906e3
166	6.365e3
167	4.005e3
168	2.655e3
169	1.703e3
170	8.280e2
171	1.200e3
172	1.168e3
173	8.200e2
174	8.330e2
175	1.197e3
176	1.353e3
177	1.909e3
178	3.389e3
179	3.248e3
180	3.984e3
181	2.514e3
182	1.731e3
183	1.172e3
184	9.700e2
185	2.761e3
186	1.144e3
187	7.790e2
188	7.670e2
189	1.025e3
190	1.085e3
191	1.358e3
192	2.581e3
193	2.455e3
194	3.021e3
195	1.292e3
196	1.259e3
197	8.380e2
198	7.250e2
199	9.310e2
200	7.530e2
201	6.830e2
202	6.900e2
203	8.430e2
204	8.500e2
205	1.063e3
206	1.639e3
207	7.789e3
208	4.122e3
209	2.615e3
210	1.084e3
211	7.320e2
212	6.420e2
213	8.200e2
214	7.320e2
215	5.960e2
216	6.200e2
217	6.910e2
218	7.610e2
219	9.130e2
220	2.810e3
221	2.596e3
222	2.665e3
223	1.003e3
224	7.210e2
225	6.270e2
226	6.030e2
227	6.760e2
228	6.230e2
229	5.540e2
230	5.440e2
231	5.630e2
232	6.300e2
233	6.570e2
234	1.038e3
235	1.282e3
236	3.250e3
237	1.058e3
238	9.170e2
239	7.970e2
240	7.620e2
241	6.720e2
242	6.710e2
243	5.020e2
244	4.910e2
245	5.740e2
246	1.189e3
247	6.770e2
248	6.500e2
249	8.240e2
250	6.030e2
251	5.980e2
252	5.390e2
253	6.090e2
254	5.160e2
255	4.670e2
256	9.150e2
257	4.910e2
258	4.370e2
259	4.610e2
260	6.030e2
261	6.730e2
262	7.505e3
263	4.113e3
264	1.852e4
265	6.213e3
266	6.800e2
267	8.200e2
268	4.940e2
269	4.220e2
270	3.890e2
271	3.700e2
272	3.650e2
273	3.810e2
274	3.980e2
275	4.890e2
276	4.370e2
277	5.800e2
278	6.490e2
279	1.293e3
280	1.542e3
281	3.585e3
282	1.992e3
283	6.920e2
284	4.710e2
285	3.660e2
286	3.060e2
287	3.030e2
288	3.160e2
289	2.920e2
290	3.400e2
291	3.100e2
292	3.640e2
293	3.340e2
294	3.340e2
295	3.690e2
296	2.970e2
297	2.810e2
298	2.530e2
299	2.120e2
300	2.310e2
301	2.240e2
302	2.330e2
303	2.340e2
304	2.290e2
305	2.340e2
306	2.350e2
307	2.360e2
308	2.160e2
309	2.190e2
310	2.190e2
311	2.190e2
312	2.110e2
313	4.200e2
314	3.510e2
315	2.200e2
316	2.010e2
317	1.910e2
318	2.540e2
319	2.190e2
320	2.620e2
321	2.560e2
322	2.260e2
323	2.650e2
324	2.180e2
325	2.030e2
326	1.880e2
327	1.830e2
328	1.690e2
329	1.560e2
330	1.680e2
331	1.780e2
332	1.870e2
333	1.900e2
334	2.210e2
335	2.340e2
336	3.830e2
337	3.540e2
338	1.469e3
339	1.853e3
340	8.860e2
341	5.130e2
342	3.020e2
343	2.040e2
344	1.640e2
345	1.620e2
346	1.530e2
347	1.740e2
348	1.740e2
349	1.730e2
350	1.620e2
351	1.730e2
352	1.760e2
353	1.800e2
354	2.120e2
355	4.750e2
356	3.150e2
357	2.950e2
358	2.090e2
359	1.600e2
360	1.510e2
361	1.500e2
362	1.530e2
363	1.500e2
364	1.470e2
365	1.610e2
366	1.610e2
367	2.050e2
368	1.960e2
369	1.620e2
370	1.680e2
371	1.370e2
372	1.300e2
373	1.350e2
374	1.390e2
375	1.410e2
376	1.530e2
377	1.590e2
378	1.460e2
379	1.490e2
380	2.240e2
381	2.590e2
382	2.450e2
383	1.850e2
384	1.580e2
385	1.340e2
386	1.340e2
387	1.460e2
388	1.390e2
389	1.420e2
390	1.490e2
391	1.610e2
392	1.550e2
393	3.070e2
394	3.420e2
395	2.240e2
396	1.880e2
397	2.200e2
398	1.770e2
399	1.440e2
400	1.470e2
401	1.610e2
402	1.530e2
403	1.590e2
404	1.660e2
405	1.620e2
406	1.630e2
407	1.750e2
408	1.730e2
409	1.860e2
410	2.090e2
411	2.120e2
412	1.670e2
413	1.740e2
414	1.490e2
415	2.030e2
416	1.660e2
417	1.680e2
418	1.570e2
419	1.620e2
420	1.510e2
421	1.750e2
422	2.080e2
423	2.150e2
424	2.510e2
425	2.060e2
426	1.500e2
427	1.390e2
428	1.320e2
429	2.500e2
430	1.990e2
431	2.310e2
432	1.690e2
433	1.640e2
434	1.710e2
435	1.790e2
436	2.230e2
437	2.410e2
438	2.020e2
439	1.850e2
440	1.600e2
441	1.360e2
442	1.220e2
443	1.310e2
444	1.260e2
445	1.280e2
446	1.520e2
447	2.120e2
448	2.900e2
449	3.200e2
450	4.820e2
451	2.840e2
452	2.250e2
453	1.930e2
454	1.410e2
455	1.280e2
456	1.210e2
457	1.180e2
458	1.180e2
459	1.210e2
460	1.230e2
461	1.370e2
462	1.640e2
463	2.250e2
464	2.340e2
465	2.510e2
466	2.340e2
467	2.090e2
468	1.520e2
469	1.280e2
470	1.240e2
471	1.120e2
472	1.190e2
473	1.180e2
474	1.300e2
475	1.680e2
476	2.060e2
477	2.890e2
478	2.810e2
479	3.010e2
480	2.930e2
481	3.570e2
482	1.950e2
483	1.420e2
484	1.220e2
485	1.200e2
486	1.200e2
487	1.210e2
488	1.370e2
489	1.730e2
490	2.330e2
491	2.900e2
492	2.850e2
493	3.170e2
494	2.510e2
495	3.160e2
496	1.970e2
497	1.460e2
498	1.340e2
499	1.350e2
500	1.240e2
501	1.500e2
502	1.710e2
503	2.380e2
504	2.830e2
505	3.190e2
506	3.770e2
507	7.060e2
508	3.830e2
509	2.760e2
510	1.760e2
511	1.370e2
512	1.300e2
513	1.290e2
514	1.240e2
515	1.200e2
516	1.260e2
517	1.380e2
518	1.680e2
519	2.130e2
520	2.460e2
521	5.500e2
522	3.350e2
523	2.600e2
524	1.890e2
525	1.510e2
526	1.280e2
527	1.350e2
528	1.350e2
529	1.690e2
530	1.910e2
531	1.560e2
532	1.570e2
533	1.790e2
534	2.170e2
535	2.560e2
536	1.960e2
537	1.610e2
538	1.300e2
539	1.200e2
540	1.150e2
541	1.190e2
542	1.150e2
543	1.270e2
544	1.290e2
545	1.360e2
546	1.540e2
547	1.770e2
548	1.680e2
549	2.120e2
550	2.140e2
551	2.300e2
552	4.920e2
553	2.590e2
554	1.420e2
555	1.100e2
556	1.090e2
557	1.030e2
558	1.120e2
559	1.170e2
560	1.610e2
561	1.440e2
562	1.480e2
563	1.450e2
564	1.690e2
565	1.440e2
566	1.210e2
567	1.060e2
568	1.010e2
569	1.010e2
570	1.190e2
571	1.280e2
572	1.420e2
573	1.890e2
574	2.510e2
575	9.920e2
576	9.770e2
577	3.733e3
578	4.343e3
579	1.767e3
580	7.620e2
581	2.930e2
582	1.510e2
583	1.150e2
584	1.040e2
585	1.050e2
586	1.020e2
587	1.110e2
588	1.200e2
589	1.660e2
590	2.350e2
591	1.960e2
592	1.780e2
593	1.550e2
594	1.270e2
595	1.530e2
596	1.520e2
597	1.780e2
598	1.810e2
599	2.900e2
600	3.910e2
601	1.946e3
602	1.875e3
603	1.028e4
604	8.247e3
605	3.788e3
606	2.066e3
607	8.040e2
608	3.260e2
609	1.800e2
610	1.280e2
611	1.080e2
612	1.010e2
613	9.600e1
614	1.060e2
615	1.290e2
616	1.820e2
617	2.540e2
618	3.180e2
619	3.470e2
620	2.960e2
621	4.830e2
622	2.720e2
623	1.420e2
624	1.030e2
625	8.900e1
626	8.100e1
627	7.600e1
628	8.300e1
629	9.200e1
630	9.800e1
631	1.690e2
632	1.650e2
633	2.020e2
634	1.980e2
635	1.370e2
636	1.080e2
637	9.600e1
638	8.400e1
639	7.900e1
640	7.100e1
641	7.200e1
642	7.100e1
643	7.600e1
644	7.700e1
645	9.700e1
646	9.500e1
647	1.050e2
648	1.070e2
649	1.030e2
650	9.400e1
651	8.100e1
652	7.700e1
653	7.200e1
654	7.300e1
655	7.100e1
656	7.500e1
657	7.900e1
658	8.500e1
659	9.500e1
660	9.800e1
661	1.150e2
662	1.160e2
663	1.250e2
664	9.200e1
665	8.200e1
666	7.800e1
667	6.600e1
668	6.600e1
669	6.600e1
670	6.800e1
671	7.100e1
672	7.600e1
673	9.300e1
674	8.800e1
675	9.900e1
676	9.500e1
677	9.100e1
678	7.500e1
679	7.100e1
680	6.600e1
681	6.500e1
682	6.300e1
683	6.600e1
684	6.500e1
685	6.800e1
686	7.200e1
687	9.400e1
688	8.400e1
689	9.600e1
690	9.000e1
691	8.900e1
692	7.800e1
693	6.900e1
694	6.300e1
695	6.400e1
696	6.200e1
697	6.000e1
698	6.900e1
699	7.400e1
700	7.700e1
701	9.400e1
702	8.900e1
703	9.400e1
704	9.000e1
705	8.900e1
706	7.500e1
707	6.900e1
708	6.300e1
709	6.100e1
710	6.200e1
711	6.300e1
712	6.700e1
713	7.700e1
714	8.000e1
715	1.000e2
716	9.700e1
717	1.160e2
718	9.500e1
719	1.070e2
720	8.400e1
721	7.300e1
722	6.200e1
723	6.300e1
724	6.200e1
725	5.800e1
726	6.900e1
727	7.500e1
728	8.000e1
729	1.030e2
730	1.140e2
731	1.440e2
732	1.250e2
733	1.380e2
734	9.600e1
735	7.200e1
736	6.200e1
737	6.400e1
738	6.200e1
739	6.100e1
740	6.400e1
741	7.800e1
742	9.000e1
743	1.120e2
744	1.330e2
745	1.940e2
746	1.500e2
747	1.520e2
748	1.110e2
749	7.700e1
750	6.600e1
751	6.000e1
752	6.500e1
753	6.600e1
754	6.900e1
755	8.400e1
756	1.030e2
757	1.210e2
758	1.430e2
759	2.410e2
760	1.790e2
761	1.510e2
762	1.050e2
763	8.000e1
764	6.800e1
765	6.300e1
766	6.200e1
767	6.300e1
768	7.400e1
769	8.300e1
770	1.180e2
771	1.320e2
772	1.580e2
773	2.260e2
774	1.680e2
775	1.300e2
776	9.400e1
777	7.900e1
778	6.800e1
779	6.700e1
780	6.400e1
781	6.500e1
782	7.100e1
783	7.600e1
784	9.300e1
785	1.120e2
786	1.340e2
787	1.830e2
788	1.400e2
789	1.180e2
790	9.100e1
791	7.800e1
792	6.600e1
793	6.300e1
794	5.800e1
795	5.800e1
796	6.100e1
797	6.900e1
798	8.400e1
799	9.100e1
800	1.000e2
801	1.190e2
802	1.070e2
803	8.900e1
804	7.400e1
805	6.300e1
806	6.200e1
807	6.100e1
808	6.000e1
809	6.100e1
810	6.200e1
811	6.800e1
812	8.300e1
813	9.100e1
814	9.000e1
815	1.020e2
816	9.200e1
817	7.600e1
818	6.500e1
819	5.700e1
820	5.800e1
821	5.700e1
822	5.700e1
823	5.600e1
824	6.100e1
825	6.700e1
826	7.100e1
827	7.700e1
828	7.300e1
829	9.000e1
830	7.600e1
831	8.900e1
832	8.100e1
833	6.900e1
834	6.500e1
835	5.900e1
836	5.900e1
837	5.700e1
838	6.000e1
839	8.700e1
840	8.700e1
841	1.570e2
842	1.510e2
843	1.100e2
844	8.400e1
845	7.300e1
846	6.700e1
847	6.200e1
848	6.200e1
849	5.900e1
850	6.000e1
851	5.700e1
852	5.800e1
853	7.800e1
854	8.300e1
855	1.740e2
856	1.810e2
857	3.390e2
858	3.250e2
859	5.650e2
860	4.620e2
861	2.440e2
862	1.220e2
863	7.700e1
864	6.500e1
865	8.400e1
866	8.900e1
867	2.230e2
868	2.350e2
869	1.630e2
870	1.260e2
871	1.030e2
872	9.300e1
873	8.500e1
874	9.100e1
875	8.400e1
876	7.300e1
877	6.800e1
878	6.500e1
879	8.700e1
880	9.400e1
881	2.450e2
882	2.790e2
883	5.990e2
884	6.280e2
885	1.378e3
886	1.130e3
887	6.720e2
888	3.050e2
889	1.630e2
890	8.700e1
891	7.100e1
892	6.000e1
893	5.800e1
894	5.500e1
895	5.800e1
896	6.300e1
897	6.800e1
898	7.800e1
899	9.500e1
900	1.010e2
901	9.100e1
902	7.500e1
903	5.600e1
904	5.200e1
905	4.800e1
906	4.600e1
907	4.400e1
908	4.800e1
909	4.900e1
910	4.900e1
911	4.900e1
912	5.100e1
913	6.200e1
914	6.200e1
915	5.900e1
916	5.500e1
917	5.000e1
918	4.600e1
919	4.500e1
920	4.800e1
921	4.700e1
922	4.400e1
923	4.600e1
924	4.300e1
925	4.600e1
926	4.600e1
927	4.500e1
928	4.600e1
929	4.400e1
930	4.400e1
931	4.500e1
932	4.500e1
933	4.700e1
934	4.600e1
935	4.400e1
936	4.300e1
937	4.300e1
938	4.300e1
939	4.300e1
940	4.500e1
941	4.500e1
942	4.500e1
943	4.400e1
944	4.300e1
945	4.700e1
946	4.100e1
947	4.100e1
948	4.200e1
949	4.200e1
950	4.500e1
951	4.300e1
952	4.300e1
953	4.200e1
954	4.300e1
955	4.400e1
956	4.200e1
957	3.900e1
958	4.200e1
959	4.200e1
960	4.400e1
961	4.200e1
962	4.200e1
963	4.100e1
964	4.100e1
965	4.400e1
966	4.100e1
967	4.200e1
968	4.100e1
969	4.000e1
970	4.400e1
971	4.200e1
972	4.400e1
973	4.400e1
974	3.900e1
975	4.200e1
976	4.200e1
977	4.000e1
978	4.200e1
979	4.200e1
980	4.100e1
981	4.200e1
982	4.300e1
983	4.500e1
984	4.000e1
985	4.400e1
986	4.300e1
987	4.200e1
988	4.300e1
989	3.800e1
990	4.200e1
991	4.400e1
992	4.300e1
993	4.200e1
994	4.100e1
995	4.000e1
996	4.000e1
997	3.900e1
998	4.000e1
999	3.900e1
