60	1.612e3
61	4.760e2
62	3.150e2
63	2.900e2
64	2.590e2
65	2.980e2
66	5.670e2
67	4.797e3
68	6.741e3
69	1.196e4
70	8.537e3
71	1.762e4
72	5.969e3
73	1.000e3
74	4.380e2
75	2.710e2
76	2.420e2
77	2.790e2
78	4.610e2
79	7.790e2
80	3.823e3
81	6.921e3
82	1.317e4
83	1.429e4
84	1.158e4
85	9.336e3
86	1.223e3
87	6.220e2
88	3.240e2
89	2.610e2
90	2.440e2
91	4.790e2
92	6.920e2
93	3.019e3
94	5.865e3
95	8.044e3
96	1.388e4
97	1.676e4
98	4.192e4
99	6.676e3
100	1.149e3
101	6.380e2
102	3.790e2
103	3.550e2
104	4.060e2
105	6.030e2
106	9.590e2
107	3.041e3
108	5.984e3
109	6.553e3
110	1.104e4
111	1.167e4
112	1.266e4
113	4.392e3
114	1.906e3
115	7.320e2
116	2.019e3
117	6.680e2
118	7.640e2
119	1.372e3
120	2.312e3
121	4.415e3
122	6.821e3
123	6.549e3
124	9.314e3
125	7.028e3
126	7.926e3
127	4.389e3
128	1.142e3
129	4.044e3
130	6.320e2
131	6.770e2
132	8.920e2
133	2.649e3
134	4.131e3
135	5.068e3
136	6.788e3
137	7.260e3
138	8.188e3
139	5.935e3
140	3.748e3
141	3.748e3
142	1.059e3
143	9.470e2
144	7.100e2
145	8.120e2
146	9.730e2
147	2.579e3
148	3.947e3
149	4.278e3
150	6.093e3
151	8.758e3
152	9.571e3
153	5.214e3
154	5.068e3
155	4.859e3
156	1.287e3
157	1.034e3
158	8.260e2
159	8.550e2
160	9.810e2
161	1.724e3
162	2.658e3
163	3.118e3
164	4.860e3
165	5.454e3
166	7.056e3
167	4.390e3
168	3.128e3
169	2.064e3
170	9.330e2
171	1.563e3
172	1.404e3
173	8.990e2
174	9.160e2
175	1.379e3
176	1.821e3
177	2.441e3
178	3.776e3
179	3.611e3
180	4.408e3
181	2.886e3
182	2.128e3
183	1.554e3
184	1.069e3
185	3.225e3
186	1.403e3
187	8.520e2
188	8.410e2
189	1.138e3
190	1.210e3
191	1.857e3
192	3.111e3
193	2.929e3
194	3.541e3
195	1.825e3
196	1.659e3
197	9.170e2
198	7.940e2
199	1.062e3
200	8.260e2
201	7.440e2
202	7.550e2
203	9.170e2
204	9.320e2
205	1.170e3
206	2.329e3
207	8.429e3
208	4.795e3
209	2.946e3
210	1.288e3
211	7.960e2
212	7.070e2
213	8.790e2
214	7.980e2
215	6.540e2
216	6.820e2
217	7.590e2
218	8.440e2
219	1.010e3
220	3.406e3
221	3.034e3
222	3.175e3
223	1.134e3
224	7.880e2
225	6.820e2
226	6.570e2
227	7.390e2
228	6.880e2
229	6.030e2
230	6.040e2
231	6.240e2
232	6.950e2
233	7.280e2
234	1.181e3
235	1.845e3
236	3.925e3
237	1.334e3
238	1.071e3
239	9.280e2
240	8.350e2
241	7.370e2
242	7.360e2
243	5.460e2
244	5.340e2
245	6.280e2
246	1.585e3
247	7.390e2
248	7.140e2
249	9.650e2
250	6.590e2
251	6.570e2
252	5.850e2
253	6.740e2
254	5.610e2
255	5.110e2
256	1.055e3
257	5.390e2
258	4.780e2
259	5.090e2
260	6.520e2
261	7.580e2
262	8.181e3
263	5.128e3
264	1.972e4
265	7.095e3
266	7.070e2
267	8.750e2
268	5.330e2
269	4.550e2
270	4.230e2
271	3.970e2
272	4.010e2
273	4.140e2
274	4.370e2
275	5.310e2
276	4.760e2
277	6.400e2
278	7.020e2
279	1.752e3
280	2.424e3
281	4.372e3
282	2.745e3
283	7.270e2
284	5.140e2
285	3.940e2
286	3.300e2
287	3.240e2
288	3.460e2
289	3.150e2
290	3.700e2
291	3.350e2
292	3.920e2
293	3.600e2
294	3.690e2
295	3.950e2
296	3.170e2
297	3.010e2
298	2.700e2
299	2.240e2
300	2.490e2
301	2.390e2
302	2.480e2
303	2.500e2
304	2.490e2
305	2.480e2
306	2.550e2
307	2.540e2
308	2.350e2
309	2.340e2
310	2.340e2
311	2.340e2
312	2.290e2
313	4.320e2
314	3.570e2
315	2.300e2
316	2.120e2
317	2.030e2
318	2.670e2
319	2.310e2
320	2.810e2
321	2.720e2
322	2.420e2
323	2.840e2
324	2.290e2
325	2.140e2
326	1.980e2
327	1.910e2
328	1.780e2
329	1.650e2
330	1.760e2
331	1.860e2
332	1.990e2
333	2.010e2
334	2.370e2
335	2.500e2
336	4.200e2
337	3.760e2
338	1.737e3
339	1.954e3
340	8.910e2
341	5.180e2
342	3.010e2
343	2.100e2
344	1.720e2
345	1.670e2
346	1.590e2
347	1.850e2
348	1.840e2
349	1.870e2
350	1.710e2
351	1.820e2
352	1.880e2
353	1.850e2
354	2.180e2
355	4.940e2
356	3.230e2
357	3.020e2
358	2.160e2
359	1.650e2
360	1.580e2
361	1.560e2
362	1.610e2
363	1.570e2
364	1.540e2
365	1.690e2
366	1.680e2
367	2.120e2
368	2.000e2
369	1.690e2
370	1.750e2
371	1.400e2
372	1.360e2
373	1.430e2
374	1.440e2
375	1.450e2
376	1.580e2
377	1.640e2
378	1.540e2
379	1.590e2
380	2.320e2
381	2.610e2
382	2.560e2
383	1.930e2
384	1.660e2
385	1.430e2
386	1.430e2
387	1.540e2
388	1.460e2
389	1.460e2
390	1.550e2
391	1.670e2
392	1.610e2
393	3.090e2
394	3.410e2
395	2.310e2
396	1.920e2
397	2.280e2
398	1.840e2
399	1.480e2
400	1.530e2
401	1.650e2
402	1.580e2
403	1.630e2
404	1.720e2
405	1.690e2
406	1.680e2
407	1.790e2
408	1.790e2
409	1.920e2
410	2.130e2
411	2.200e2
412	1.690e2
413	1.680e2
414	1.490e2
415	2.070e2
416	1.690e2
417	1.720e2
418	1.610e2
419	1.660e2
420	1.560e2
421	1.810e2
422	2.080e2
423	2.190e2
424	2.530e2
425	2.070e2
426	1.570e2
427	1.430e2
428	1.380e2
429	2.590e2
430	2.030e2
431	2.380e2
432	1.750e2
433	1.670e2
434	1.740e2
435	1.820e2
436	2.240e2
437	2.440e2
438	2.050e2
439	1.880e2
440	1.680e2
441	1.400e2
442	1.260e2
443	1.330e2
444	1.290e2
445	1.300e2
446	1.520e2
447	2.120e2
448	2.850e2
449	3.160e2
450	4.740e2
451	2.820e2
452	2.280e2
453	1.940e2
454	1.440e2
455	1.300e2
456	1.260e2
457	1.190e2
458	1.210e2
459	1.240e2
460	1.270e2
461	1.410e2
462	1.670e2
463	2.290e2
464	2.390e2
465	2.620e2
466	2.430e2
467	2.110e2
468	1.560e2
469	1.290e2
470	1.270e2
471	1.160e2
472	1.230e2
473	1.210e2
474	1.320e2
475	1.660e2
476	2.070e2
477	2.860e2
478	2.790e2
479	3.000e2
480	2.910e2
481	3.550e2
482	1.970e2
483	1.420e2
484	1.240e2
485	1.240e2
486	1.210e2
487	1.200e2
488	1.360e2
489	1.750e2
490	2.350e2
491	2.940e2
492	2.800e2
493	3.140e2
494	2.520e2
495	3.170e2
496	1.990e2
497	1.500e2
498	1.340e2
499	1.350e2
500	1.280e2
501	1.520e2
502	1.760e2
503	2.420e2
504	2.810e2
505	3.180e2
506	3.690e2
507	6.730e2
508	3.780e2
509	2.730e2
510	1.760e2
511	1.390e2
512	1.320e2
513	1.280e2
514	1.270e2
515	1.230e2
516	1.300e2
517	1.400e2
518	1.710e2
519	2.160e2
520	2.450e2
521	5.420e2
522	3.310e2
523	2.580e2
524	1.910e2
525	1.520e2
526	1.290e2
527	1.350e2
528	1.340e2
529	1.690e2
530	1.900e2
531	1.560e2
532	1.570e2
533	1.780e2
534	2.180e2
535	2.490e2
536	1.900e2
537	1.610e2
538	1.320e2
539	1.210e2
540	1.180e2
541	1.200e2
542	1.210e2
543	1.280e2
544	1.310e2
545	1.380e2
546	1.550e2
547	1.800e2
548	1.660e2
549	2.150e2
550	2.140e2
551	2.340e2
552	4.980e2
553	2.570e2
554	1.450e2
555	1.110e2
556	1.110e2
557	1.030e2
558	1.110e2
559	1.200e2
560	1.630e2
561	1.450e2
562	1.470e2
563	1.460e2
564	1.710e2
565	1.440e2
566	1.230e2
567	1.090e2
568	1.020e2
569	1.010e2
570	1.210e2
571	1.310e2
572	1.450e2
573	1.900e2
574	2.510e2
575	1.019e3
576	9.950e2
577	3.781e3
578	4.328e3
579	1.743e3
580	7.650e2
581	2.960e2
582	1.520e2
583	1.170e2
584	1.060e2
585	1.050e2
586	1.030e2
587	1.140e2
588	1.230e2
589	1.670e2
590	2.350e2
591	1.960e2
592	1.810e2
593	1.560e2
594	1.330e2
595	1.580e2
596	1.590e2
597	1.810e2
598	1.820e2
599	2.940e2
600	3.940e2
601	1.962e3
602	1.914e3
603	1.020e4
604	8.064e3
605	3.737e3
606	2.077e3
607	7.760e2
608	3.240e2
609	1.800e2
610	1.290e2
611	1.100e2
612	1.030e2
613	1.000e2
614	1.070e2
615	1.320e2
616	1.830e2
617	2.540e2
618	3.140e2
619	3.550e2
620	3.020e2
621	5.070e2
622	2.760e2
623	1.470e2
624	1.030e2
625	8.900e1
626	8.000e1
627	7.700e1
628	8.200e1
629	9.200e1
630	9.800e1
631	1.690e2
632	1.620e2
633	2.000e2
634	2.000e2
635	1.360e2
636	1.070e2
637	9.800e1
638	8.400e1
639	7.900e1
640	7.000e1
641	7.400e1
642	7.300e1
643	7.700e1
644	7.800e1
645	9.800e1
646	9.800e1
647	1.100e2
648	1.090e2
649	1.050e2
650	9.600e1
651	8.200e1
652	7.800e1
653	7.200e1
654	7.300e1
655	7.100e1
656	7.700e1
657	7.800e1
658	8.500e1
659	9.400e1
660	9.700e1
661	1.150e2
662	1.180e2
663	1.280e2
664	9.200e1
665	8.300e1
666	7.900e1
667	6.900e1
668	6.700e1
669	6.800e1
670	6.900e1
671	7.300e1
672	7.500e1
673	9.300e1
674	8.800e1
675	1.020e2
676	9.800e1
677	9.100e1
678	7.600e1
679	7.100e1
680	6.700e1
681	6.600e1
682	6.200e1
683	6.800e1
684	6.600e1
685	7.000e1
686	7.100e1
687	9.400e1
688	8.600e1
689	9.700e1
690	9.100e1
691	9.000e1
692	7.900e1
693	6.900e1
694	6.400e1
695	6.700e1
696	6.300e1
697	6.100e1
698	6.800e1
699	7.500e1
700	7.800e1
701	9.700e1
702	8.900e1
703	9.600e1
704	9.000e1
705	8.800e1
706	7.800e1
707	7.100e1
708	6.400e1
709	6.200e1
710	6.100e1
711	6.300e1
712	6.900e1
713	7.600e1
714	8.200e1
715	1.020e2
716	9.600e1
717	1.180e2
718	9.600e1
719	1.100e2
720	8.600e1
721	7.400e1
722	6.300e1
723	6.200e1
724	6.100e1
725	5.900e1
726	6.900e1
727	7.700e1
728	8.000e1
729	1.040e2
730	1.160e2
731	1.460e2
732	1.270e2
733	1.380e2
734	9.800e1
735	7.200e1
736	6.400e1
737	6.400e1
738	6.200e1
739	6.200e1
740	6.600e1
741	7.800e1
742	8.800e1
743	1.140e2
744	1.350e2
745	2.000e2
746	1.550e2
747	1.580e2
748	1.130e2
749	7.900e1
750	6.600e1
751	6.100e1
752	6.700e1
753	6.500e1
754	7.100e1
755	8.400e1
756	1.040e2
757	1.230e2
758	1.460e2
759	2.430e2
760	1.810e2
761	1.540e2
762	1.080e2
763	7.800e1
764	7.000e1
765	6.500e1
766	6.300e1
767	6.400e1
768	7.500e1
769	8.300e1
770	1.200e2
771	1.310e2
772	1.570e2
773	2.300e2
774	1.700e2
775	1.320e2
776	9.700e1
777	8.000e1
778	7.000e1
779	6.800e1
780	6.500e1
781	6.600e1
782	7.200e1
783	7.700e1
784	9.500e1
785	1.120e2
786	1.380e2
787	1.890e2
788	1.410e2
789	1.180e2
790	9.200e1
791	7.700e1
792	6.700e1
793	6.400e1
794	5.800e1
795	5.900e1
796	6.200e1
797	6.800e1
798	8.500e1
799	9.100e1
800	1.000e2
801	1.190e2
802	1.070e2
803	9.100e1
804	7.500e1
805	6.300e1
806	6.300e1
807	6.200e1
808	6.100e1
809	6.200e1
810	6.200e1
811	6.900e1
812	8.400e1
813	9.100e1
814	8.900e1
815	1.040e2
816	9.300e1
817	7.600e1
818	6.500e1
819	5.900e1
820	6.100e1
821	5.500e1
822	6.000e1
823	5.700e1
824	6.100e1
825	6.900e1
826	7.300e1
827	7.700e1
828	7.400e1
829	9.100e1
830	8.000e1
831	9.300e1
832	8.300e1
833	7.200e1
834	6.400e1
835	6.000e1
836	5.900e1
837	5.900e1
838	5.900e1
839	8.700e1
840	8.800e1
841	1.600e2
842	1.530e2
843	1.090e2
844	8.700e1
845	7.400e1
846	6.800e1
847	6.200e1
848	6.300e1
849	6.100e1
850	6.000e1
851	6.000e1
852	6.000e1
853	8.000e1
854	8.600e1
855	1.840e2
856	1.860e2
857	3.620e2
858	3.410e2
859	6.200e2
860	4.960e2
861	2.560e2
862	1.250e2
863	8.000e1
864	6.800e1
865	8.600e1
866	9.000e1
867	2.270e2
868	2.300e2
869	1.610e2
870	1.290e2
871	1.040e2
872	9.400e1
873	8.600e1
874	9.300e1
875	8.700e1
876	7.500e1
877	7.000e1
878	6.700e1
879	9.200e1
880	9.700e1
881	2.550e2
882	2.910e2
883	6.310e2
884	6.650e2
885	1.481e3
886	1.214e3
887	7.060e2
888	3.150e2
889	1.670e2
890	8.900e1
891	7.100e1
892	6.100e1
893	5.900e1
894	5.600e1
895	5.800e1
896	6.400e1
897	6.900e1
898	7.800e1
899	9.500e1
900	1.040e2
901	9.400e1
902	7.500e1
903	5.600e1
904	5.200e1
905	4.900e1
906	4.700e1
907	4.500e1
908	4.700e1
909	5.000e1
910	4.800e1
911	5.100e1
912	5.300e1
913	6.300e1
914	6.400e1
915	5.900e1
916	5.600e1
917	5.000e1
918	4.700e1
919	4.500e1
920	4.700e1
921	4.700e1
922	4.500e1
923	4.600e1
924	4.400e1
925	4.600e1
926	4.600e1
927	4.600e1
928	4.700e1
929	4.400e1
930	4.400e1
931	4.700e1
932	4.500e1
933	4.700e1
934	4.600e1
935	4.400e1
936	4.500e1
937	4.300e1
938	4.300e1
939	4.400e1
940	4.500e1
941	4.500e1
942	4.600e1
943	4.600e1
944	4.300e1
945	4.800e1
946	4.200e1
947	4.300e1
948	4.200e1
949	4.200e1
950	4.500e1
951	4.500e1
952	4.400e1
953	4.300e1
954	4.300e1
955	4.400e1
956	4.200e1
957	4.000e1
958	4.200e1
959	4.200e1
960	4.500e1
961	4.400e1
962	4.400e1
963	4.200e1
964	4.100e1
965	4.500e1
966	4.200e1
967	4.200e1
968	4.300e1
969	4.000e1
970	4.400e1
971	4.200e1
972	4.500e1
973	4.300e1
974	3.900e1
975	4.400e1
976	4.300e1
977	4.100e1
978	4.200e1
979	4.200e1
980	4.100e1
981	4.500e1
982	4.600e1
983	4.500e1
984	4.000e1
985	4.400e1
986	4.400e1
987	4.300e1
988	4.200e1
989	4.000e1
990	4.300e1
991	4.200e1
992	4.200e1
993	4.400e1
994	4.000e1
995	4.000e1
996	4.000e1
997	4.100e1
998	4.000e1
999	4.000e1
