60	2.614e3
61	4.880e2
62	3.260e2
63	3.030e2
64	2.630e2
65	2.950e2
66	5.580e2
67	3.580e3
68	6.592e3
69	1.151e4
70	8.634e3
71	1.985e4
72	6.883e3
73	8.470e2
74	4.350e2
75	2.790e2
76	2.470e2
77	2.780e2
78	4.290e2
79	6.760e2
80	2.625e3
81	6.348e3
82	1.207e4
83	1.337e4
84	1.070e4
85	9.668e3
86	1.719e3
87	6.270e2
88	3.250e2
89	2.580e2
90	2.390e2
91	4.210e2
92	6.000e2
93	1.605e3
94	5.370e3
95	7.110e3
96	1.257e4
97	1.523e4
98	2.818e4
99	6.095e3
100	9.520e2
101	6.060e2
102	3.560e2
103	3.320e2
104	3.690e2
105	5.190e2
106	8.160e2
107	1.822e3
108	5.332e3
109	5.968e3
110	1.011e4
111	1.074e4
112	1.081e4
113	4.357e3
114	1.844e3
115	7.110e2
116	8.150e2
117	5.350e2
118	6.370e2
119	9.960e2
120	1.232e3
121	3.773e3
122	6.728e3
123	6.120e3
124	8.552e3
125	6.979e3
126	7.170e3
127	3.989e3
128	9.710e2
129	2.175e3
130	5.150e2
131	5.620e2
132	7.530e2
133	1.333e3
134	3.342e3
135	4.507e3
136	6.648e3
137	6.669e3
138	7.695e3
139	5.946e3
140	3.672e3
141	3.592e3
142	9.020e2
143	7.340e2
144	5.910e2
145	6.740e2
146	8.430e2
147	1.441e3
148	3.093e3
149	3.751e3
150	5.677e3
151	7.259e3
152	8.357e3
153	4.889e3
154	4.702e3
155	4.074e3
156	1.214e3
157	7.880e2
158	6.760e2
159	7.010e2
160	8.380e2
161	1.053e3
162	1.696e3
163	2.122e3
164	4.437e3
165	4.608e3
166	6.014e3
167	3.949e3
168	2.528e3
169	1.448e3
170	8.120e2
171	8.870e2
172	8.190e2
173	7.370e2
174	7.920e2
175	9.720e2
176	1.126e3
177	1.686e3
178	3.385e3
179	3.099e3
180	3.744e3
181	2.419e3
182	1.631e3
183	9.140e2
184	8.550e2
185	1.839e3
186	8.700e2
187	7.130e2
188	7.350e2
189	9.050e2
190	9.770e2
191	1.098e3
192	2.688e3
193	2.427e3
194	2.936e3
195	1.352e3
196	1.154e3
197	7.180e2
198	6.990e2
199	7.700e2
200	6.780e2
201	6.340e2
202	6.770e2
203	8.080e2
204	8.680e2
205	9.500e2
206	2.162e3
207	8.531e3
208	4.371e3
209	2.865e3
210	9.400e2
211	6.850e2
212	6.120e2
213	7.080e2
214	6.460e2
215	5.650e2
216	6.170e2
217	6.800e2
218	7.920e2
219	9.040e2
220	2.896e3
221	2.228e3
222	2.401e3
223	8.520e2
224	7.070e2
225	5.780e2
226	5.710e2
227	6.110e2
228	5.760e2
229	5.300e2
230	5.440e2
231	5.650e2
232	6.580e2
233	6.770e2
234	1.049e3
235	1.216e3
236	3.183e3
237	1.247e3
238	9.250e2
239	6.990e2
240	6.300e2
241	5.930e2
242	5.910e2
243	4.800e2
244	4.840e2
245	5.630e2
246	8.480e2
247	6.730e2
248	6.970e2
249	7.890e2
250	6.040e2
251	6.340e2
252	5.350e2
253	6.470e2
254	4.960e2
255	4.670e2
256	8.640e2
257	4.980e2
258	4.460e2
259	4.910e2
260	5.830e2
261	8.110e2
262	6.265e3
263	6.021e3
264	1.618e4
265	4.621e3
266	6.530e2
267	6.930e2
268	4.630e2
269	3.900e2
270	3.790e2
271	3.560e2
272	3.830e2
273	3.840e2
274	4.230e2
275	5.090e2
276	4.420e2
277	6.410e2
278	5.990e2
279	2.034e3
280	1.118e3
281	5.930e3
282	2.422e3
283	7.060e2
284	5.230e2
285	3.830e2
286	3.110e2
287	3.020e2
288	3.310e2
289	2.940e2
290	3.480e2
291	3.070e2
292	3.770e2
293	3.250e2
294	3.450e2
295	3.350e2
296	2.760e2
297	2.730e2
298	2.500e2
299	2.120e2
300	2.330e2
301	2.290e2
302	2.340e2
303	2.380e2
304	2.330e2
305	2.310e2
306	2.430e2
307	2.330e2
308	2.090e2
309	2.140e2
310	2.090e2
311	2.070e2
312	2.030e2
313	3.620e2
314	2.950e2
315	2.060e2
316	1.970e2
317	1.900e2
318	2.440e2
319	2.080e2
320	2.520e2
321	2.360e2
322	2.270e2
323	2.680e2
324	2.110e2
325	1.930e2
326	1.810e2
327	1.750e2
328	1.670e2
329	1.550e2
330	1.680e2
331	1.740e2
332	1.810e2
333	1.800e2
334	2.040e2
335	2.190e2
336	3.370e2
337	2.870e2
338	7.270e2
339	1.087e3
340	5.020e2
341	4.310e2
342	2.560e2
343	1.940e2
344	1.580e2
345	1.540e2
346	1.490e2
347	1.710e2
348	1.670e2
349	1.650e2
350	1.530e2
351	1.620e2
352	1.630e2
353	1.650e2
354	1.900e2
355	4.910e2
356	3.080e2
357	2.840e2
358	1.940e2
359	1.560e2
360	1.460e2
361	1.450e2
362	1.480e2
363	1.420e2
364	1.420e2
365	1.520e2
366	1.520e2
367	1.790e2
368	1.670e2
369	1.520e2
370	1.580e2
371	1.330e2
372	1.260e2
373	1.320e2
374	1.350e2
375	1.360e2
376	1.460e2
377	1.500e2
378	1.410e2
379	1.440e2
380	2.050e2
381	2.210e2
382	2.170e2
383	1.710e2
384	1.510e2
385	1.330e2
386	1.340e2
387	1.440e2
388	1.350e2
389	1.350e2
390	1.420e2
391	1.490e2
392	1.460e2
393	2.440e2
394	2.450e2
395	1.880e2
396	1.680e2
397	1.960e2
398	1.630e2
399	1.340e2
400	1.390e2
401	1.520e2
402	1.450e2
403	1.500e2
404	1.540e2
405	1.460e2
406	1.520e2
407	1.590e2
408	1.550e2
409	1.710e2
410	1.850e2
411	1.840e2
412	1.520e2
413	1.550e2
414	1.390e2
415	2.010e2
416	1.620e2
417	1.640e2
418	1.480e2
419	1.490e2
420	1.400e2
421	1.600e2
422	1.740e2
423	1.830e2
424	1.960e2
425	1.720e2
426	1.400e2
427	1.290e2
428	1.270e2
429	2.590e2
430	1.970e2
431	2.190e2
432	1.580e2
433	1.540e2
434	1.470e2
435	1.530e2
436	1.840e2
437	1.930e2
438	1.710e2
439	1.580e2
440	1.520e2
441	1.280e2
442	1.150e2
443	1.230e2
444	1.160e2
445	1.170e2
446	1.360e2
447	1.790e2
448	2.180e2
449	2.450e2
450	3.140e2
451	2.100e2
452	1.820e2
453	1.610e2
454	1.270e2
455	1.180e2
456	1.130e2
457	1.100e2
458	1.090e2
459	1.130e2
460	1.150e2
461	1.230e2
462	1.430e2
463	1.950e2
464	1.970e2
465	2.280e2
466	2.130e2
467	1.790e2
468	1.400e2
469	1.160e2
470	1.150e2
471	1.050e2
472	1.120e2
473	1.090e2
474	1.170e2
475	1.470e2
476	1.770e2
477	2.360e2
478	2.210e2
479	2.320e2
480	2.390e2
481	2.740e2
482	1.620e2
483	1.270e2
484	1.130e2
485	1.120e2
486	1.090e2
487	1.080e2
488	1.190e2
489	1.580e2
490	1.940e2
491	2.360e2
492	2.270e2
493	2.440e2
494	2.090e2
495	2.560e2
496	1.710e2
497	1.310e2
498	1.200e2
499	1.210e2
500	1.140e2
501	1.370e2
502	1.690e2
503	2.170e2
504	2.330e2
505	2.640e2
506	2.910e2
507	5.060e2
508	2.960e2
509	2.200e2
510	1.540e2
511	1.230e2
512	1.170e2
513	1.210e2
514	1.160e2
515	1.130e2
516	1.180e2
517	1.260e2
518	1.460e2
519	1.780e2
520	2.060e2
521	4.220e2
522	2.650e2
523	2.120e2
524	1.590e2
525	1.330e2
526	1.150e2
527	1.210e2
528	1.210e2
529	1.480e2
530	1.580e2
531	1.350e2
532	1.360e2
533	1.530e2
534	1.770e2
535	1.980e2
536	1.630e2
537	1.400e2
538	1.190e2
539	1.100e2
540	1.040e2
541	1.120e2
542	1.090e2
543	1.240e2
544	1.230e2
545	1.250e2
546	1.390e2
547	1.560e2
548	1.460e2
549	1.850e2
550	1.830e2
551	2.030e2
552	4.140e2
553	2.270e2
554	1.290e2
555	1.020e2
556	1.010e2
557	9.600e1
558	1.010e2
559	1.070e2
560	1.310e2
561	1.230e2
562	1.290e2
563	1.330e2
564	1.510e2
565	1.310e2
566	1.110e2
567	9.800e1
568	9.400e1
569	9.300e1
570	1.150e2
571	1.160e2
572	1.260e2
573	1.580e2
574	2.250e2
575	8.090e2
576	8.280e2
577	2.936e3
578	3.239e3
579	1.336e3
580	5.980e2
581	2.590e2
582	1.350e2
583	1.080e2
584	9.700e1
585	9.900e1
586	9.500e1
587	1.030e2
588	1.100e2
589	1.450e2
590	2.020e2
591	1.670e2
592	1.580e2
593	1.400e2
594	1.230e2
595	1.490e2
596	1.490e2
597	1.580e2
598	1.570e2
599	2.290e2
600	3.440e2
601	1.473e3
602	1.580e3
603	7.559e3
604	5.837e3
605	2.819e3
606	1.589e3
607	5.920e2
608	2.790e2
609	1.620e2
610	1.160e2
611	1.000e2
612	9.300e1
613	9.100e1
614	9.600e1
615	1.180e2
616	1.510e2
617	2.120e2
618	2.600e2
619	2.960e2
620	2.620e2
621	4.250e2
622	2.430e2
623	1.350e2
624	9.700e1
625	8.600e1
626	8.000e1
627	7.400e1
628	7.800e1
629	8.600e1
630	9.000e1
631	1.440e2
632	1.420e2
633	1.750e2
634	1.700e2
635	1.230e2
636	9.700e1
637	9.300e1
638	8.300e1
639	7.700e1
640	7.000e1
641	7.200e1
642	7.000e1
643	7.400e1
644	7.300e1
645	9.200e1
646	9.100e1
647	1.030e2
648	1.020e2
649	1.030e2
650	9.300e1
651	7.800e1
652	7.400e1
653	7.100e1
654	7.200e1
655	7.000e1
656	7.400e1
657	7.500e1
658	8.300e1
659	9.000e1
660	9.200e1
661	1.090e2
662	1.120e2
663	1.250e2
664	9.300e1
665	8.300e1
666	7.800e1
667	6.700e1
668	6.300e1
669	6.600e1
670	6.800e1
671	7.000e1
672	7.300e1
673	9.000e1
674	8.400e1
675	9.700e1
676	9.000e1
677	8.800e1
678	7.400e1
679	6.900e1
680	6.600e1
681	6.400e1
682	6.200e1
683	6.600e1
684	6.400e1
685	6.700e1
686	6.800e1
687	9.100e1
688	8.100e1
689	9.300e1
690	8.500e1
691	8.800e1
692	7.700e1
693	7.000e1
694	6.300e1
695	6.400e1
696	6.300e1
697	6.100e1
698	6.600e1
699	7.200e1
700	7.400e1
701	9.100e1
702	8.500e1
703	9.200e1
704	8.800e1
705	8.600e1
706	7.600e1
707	6.800e1
708	6.200e1
709	6.300e1
710	6.100e1
711	6.300e1
712	6.600e1
713	7.500e1
714	7.800e1
715	9.500e1
716	9.300e1
717	1.110e2
718	9.100e1
719	1.070e2
720	8.300e1
721	7.200e1
722	6.200e1
723	6.200e1
724	6.100e1
725	5.800e1
726	6.700e1
727	7.300e1
728	7.600e1
729	9.800e1
730	1.100e2
731	1.390e2
732	1.220e2
733	1.350e2
734	9.300e1
735	7.100e1
736	6.200e1
737	6.400e1
738	6.300e1
739	6.100e1
740	6.200e1
741	7.500e1
742	8.400e1
743	1.070e2
744	1.300e2
745	1.880e2
746	1.480e2
747	1.530e2
748	1.130e2
749	7.800e1
750	6.500e1
751	5.900e1
752	6.500e1
753	6.500e1
754	6.700e1
755	8.200e1
756	9.700e1
757	1.150e2
758	1.390e2
759	2.320e2
760	1.690e2
761	1.460e2
762	1.020e2
763	7.900e1
764	6.900e1
765	6.300e1
766	6.200e1
767	6.300e1
768	7.300e1
769	8.000e1
770	1.150e2
771	1.240e2
772	1.480e2
773	2.170e2
774	1.590e2
775	1.260e2
776	9.300e1
777	7.700e1
778	6.900e1
779	6.600e1
780	6.500e1
781	6.600e1
782	6.900e1
783	7.400e1
784	9.000e1
785	1.040e2
786	1.290e2
787	1.760e2
788	1.330e2
789	1.130e2
790	8.900e1
791	7.600e1
792	6.600e1
793	6.300e1
794	5.700e1
795	5.900e1
796	5.900e1
797	6.800e1
798	8.000e1
799	8.500e1
800	9.500e1
801	1.140e2
802	1.020e2
803	8.900e1
804	7.300e1
805	6.200e1
806	6.200e1
807	6.100e1
808	6.100e1
809	6.200e1
810	6.000e1
811	6.700e1
812	8.000e1
813	8.700e1
814	8.600e1
815	9.900e1
816	8.900e1
817	7.600e1
818	6.500e1
819	5.800e1
820	6.000e1
821	5.400e1
822	5.700e1
823	5.700e1
824	5.900e1
825	6.700e1
826	7.000e1
827	7.500e1
828	7.200e1
829	8.700e1
830	7.700e1
831	9.300e1
832	8.300e1
833	7.200e1
834	6.300e1
835	6.000e1
836	5.800e1
837	5.700e1
838	6.000e1
839	8.300e1
840	8.400e1
841	1.500e2
842	1.390e2
843	1.040e2
844	8.200e1
845	7.200e1
846	6.600e1
847	6.100e1
848	6.200e1
849	5.900e1
850	5.900e1
851	6.000e1
852	5.800e1
853	7.800e1
854	8.500e1
855	1.830e2
856	1.820e2
857	3.770e2
858	3.440e2
859	6.560e2
860	4.960e2
861	2.520e2
862	1.240e2
863	7.900e1
864	6.600e1
865	8.200e1
866	8.400e1
867	2.080e2
868	2.020e2
869	1.450e2
870	1.140e2
871	9.600e1
872	9.000e1
873	8.400e1
874	9.100e1
875	8.300e1
876	7.200e1
877	6.800e1
878	6.600e1
879	8.900e1
880	9.400e1
881	2.570e2
882	2.820e2
883	6.490e2
884	6.720e2
885	1.529e3
886	1.169e3
887	6.930e2
888	3.080e2
889	1.620e2
890	8.700e1
891	7.100e1
892	6.000e1
893	6.100e1
894	5.400e1
895	5.700e1
896	6.200e1
897	6.600e1
898	7.400e1
899	8.900e1
900	9.800e1
901	8.800e1
902	7.200e1
903	5.700e1
904	5.300e1
905	4.900e1
906	4.700e1
907	4.500e1
908	4.800e1
909	4.900e1
910	4.700e1
911	5.000e1
912	5.100e1
913	6.500e1
914	6.300e1
915	5.900e1
916	5.500e1
917	4.800e1
918	4.700e1
919	4.500e1
920	4.700e1
921	4.800e1
922	4.500e1
923	4.700e1
924	4.400e1
925	4.600e1
926	4.500e1
927	4.500e1
928	4.600e1
929	4.300e1
930	4.600e1
931	4.500e1
932	4.500e1
933	4.700e1
934	4.500e1
935	4.400e1
936	4.400e1
937	4.300e1
938	4.400e1
939	4.200e1
940	4.500e1
941	4.600e1
942	4.500e1
943	4.400e1
944	4.400e1
945	4.700e1
946	4.200e1
947	4.300e1
948	4.200e1
949	4.200e1
950	4.400e1
951	4.600e1
952	4.300e1
953	4.400e1
954	4.200e1
955	4.400e1
956	4.300e1
957	3.900e1
958	4.200e1
959	4.100e1
960	4.500e1
961	4.400e1
962	4.300e1
963	4.300e1
964	4.200e1
965	4.300e1
966	4.200e1
967	4.100e1
968	4.300e1
969	4.000e1
970	4.500e1
971	4.200e1
972	4.400e1
973	4.400e1
974	3.900e1
975	4.300e1
976	4.300e1
977	4.100e1
978	4.200e1
979	4.300e1
980	4.100e1
981	4.600e1
982	4.500e1
983	4.500e1
984	4.000e1
985	4.400e1
986	4.500e1
987	4.200e1
988	4.300e1
989	3.900e1
990	4.300e1
991	4.200e1
992	4.200e1
993	4.300e1
994	4.100e1
995	4.100e1
996	4.200e1
997	4.200e1
998	4.000e1
999	3.900e1
