60	1.280e3
61	4.550e2
62	2.930e2
63	2.730e2
64	2.450e2
65	2.870e2
66	5.410e2
67	4.376e3
68	6.334e3
69	1.233e4
70	8.371e3
71	1.806e4
72	5.829e3
73	8.410e2
74	4.310e2
75	2.640e2
76	2.390e2
77	2.760e2
78	4.360e2
79	7.450e2
80	3.157e3
81	6.910e3
82	1.270e4
83	1.442e4
84	1.123e4
85	9.601e3
86	1.049e3
87	6.080e2
88	3.150e2
89	2.560e2
90	2.340e2
91	4.650e2
92	6.390e2
93	1.726e3
94	5.330e3
95	7.762e3
96	1.345e4
97	1.676e4
98	3.732e4
99	6.653e3
100	9.790e2
101	6.240e2
102	3.620e2
103	3.340e2
104	3.810e2
105	5.530e2
106	8.820e2
107	1.772e3
108	5.728e3
109	6.348e3
110	1.059e4
111	1.173e4
112	1.211e4
113	4.177e3
114	1.702e3
115	7.200e2
116	1.401e3
117	6.530e2
118	6.810e2
119	1.210e3
120	1.577e3
121	4.237e3
122	6.164e3
123	6.239e3
124	8.999e3
125	7.233e3
126	7.669e3
127	4.215e3
128	9.660e2
129	3.959e3
130	6.180e2
131	6.310e2
132	8.130e2
133	1.671e3
134	3.926e3
135	4.875e3
136	6.118e3
137	7.074e3
138	8.109e3
139	6.179e3
140	3.522e3
141	3.717e3
142	9.450e2
143	8.760e2
144	6.480e2
145	7.320e2
146	8.730e2
147	1.679e3
148	3.804e3
149	4.127e3
150	5.735e3
151	8.465e3
152	9.543e3
153	5.456e3
154	5.016e3
155	4.654e3
156	1.097e3
157	9.230e2
158	7.790e2
159	7.920e2
160	9.160e2
161	1.331e3
162	1.649e3
163	2.579e3
164	4.740e3
165	5.260e3
166	7.020e3
167	4.622e3
168	2.812e3
169	1.761e3
170	8.720e2
171	1.221e3
172	1.163e3
173	8.450e2
174	8.570e2
175	1.199e3
176	1.357e3
177	1.714e3
178	3.693e3
179	3.514e3
180	4.360e3
181	2.691e3
182	1.798e3
183	1.197e3
184	9.780e2
185	3.124e3
186	1.148e3
187	8.170e2
188	7.970e2
189	1.080e3
190	1.101e3
191	1.347e3
192	2.428e3
193	2.518e3
194	3.275e3
195	1.369e3
196	1.251e3
197	8.600e2
198	7.750e2
199	9.450e2
200	7.990e2
201	7.230e2
202	7.280e2
203	8.900e2
204	8.960e2
205	1.043e3
206	1.513e3
207	7.593e3
208	4.412e3
209	2.741e3
210	1.087e3
211	7.870e2
212	6.880e2
213	8.450e2
214	7.770e2
215	6.260e2
216	6.550e2
217	7.310e2
218	8.100e2
219	9.630e2
220	2.906e3
221	2.572e3
222	2.849e3
223	1.014e3
224	7.810e2
225	6.730e2
226	6.570e2
227	7.270e2
228	6.740e2
229	5.840e2
230	5.760e2
231	5.990e2
232	6.730e2
233	7.030e2
234	1.056e3
235	1.242e3
236	3.736e3
237	1.477e3
238	9.880e2
239	8.760e2
240	8.270e2
241	7.290e2
242	7.470e2
243	5.320e2
244	5.240e2
245	6.100e2
246	1.249e3
247	7.370e2
248	7.070e2
249	8.400e2
250	6.590e2
251	6.560e2
252	5.870e2
253	6.680e2
254	5.670e2
255	5.100e2
256	9.180e2
257	5.250e2
258	4.640e2
259	4.830e2
260	6.950e2
261	7.110e2
262	1.070e4
263	4.843e3
264	2.258e4
265	8.243e3
266	7.710e2
267	8.070e2
268	5.430e2
269	4.580e2
270	4.230e2
271	3.980e2
272	3.860e2
273	4.110e2
274	4.240e2
275	5.240e2
276	4.720e2
277	6.450e2
278	7.170e2
279	1.304e3
280	1.599e3
281	3.771e3
282	2.046e3
283	7.300e2
284	5.160e2
285	3.990e2
286	3.270e2
287	3.180e2
288	3.400e2
289	3.150e2
290	3.700e2
291	3.380e2
292	4.060e2
293	3.720e2
294	3.810e2
295	4.130e2
296	3.330e2
297	3.190e2
298	2.820e2
299	2.350e2
300	2.520e2
301	2.410e2
302	2.520e2
303	2.540e2
304	2.500e2
305	2.530e2
306	2.630e2
307	2.620e2
308	2.430e2
309	2.390e2
310	2.460e2
311	2.520e2
312	2.400e2
313	5.380e2
314	4.260e2
315	2.530e2
316	2.230e2
317	2.110e2
318	2.910e2
319	2.460e2
320	3.080e2
321	2.950e2
322	2.610e2
323	3.230e2
324	2.610e2
325	2.360e2
326	2.160e2
327	1.990e2
328	1.910e2
329	1.740e2
330	1.830e2
331	2.040e2
332	2.140e2
333	2.120e2
334	2.470e2
335	2.690e2
336	4.610e2
337	4.140e2
338	2.050e3
339	2.575e3
340	1.175e3
341	6.190e2
342	3.580e2
343	2.270e2
344	1.830e2
345	1.780e2
346	1.690e2
347	1.920e2
348	1.920e2
349	1.940e2
350	1.780e2
351	1.960e2
352	2.020e2
353	2.060e2
354	2.470e2
355	5.200e2
356	3.570e2
357	3.440e2
358	2.400e2
359	1.800e2
360	1.700e2
361	1.660e2
362	1.690e2
363	1.690e2
364	1.620e2
365	1.840e2
366	1.840e2
367	2.450e2
368	2.340e2
369	1.880e2
370	1.910e2
371	1.520e2
372	1.430e2
373	1.490e2
374	1.510e2
375	1.560e2
376	1.720e2
377	1.820e2
378	1.700e2
379	1.730e2
380	2.720e2
381	3.200e2
382	2.970e2
383	2.170e2
384	1.790e2
385	1.490e2
386	1.510e2
387	1.620e2
388	1.540e2
389	1.590e2
390	1.710e2
391	1.860e2
392	1.770e2
393	3.800e2
394	4.210e2
395	2.700e2
396	2.220e2
397	2.720e2
398	2.080e2
399	1.630e2
400	1.660e2
401	1.770e2
402	1.730e2
403	1.810e2
404	1.940e2
405	1.910e2
406	1.870e2
407	2.030e2
408	2.070e2
409	2.270e2
410	2.560e2
411	2.590e2
412	1.980e2
413	1.980e2
414	1.680e2
415	2.350e2
416	1.870e2
417	1.870e2
418	1.790e2
419	1.870e2
420	1.740e2
421	2.160e2
422	2.600e2
423	2.710e2
424	3.150e2
425	2.540e2
426	1.820e2
427	1.640e2
428	1.510e2
429	2.800e2
430	2.260e2
431	2.660e2
432	1.940e2
433	1.940e2
434	2.050e2
435	2.180e2
436	2.780e2
437	3.050e2
438	2.500e2
439	2.290e2
440	1.910e2
441	1.630e2
442	1.430e2
443	1.500e2
444	1.440e2
445	1.450e2
446	1.680e2
447	2.560e2
448	3.730e2
449	4.100e2
450	5.990e2
451	3.500e2
452	2.820e2
453	2.390e2
454	1.690e2
455	1.490e2
456	1.370e2
457	1.340e2
458	1.350e2
459	1.380e2
460	1.420e2
461	1.620e2
462	2.040e2
463	2.970e2
464	2.990e2
465	3.320e2
466	3.080e2
467	2.620e2
468	1.860e2
469	1.510e2
470	1.440e2
471	1.330e2
472	1.370e2
473	1.380e2
474	1.530e2
475	1.990e2
476	2.600e2
477	3.800e2
478	3.710e2
479	3.960e2
480	3.920e2
481	4.880e2
482	2.560e2
483	1.690e2
484	1.420e2
485	1.420e2
486	1.410e2
487	1.410e2
488	1.610e2
489	2.070e2
490	2.890e2
491	3.850e2
492	3.720e2
493	4.120e2
494	3.330e2
495	4.340e2
496	2.560e2
497	1.830e2
498	1.610e2
499	1.570e2
500	1.490e2
501	1.730e2
502	2.000e2
503	2.810e2
504	3.600e2
505	4.220e2
506	5.000e2
507	9.170e2
508	5.200e2
509	3.730e2
510	2.260e2
511	1.680e2
512	1.540e2
513	1.530e2
514	1.430e2
515	1.430e2
516	1.460e2
517	1.640e2
518	2.060e2
519	2.810e2
520	3.290e2
521	7.540e2
522	4.600e2
523	3.500e2
524	2.460e2
525	1.880e2
526	1.530e2
527	1.640e2
528	1.640e2
529	2.140e2
530	2.470e2
531	1.950e2
532	1.990e2
533	2.320e2
534	2.840e2
535	3.400e2
536	2.560e2
537	2.060e2
538	1.580e2
539	1.440e2
540	1.350e2
541	1.380e2
542	1.370e2
543	1.450e2
544	1.540e2
545	1.670e2
546	1.910e2
547	2.300e2
548	2.170e2
549	2.850e2
550	2.860e2
551	3.080e2
552	7.260e2
553	3.470e2
554	1.790e2
555	1.310e2
556	1.280e2
557	1.230e2
558	1.310e2
559	1.450e2
560	1.990e2
561	1.830e2
562	1.870e2
563	1.850e2
564	2.210e2
565	1.820e2
566	1.470e2
567	1.290e2
568	1.190e2
569	1.190e2
570	1.500e2
571	1.600e2
572	1.820e2
573	2.560e2
574	3.420e2
575	1.462e3
576	1.418e3
577	5.703e3
578	6.552e3
579	2.652e3
580	1.136e3
581	4.040e2
582	1.940e2
583	1.440e2
584	1.220e2
585	1.250e2
586	1.220e2
587	1.390e2
588	1.550e2
589	2.250e2
590	3.260e2
591	2.650e2
592	2.440e2
593	2.080e2
594	1.680e2
595	2.090e2
596	2.050e2
597	2.390e2
598	2.390e2
599	3.890e2
600	5.910e2
601	2.858e3
602	2.859e3
603	2.427e4
604	1.528e4
605	5.641e3
606	3.079e3
607	1.216e3
608	4.530e2
609	2.390e2
610	1.630e2
611	1.360e2
612	1.220e2
613	1.170e2
614	1.270e2
615	1.660e2
616	2.370e2
617	3.520e2
618	4.470e2
619	5.030e2
620	4.310e2
621	7.550e2
622	3.870e2
623	1.940e2
624	1.240e2
625	1.020e2
626	9.200e1
627	8.800e1
628	9.800e1
629	1.100e2
630	1.180e2
631	2.260e2
632	2.190e2
633	2.760e2
634	2.760e2
635	1.800e2
636	1.370e2
637	1.180e2
638	9.800e1
639	8.800e1
640	7.900e1
641	8.000e1
642	8.000e1
643	8.600e1
644	8.800e1
645	1.190e2
646	1.200e2
647	1.360e2
648	1.360e2
649	1.310e2
650	1.130e2
651	9.500e1
652	8.700e1
653	8.100e1
654	8.400e1
655	8.100e1
656	8.600e1
657	9.100e1
658	1.000e2
659	1.190e2
660	1.200e2
661	1.470e2
662	1.500e2
663	1.610e2
664	1.150e2
665	9.600e1
666	8.800e1
667	7.500e1
668	7.300e1
669	7.300e1
670	7.500e1
671	8.400e1
672	8.700e1
673	1.140e2
674	1.070e2
675	1.240e2
676	1.190e2
677	1.100e2
678	8.800e1
679	8.000e1
680	7.300e1
681	7.100e1
682	6.900e1
683	7.300e1
684	7.000e1
685	7.600e1
686	8.000e1
687	1.120e2
688	1.020e2
689	1.200e2
690	1.090e2
691	1.080e2
692	9.100e1
693	7.900e1
694	7.000e1
695	7.200e1
696	6.900e1
697	6.500e1
698	7.500e1
699	8.500e1
700	8.800e1
701	1.150e2
702	1.080e2
703	1.200e2
704	1.110e2
705	1.090e2
706	9.000e1
707	7.700e1
708	6.800e1
709	6.700e1
710	6.600e1
711	6.900e1
712	7.400e1
713	9.000e1
714	9.700e1
715	1.250e2
716	1.230e2
717	1.500e2
718	1.210e2
719	1.400e2
720	1.030e2
721	8.600e1
722	6.900e1
723	6.700e1
724	6.600e1
725	6.300e1
726	7.800e1
727	9.100e1
728	9.700e1
729	1.310e2
730	1.510e2
731	1.960e2
732	1.680e2
733	1.840e2
734	1.230e2
735	8.700e1
736	7.100e1
737	7.200e1
738	6.900e1
739	6.700e1
740	7.300e1
741	9.400e1
742	1.110e2
743	1.470e2
744	1.820e2
745	2.740e2
746	2.060e2
747	2.090e2
748	1.490e2
749	9.800e1
750	7.700e1
751	6.900e1
752	7.200e1
753	7.400e1
754	8.000e1
755	1.040e2
756	1.330e2
757	1.630e2
758	1.990e2
759	3.440e2
760	2.490e2
761	2.120e2
762	1.380e2
763	9.900e1
764	8.100e1
765	7.100e1
766	7.100e1
767	7.100e1
768	8.500e1
769	1.020e2
770	1.580e2
771	1.760e2
772	2.130e2
773	3.270e2
774	2.360e2
775	1.790e2
776	1.240e2
777	9.600e1
778	8.100e1
779	7.800e1
780	7.400e1
781	7.400e1
782	8.300e1
783	9.200e1
784	1.190e2
785	1.480e2
786	1.800e2
787	2.630e2
788	1.920e2
789	1.580e2
790	1.170e2
791	9.200e1
792	7.700e1
793	7.100e1
794	6.400e1
795	6.500e1
796	7.000e1
797	7.900e1
798	1.030e2
799	1.150e2
800	1.310e2
801	1.620e2
802	1.360e2
803	1.160e2
804	9.100e1
805	7.200e1
806	7.100e1
807	6.800e1
808	6.600e1
809	6.800e1
810	7.200e1
811	8.100e1
812	1.030e2
813	1.150e2
814	1.130e2
815	1.330e2
816	1.180e2
817	9.500e1
818	7.500e1
819	6.500e1
820	6.600e1
821	6.100e1
822	6.300e1
823	6.300e1
824	6.700e1
825	7.700e1
826	8.500e1
827	9.400e1
828	9.000e1
829	1.140e2
830	9.700e1
831	1.150e2
832	9.800e1
833	8.300e1
834	7.400e1
835	6.700e1
836	6.500e1
837	6.300e1
838	6.900e1
839	1.080e2
840	1.130e2
841	2.190e2
842	2.090e2
843	1.460e2
844	1.080e2
845	8.800e1
846	7.900e1
847	7.100e1
848	7.200e1
849	6.800e1
850	6.600e1
851	6.700e1
852	6.700e1
853	9.400e1
854	1.040e2
855	2.470e2
856	2.560e2
857	5.120e2
858	4.820e2
859	9.190e2
860	7.190e2
861	3.460e2
862	1.630e2
863	9.700e1
864	7.700e1
865	1.040e2
866	1.130e2
867	3.190e2
868	3.320e2
869	2.260e2
870	1.700e2
871	1.350e2
872	1.190e2
873	1.090e2
874	1.220e2
875	1.090e2
876	9.300e1
877	8.100e1
878	7.700e1
879	1.120e2
880	1.230e2
881	3.570e2
882	4.050e2
883	9.120e2
884	9.490e2
885	2.214e3
886	1.769e3
887	1.027e3
888	4.380e2
889	2.210e2
890	1.110e2
891	8.500e1
892	7.000e1
893	6.500e1
894	6.100e1
895	6.500e1
896	7.300e1
897	8.300e1
898	9.900e1
899	1.240e2
900	1.420e2
901	1.260e2
902	9.600e1
903	6.600e1
904	5.600e1
905	4.900e1
906	4.700e1
907	4.600e1
908	4.800e1
909	5.100e1
910	4.900e1
911	5.400e1
912	5.800e1
913	7.400e1
914	7.400e1
915	6.900e1
916	6.300e1
917	5.300e1
918	4.700e1
919	4.600e1
920	4.700e1
921	4.600e1
922	4.400e1
923	4.600e1
924	4.300e1
925	4.600e1
926	4.600e1
927	4.600e1
928	4.700e1
929	4.500e1
930	4.400e1
931	4.500e1
932	4.400e1
933	4.500e1
934	4.500e1
935	4.200e1
936	4.300e1
937	4.300e1
938	4.200e1
939	4.200e1
940	4.400e1
941	4.600e1
942	4.400e1
943	4.300e1
944	4.300e1
945	4.600e1
946	4.100e1
947	4.200e1
948	4.200e1
949	4.100e1
950	4.300e1
951	4.400e1
952	4.300e1
953	4.200e1
954	4.100e1
955	4.200e1
956	4.100e1
957	3.900e1
958	4.100e1
959	4.100e1
960	4.300e1
961	4.200e1
962	4.100e1
963	4.100e1
964	4.000e1
965	4.300e1
966	4.100e1
967	4.000e1
968	4.200e1
969	4.000e1
970	4.400e1
971	4.000e1
972	4.300e1
973	4.300e1
974	3.800e1
975	4.100e1
976	4.000e1
977	4.000e1
978	4.100e1
979	4.100e1
980	4.000e1
981	4.300e1
982	4.300e1
983	4.300e1
984	3.900e1
985	4.300e1
986	4.200e1
987	4.100e1
988	4.100e1
989	3.800e1
990	4.200e1
991	4.100e1
992	4.200e1
993	4.300e1
994	3.900e1
995	3.900e1
996	3.900e1
997	3.900e1
998	4.000e1
999	3.800e1
