60	1.735e3
61	4.940e2
62	3.200e2
63	2.970e2
64	2.640e2
65	3.020e2
66	5.970e2
67	5.335e3
68	7.322e3
69	1.325e4
70	9.534e3
71	1.996e4
72	6.934e3
73	1.098e3
74	4.610e2
75	2.810e2
76	2.480e2
77	2.800e2
78	4.810e2
79	8.190e2
80	4.483e3
81	7.632e3
82	1.463e4
83	1.573e4
84	1.268e4
85	1.046e4
86	1.844e3
87	6.620e2
88	3.340e2
89	2.680e2
90	2.490e2
91	5.110e2
92	7.390e2
93	3.492e3
94	6.482e3
95	8.778e3
96	1.537e4
97	1.869e4
98	4.544e4
99	7.498e3
100	1.285e3
101	7.400e2
102	3.930e2
103	3.750e2
104	4.340e2
105	6.420e2
106	1.153e3
107	3.546e3
108	6.632e3
109	7.188e3
110	1.224e4
111	1.302e4
112	1.465e4
113	4.889e3
114	2.077e3
115	8.860e2
116	1.634e3
117	7.420e2
118	8.090e2
119	1.619e3
120	2.249e3
121	4.839e3
122	7.951e3
123	7.406e3
124	1.026e4
125	7.965e3
126	9.010e3
127	4.685e3
128	1.236e3
129	4.346e3
130	6.670e2
131	7.100e2
132	9.590e2
133	3.122e3
134	4.480e3
135	5.540e3
136	8.054e3
137	8.223e3
138	9.243e3
139	6.765e3
140	4.168e3
141	4.098e3
142	1.150e3
143	1.078e3
144	7.460e2
145	8.660e2
146	1.149e3
147	2.910e3
148	4.242e3
149	4.609e3
150	6.823e3
151	9.905e3
152	1.073e4
153	5.810e3
154	5.514e3
155	5.326e3
156	1.459e3
157	1.115e3
158	9.460e2
159	9.110e2
160	1.110e3
161	1.613e3
162	2.996e3
163	3.447e3
164	5.462e3
165	5.986e3
166	7.859e3
167	4.909e3
168	3.343e3
169	2.201e3
170	1.124e3
171	1.406e3
172	1.340e3
173	1.022e3
174	1.016e3
175	1.461e3
176	1.784e3
177	2.677e3
178	4.293e3
179	4.021e3
180	4.816e3
181	3.136e3
182	2.270e3
183	1.552e3
184	1.192e3
185	3.453e3
186	1.318e3
187	9.510e2
188	9.230e2
189	1.294e3
190	1.368e3
191	1.805e3
192	3.526e3
193	3.325e3
194	3.908e3
195	1.933e3
196	1.745e3
197	1.017e3
198	9.090e2
199	1.122e3
200	9.200e2
201	7.900e2
202	8.100e2
203	1.103e3
204	1.134e3
205	1.295e3
206	2.728e3
207	9.508e3
208	5.211e3
209	3.279e3
210	1.297e3
211	9.060e2
212	7.590e2
213	9.980e2
214	9.220e2
215	6.920e2
216	7.290e2
217	8.250e2
218	9.920e2
219	1.161e3
220	3.822e3
221	3.233e3
222	3.148e3
223	1.161e3
224	9.090e2
225	7.610e2
226	6.890e2
227	8.120e2
228	7.350e2
229	6.340e2
230	6.380e2
231	6.580e2
232	7.440e2
233	8.030e2
234	1.316e3
235	1.877e3
236	4.009e3
237	1.648e3
238	1.148e3
239	1.008e3
240	9.050e2
241	8.500e2
242	8.580e2
243	5.810e2
244	5.650e2
245	6.600e2
246	1.377e3
247	8.470e2
248	8.170e2
249	1.049e3
250	7.190e2
251	6.860e2
252	6.090e2
253	7.750e2
254	5.830e2
255	5.370e2
256	1.069e3
257	5.610e2
258	5.000e2
259	5.430e2
260	7.490e2
261	1.062e3
262	9.528e3
263	6.246e3
264	2.119e4
265	7.453e3
266	7.360e2
267	8.990e2
268	5.520e2
269	4.710e2
270	4.400e2
271	4.140e2
272	4.190e2
273	4.340e2
274	4.570e2
275	5.530e2
276	4.900e2
277	6.690e2
278	7.980e2
279	1.931e3
280	1.696e3
281	4.844e3
282	2.531e3
283	7.510e2
284	5.240e2
285	4.120e2
286	3.400e2
287	3.340e2
288	3.540e2
289	3.210e2
290	3.800e2
291	3.370e2
292	4.020e2
293	3.660e2
294	3.710e2
295	4.020e2
296	3.280e2
297	3.120e2
298	2.800e2
299	2.310e2
300	2.540e2
301	2.480e2
302	2.580e2
303	2.580e2
304	2.500e2
305	2.540e2
306	2.600e2
307	2.600e2
308	2.400e2
309	2.430e2
310	2.430e2
311	2.410e2
312	2.310e2
313	4.540e2
314	3.820e2
315	2.420e2
316	2.200e2
317	2.100e2
318	2.790e2
319	2.410e2
320	2.910e2
321	2.890e2
322	2.540e2
323	3.000e2
324	2.460e2
325	2.210e2
326	2.080e2
327	1.940e2
328	1.860e2
329	1.720e2
330	1.830e2
331	1.990e2
332	2.070e2
333	2.070e2
334	2.460e2
335	2.600e2
336	4.290e2
337	3.960e2
338	1.794e3
339	2.157e3
340	1.004e3
341	5.680e2
342	3.330e2
343	2.260e2
344	1.810e2
345	1.760e2
346	1.660e2
347	1.930e2
348	1.960e2
349	1.920e2
350	1.770e2
351	1.890e2
352	1.930e2
353	1.960e2
354	2.350e2
355	5.050e2
356	3.390e2
357	3.210e2
358	2.260e2
359	1.740e2
360	1.660e2
361	1.620e2
362	1.680e2
363	1.660e2
364	1.620e2
365	1.760e2
366	1.760e2
367	2.210e2
368	2.140e2
369	1.810e2
370	1.890e2
371	1.480e2
372	1.420e2
373	1.480e2
374	1.510e2
375	1.550e2
376	1.700e2
377	1.770e2
378	1.630e2
379	1.660e2
380	2.460e2
381	2.860e2
382	2.800e2
383	2.090e2
384	1.770e2
385	1.480e2
386	1.490e2
387	1.640e2
388	1.510e2
389	1.570e2
390	1.670e2
391	1.800e2
392	1.720e2
393	3.290e2
394	3.710e2
395	2.490e2
396	2.080e2
397	2.510e2
398	1.980e2
399	1.580e2
400	1.630e2
401	1.750e2
402	1.690e2
403	1.760e2
404	1.850e2
405	1.830e2
406	1.840e2
407	1.930e2
408	1.920e2
409	2.100e2
410	2.320e2
411	2.410e2
412	1.830e2
413	1.830e2
414	1.570e2
415	2.270e2
416	1.830e2
417	1.850e2
418	1.740e2
419	1.770e2
420	1.680e2
421	1.970e2
422	2.320e2
423	2.440e2
424	2.780e2
425	2.330e2
426	1.700e2
427	1.560e2
428	1.490e2
429	2.670e2
430	2.130e2
431	2.520e2
432	1.840e2
433	1.790e2
434	1.860e2
435	1.990e2
436	2.430e2
437	2.700e2
438	2.240e2
439	2.070e2
440	1.830e2
441	1.540e2
442	1.330e2
443	1.450e2
444	1.390e2
445	1.380e2
446	1.640e2
447	2.330e2
448	3.230e2
449	3.480e2
450	5.180e2
451	3.090e2
452	2.540e2
453	2.130e2
454	1.530e2
455	1.390e2
456	1.300e2
457	1.260e2
458	1.260e2
459	1.320e2
460	1.350e2
461	1.510e2
462	1.810e2
463	2.590e2
464	2.650e2
465	2.950e2
466	2.760e2
467	2.360e2
468	1.680e2
469	1.370e2
470	1.360e2
471	1.240e2
472	1.310e2
473	1.280e2
474	1.400e2
475	1.820e2
476	2.300e2
477	3.270e2
478	3.170e2
479	3.380e2
480	3.300e2
481	4.060e2
482	2.200e2
483	1.520e2
484	1.330e2
485	1.370e2
486	1.300e2
487	1.310e2
488	1.480e2
489	1.880e2
490	2.550e2
491	3.280e2
492	3.160e2
493	3.500e2
494	2.850e2
495	3.640e2
496	2.220e2
497	1.640e2
498	1.430e2
499	1.440e2
500	1.390e2
501	1.670e2
502	1.920e2
503	2.650e2
504	3.160e2
505	3.600e2
506	4.180e2
507	7.900e2
508	4.370e2
509	3.150e2
510	1.980e2
511	1.520e2
512	1.420e2
513	1.410e2
514	1.350e2
515	1.340e2
516	1.400e2
517	1.530e2
518	1.870e2
519	2.430e2
520	2.750e2
521	6.380e2
522	3.850e2
523	3.000e2
524	2.120e2
525	1.670e2
526	1.390e2
527	1.500e2
528	1.480e2
529	1.900e2
530	2.170e2
531	1.760e2
532	1.760e2
533	2.030e2
534	2.410e2
535	2.920e2
536	2.170e2
537	1.780e2
538	1.440e2
539	1.320e2
540	1.250e2
541	1.300e2
542	1.260e2
543	1.390e2
544	1.440e2
545	1.520e2
546	1.720e2
547	2.010e2
548	1.860e2
549	2.390e2
550	2.390e2
551	2.560e2
552	5.720e2
553	2.910e2
554	1.570e2
555	1.180e2
556	1.160e2
557	1.130e2
558	1.200e2
559	1.310e2
560	1.750e2
561	1.610e2
562	1.640e2
563	1.610e2
564	1.920e2
565	1.560e2
566	1.320e2
567	1.170e2
568	1.090e2
569	1.090e2
570	1.300e2
571	1.430e2
572	1.590e2
573	2.180e2
574	2.800e2
575	1.195e3
576	1.139e3
577	4.579e3
578	5.401e3
579	2.107e3
580	9.620e2
581	3.430e2
582	1.690e2
583	1.270e2
584	1.110e2
585	1.140e2
586	1.110e2
587	1.240e2
588	1.330e2
589	1.890e2
590	2.750e2
591	2.260e2
592	2.060e2
593	1.760e2
594	1.450e2
595	1.780e2
596	1.750e2
597	2.080e2
598	2.060e2
599	3.390e2
600	4.710e2
601	2.390e3
602	2.303e3
603	1.903e4
604	1.261e4
605	4.775e3
606	2.614e3
607	9.960e2
608	3.820e2
609	2.050e2
610	1.430e2
611	1.190e2
612	1.100e2
613	1.070e2
614	1.140e2
615	1.450e2
616	2.030e2
617	2.840e2
618	3.710e2
619	4.050e2
620	3.510e2
621	6.120e2
622	3.160e2
623	1.630e2
624	1.120e2
625	9.400e1
626	8.600e1
627	8.200e1
628	8.800e1
629	9.800e1
630	1.060e2
631	1.920e2
632	1.880e2
633	2.330e2
634	2.310e2
635	1.560e2
636	1.200e2
637	1.040e2
638	8.900e1
639	8.100e1
640	7.400e1
641	7.700e1
642	7.500e1
643	8.200e1
644	8.000e1
645	1.070e2
646	1.060e2
647	1.220e2
648	1.200e2
649	1.170e2
650	1.020e2
651	8.600e1
652	8.100e1
653	7.400e1
654	7.700e1
655	7.500e1
656	8.100e1
657	8.400e1
658	9.100e1
659	1.060e2
660	1.070e2
661	1.280e2
662	1.300e2
663	1.420e2
664	1.030e2
665	8.800e1
666	8.000e1
667	7.000e1
668	6.800e1
669	7.100e1
670	7.200e1
671	7.600e1
672	7.900e1
673	1.040e2
674	9.500e1
675	1.100e2
676	1.060e2
677	9.700e1
678	8.000e1
679	7.300e1
680	6.800e1
681	6.800e1
682	6.400e1
683	6.900e1
684	6.800e1
685	7.300e1
686	7.400e1
687	1.030e2
688	9.100e1
689	1.080e2
690	9.600e1
691	9.600e1
692	8.200e1
693	7.000e1
694	6.600e1
695	6.800e1
696	6.400e1
697	6.300e1
698	7.000e1
699	7.900e1
700	8.100e1
701	1.050e2
702	9.600e1
703	1.060e2
704	9.900e1
705	9.800e1
706	8.300e1
707	7.100e1
708	6.500e1
709	6.400e1
710	6.200e1
711	6.500e1
712	7.000e1
713	8.200e1
714	8.700e1
715	1.120e2
716	1.090e2
717	1.330e2
718	1.070e2
719	1.220e2
720	9.200e1
721	7.800e1
722	6.600e1
723	6.400e1
724	6.400e1
725	6.000e1
726	7.100e1
727	8.300e1
728	8.800e1
729	1.170e2
730	1.320e2
731	1.680e2
732	1.450e2
733	1.580e2
734	1.070e2
735	7.800e1
736	6.600e1
737	6.800e1
738	6.400e1
739	6.300e1
740	6.800e1
741	8.400e1
742	9.900e1
743	1.300e2
744	1.580e2
745	2.320e2
746	1.770e2
747	1.790e2
748	1.290e2
749	8.800e1
750	7.000e1
751	6.300e1
752	6.900e1
753	6.800e1
754	7.400e1
755	9.300e1
756	1.160e2
757	1.430e2
758	1.710e2
759	2.880e2
760	2.110e2
761	1.790e2
762	1.190e2
763	8.800e1
764	7.500e1
765	6.800e1
766	6.600e1
767	6.800e1
768	7.900e1
769	9.100e1
770	1.380e2
771	1.530e2
772	1.840e2
773	2.750e2
774	1.990e2
775	1.520e2
776	1.080e2
777	8.600e1
778	7.500e1
779	7.300e1
780	6.900e1
781	7.000e1
782	7.600e1
783	8.400e1
784	1.070e2
785	1.280e2
786	1.560e2
787	2.220e2
788	1.670e2
789	1.380e2
790	1.030e2
791	8.400e1
792	7.100e1
793	6.800e1
794	6.100e1
795	6.200e1
796	6.500e1
797	7.300e1
798	9.400e1
799	1.010e2
800	1.140e2
801	1.370e2
802	1.200e2
803	1.020e2
804	8.200e1
805	6.700e1
806	6.600e1
807	6.300e1
808	6.300e1
809	6.500e1
810	6.700e1
811	7.400e1
812	9.300e1
813	1.030e2
814	1.000e2
815	1.150e2
816	1.040e2
817	8.400e1
818	6.900e1
819	6.000e1
820	6.200e1
821	5.700e1
822	6.100e1
823	5.900e1
824	6.300e1
825	7.100e1
826	7.900e1
827	8.400e1
828	8.100e1
829	1.000e2
830	8.600e1
831	1.000e2
832	8.700e1
833	7.500e1
834	6.900e1
835	6.100e1
836	6.200e1
837	6.100e1
838	6.500e1
839	9.700e1
840	9.600e1
841	1.830e2
842	1.750e2
843	1.260e2
844	9.600e1
845	8.000e1
846	7.100e1
847	6.400e1
848	6.600e1
849	6.500e1
850	6.200e1
851	6.300e1
852	6.300e1
853	8.700e1
854	9.400e1
855	2.090e2
856	2.170e2
857	4.190e2
858	3.960e2
859	7.560e2
860	5.870e2
861	2.930e2
862	1.410e2
863	8.500e1
864	6.900e1
865	9.500e1
866	1.000e2
867	2.670e2
868	2.800e2
869	1.930e2
870	1.480e2
871	1.200e2
872	1.040e2
873	9.700e1
874	1.040e2
875	9.600e1
876	8.300e1
877	7.400e1
878	7.200e1
879	1.000e2
880	1.090e2
881	3.030e2
882	3.470e2
883	7.830e2
884	7.870e2
885	1.821e3
886	1.474e3
887	8.810e2
888	3.710e2
889	1.930e2
890	1.010e2
891	7.800e1
892	6.400e1
893	6.100e1
894	5.700e1
895	6.200e1
896	6.800e1
897	7.400e1
898	8.600e1
899	1.070e2
900	1.210e2
901	1.080e2
902	8.600e1
903	6.100e1
904	5.300e1
905	4.800e1
906	4.700e1
907	4.500e1
908	4.800e1
909	4.900e1
910	4.900e1
911	5.100e1
912	5.300e1
913	6.700e1
914	6.900e1
915	6.300e1
916	5.900e1
917	5.100e1
918	4.700e1
919	4.500e1
920	4.700e1
921	4.700e1
922	4.400e1
923	4.500e1
924	4.400e1
925	4.400e1
926	4.400e1
927	4.300e1
928	4.600e1
929	4.500e1
930	4.400e1
931	4.500e1
932	4.300e1
933	4.600e1
934	4.500e1
935	4.400e1
936	4.200e1
937	4.300e1
938	4.200e1
939	4.200e1
940	4.500e1
941	4.300e1
942	4.400e1
943	4.500e1
944	4.300e1
945	4.600e1
946	4.100e1
947	4.200e1
948	4.200e1
949	4.100e1
950	4.400e1
951	4.300e1
952	4.400e1
953	4.200e1
954	4.100e1
955	4.400e1
956	4.100e1
957	3.900e1
958	4.100e1
959	4.100e1
960	4.300e1
961	4.300e1
962	4.300e1
963	4.100e1
964	4.000e1
965	4.300e1
966	4.200e1
967	4.200e1
968	4.100e1
969	3.700e1
970	4.400e1
971	4.200e1
972	4.300e1
973	4.300e1
974	3.800e1
975	4.100e1
976	4.100e1
977	3.900e1
978	4.200e1
979	4.100e1
980	4.000e1
981	4.300e1
982	4.400e1
983	4.300e1
984	3.900e1
985	4.200e1
986	4.200e1
987	4.200e1
988	4.100e1
989	3.700e1
990	4.200e1
991	4.200e1
992	4.100e1
993	4.200e1
994	4.100e1
995	4.000e1
996	3.800e1
997	3.900e1
998	3.900e1
999	3.900e1
