60	9814
61	828
62	418
63	379
64	328
65	536
66	1815
67	15310
68	17190
69	34160
70	19560
71	36070
72	14880
73	5631
74	788
75	442
76	372
77	622
78	1613
79	7603
80	13330
81	21000
82	35930
83	33320
84	28450
85	17980
86	5516
87	2417
88	655
89	502
90	417
91	1745
92	4692
93	11210
94	17270
95	21480
96	44980
97	41420
98	137400
99	16310
100	5655
101	2530
102	774
103	834
104	999
105	4080
106	6972
107	9581
108	15350
109	16910
110	34890
111	31390
112	33180
113	9372
114	6293
115	2606
116	4704
117	3688
118	5095
119	7329
120	8307
121	12110
122	20240
123	18100
124	26270
125	16350
126	17790
127	8687
128	4325
129	7949
130	2213
131	4273
132	5391
133	8262
134	11760
135	14080
136	19870
137	21100
138	20880
139	15540
140	8447
141	7824
142	4556
143	3763
144	3587
145	4570
146	5618
147	7744
148	11160
149	13060
150	18730
151	26080
152	27260
153	12040
154	12460
155	11810
156	5314
157	4169
158	4271
159	4610
160	5409
161	6624
162	9035
163	9932
164	14410
165	15290
166	16550
167	9844
168	8177
169	5927
170	5078
171	4847
172	5066
173	4816
174	5040
175	6133
176	7100
177	7932
178	11740
179	9918
180	10800
181	7162
182	6782
183	5005
184	5099
185	6836
186	5085
187	4408
188	4712
189	5601
190	6155
191	7744
192	8748
193	8452
194	9036
195	5745
196	6204
197	4180
198	4081
199	4219
200	4114
201	3739
202	4267
203	4885
204	5611
205	6682
206	8396
207	12630
208	9432
209	7021
210	6749
211	3963
212	3596
213	3844
214	3856
215	3339
216	3810
217	4056
218	5632
219	6085
220	11620
221	9689
222	9329
223	5584
224	4630
225	3563
226	3232
227	3331
228	3389
229	3029
230	3182
231	3360
232	4985
233	4708
234	8708
235	8570
236	10050
237	5074
238	5541
239	4418
240	3769
241	3602
242	3535
243	3445
244	3340
245	4278
246	7104
247	5930
248	4798
249	5725
250	4131
251	3793
252	3311
253	3222
254	3162
255	2706
256	4641
257	3309
258	3290
259	5992
260	7437
261	10970
262	41620
263	22610
264	68520
265	18280
266	5950
267	3466
268	2448
269	2085
270	2568
271	2794
272	3307
273	3504
274	3833
275	4592
276	4295
277	6512
278	8211
279	11070
280	21980
281	15770
282	11440
283	4339
284	3173
285	1717
286	1730
287	1613
288	2133
289	1605
290	2328
291	1633
292	2275
293	1580
294	1587
295	1573
296	1028
297	906
298	832
299	846
300	833
301	850
302	793
303	776
304	790
305	833
306	787
307	782
308	685
309	681
310	654
311	643
312	682
313	1176
314	731
315	597
316	693
317	626
318	1160
319	705
320	1066
321	683
322	821
323	954
324	639
325	569
326	474
327	481
328	476
329	474
330	495
331	516
332	605
333	669
334	1509
335	1046
336	4753
337	1619
338	5959
339	5128
340	1423
341	925
342	503
343	438
344	409
345	417
346	414
347	544
348	426
349	512
350	418
351	494
352	415
353	413
354	426
355	746
356	543
357	510
358	382
359	346
360	351
361	336
362	344
363	328
364	334
365	346
366	324
367	388
368	352
369	319
370	308
371	309
372	367
373	329
374	324
375	311
376	319
377	332
378	347
379	339
380	508
381	500
382	485
383	388
384	310
385	290
386	279
387	306
388	297
389	305
390	309
391	364
392	340
393	875
394	573
395	445
396	769
397	537
398	399
399	302
400	293
401	302
402	311
403	309
404	300
405	323
406	311
407	320
408	310
409	316
410	365
411	324
412	322
413	286
414	317
415	361
416	312
417	300
418	283
419	286
420	273
421	310
422	293
423	336
424	317
425	275
426	251
427	244
428	237
429	405
430	446
431	391
432	291
433	301
434	269
435	299
436	378
437	340
438	293
439	254
440	226
441	230
442	207
443	230
444	218
445	241
446	299
447	491
448	399
449	910
450	618
451	364
452	281
453	233
454	202
455	196
456	197
457	199
458	193
459	192
460	213
461	242
462	282
463	313
464	353
465	321
466	272
467	249
468	199
469	194
470	179
471	195
472	193
473	214
474	255
475	286
476	336
477	367
478	380
479	360
480	344
481	287
482	222
483	196
484	186
485	203
486	202
487	234
488	245
489	317
490	372
491	385
492	416
493	366
494	309
495	263
496	221
497	200
498	218
499	234
500	258
501	313
502	469
503	414
504	418
505	466
506	807
507	644
508	377
509	266
510	213
511	195
512	202
513	213
514	219
515	214
516	231
517	242
518	314
519	324
520	575
521	573
522	355
523	280
524	226
525	225
526	218
527	244
528	244
529	263
530	265
531	245
532	256
533	272
534	301
535	280
536	228
537	196
538	190
539	199
540	206
541	230
542	229
543	241
544	221
545	214
546	234
547	240
548	231
549	226
550	226
551	225
552	217
553	183
554	158
555	165
556	158
557	178
558	172
559	224
560	229
561	209
562	195
563	190
564	178
565	168
566	154
567	141
568	192
569	144
570	149
571	163
572	237
573	307
574	879
575	1198
576	1545
577	2617
578	1917
579	872
580	399
581	203
582	152
583	136
584	136
585	142
586	157
587	178
588	207
589	255
590	281
591	222
592	204
593	166
594	159
595	179
596	217
597	312
598	1091
599	1225
600	4229
601	4838
602	10510
603	17170
604	6903
605	3198
606	1442
607	625
608	288
609	184
610	154
611	145
612	144
613	166
614	211
615	322
616	499
617	543
618	562
619	449
620	362
621	375
622	221
623	142
624	113
625	105
626	110
627	108
628	120
629	126
630	148
631	157
632	160
633	148
634	140
635	104
636	100
637	99
638	95
639	92
640	94
641	94
642	100
643	106
644	114
645	138
646	134
647	134
648	124
649	114
650	103
651	100
652	100
653	95
654	100
655	102
656	111
657	123
658	134
659	143
660	138
661	146
662	131
663	123
664	107
665	90
666	88
667	92
668	88
669	98
670	100
671	114
672	123
673	137
674	125
675	123
676	115
677	112
678	102
679	86
680	84
681	84
682	91
683	89
684	99
685	109
686	118
687	135
688	121
689	119
690	107
691	101
692	87
693	83
694	83
695	83
696	85
697	92
698	108
699	111
700	121
701	131
702	123
703	123
704	104
705	96
706	89
707	82
708	74
709	81
710	88
711	93
712	107
713	119
714	130
715	135
716	142
717	135
718	121
719	108
720	92
721	80
722	81
723	85
724	82
725	94
726	103
727	132
728	149
729	176
730	177
731	181
732	147
733	135
734	105
735	82
736	83
737	81
738	86
739	97
740	120
741	156
742	179
743	208
744	226
745	251
746	180
747	146
748	109
749	95
750	82
751	87
752	93
753	106
754	152
755	199
756	262
757	275
758	296
759	325
760	221
761	158
762	110
763	93
764	90
765	90
766	98
767	124
768	174
769	245
770	336
771	309
772	295
773	303
774	211
775	146
776	109
777	91
778	86
779	89
780	100
781	120
782	170
783	222
784	271
785	262
786	244
787	249
788	176
789	136
790	102
791	91
792	88
793	90
794	109
795	129
796	182
797	207
798	222
799	207
800	188
801	184
802	132
803	108
804	90
805	83
806	87
807	93
808	117
809	127
810	175
811	193
812	186
813	159
814	144
815	132
816	101
817	94
818	81
819	80
820	86
821	86
822	105
823	105
824	126
825	130
826	143
827	138
828	133
829	137
830	109
831	101
832	87
833	88
834	80
835	79
836	91
837	96
838	111
839	161
840	155
841	189
842	203
843	118
844	92
845	83
846	82
847	79
848	75
849	75
850	82
851	92
852	120
853	216
854	261
855	519
856	481
857	642
858	505
859	454
860	281
861	154
862	109
863	120
864	135
865	236
866	241
867	431
868	332
869	228
870	161
871	131
872	128
873	109
874	106
875	95
876	106
877	150
878	239
879	654
880	978
881	1850
882	1862
883	2103
884	1852
885	1846
886	1216
887	598
888	265
889	139
890	102
891	81
892	86
893	85
894	98
895	101
896	127
897	123
898	131
899	118
900	113
901	85
902	69
903	61
904	52
905	51
906	56
907	57
908	54
909	58
910	57
911	67
912	64
913	64
914	60
915	57
916	53
917	51
918	51
919	49
920	52
921	48
922	51
923	52
924	52
925	52
926	51
927	50
928	52
929	50
930	50
931	47
932	50
933	51
934	52
935	48
936	47
937	48
938	49
939	49
940	48
941	48
942	49
943	47
944	49
945	46
946	45
947	46
948	46
949	47
950	47
951	46
952	48
953	48
954	49
955	47
956	42
957	47
958	46
959	48
960	44
961	46
962	47
963	48
964	47
965	47
966	47
967	47
968	48
969	46
970	47
971	46
972	46
973	48
974	49
975	45
976	47
977	49
978	49
979	46
980	49
981	47
982	49
983	48
984	47
985	47
986	49
987	48
988	47
989	47
990	46
991	44
992	43
993	41
994	44
995	48
996	46
997	46
998	44
999	43
