60	1.045e3
61	3.890e2
62	2.690e2
63	2.500e2
64	2.350e2
65	3.410e2
66	6.530e2
67	5.062e3
68	5.763e3
69	1.108e4
70	6.318e3
71	1.042e4
72	4.323e3
73	9.280e2
74	4.590e2
75	2.690e2
76	2.390e2
77	3.560e2
78	5.980e2
79	1.789e3
80	4.604e3
81	7.198e3
82	1.075e4
83	1.054e4
84	8.247e3
85	5.989e3
86	1.002e3
87	6.200e2
88	3.210e2
89	2.630e2
90	2.630e2
91	6.560e2
92	9.070e2
93	3.857e3
94	6.085e3
95	7.658e3
96	1.239e4
97	1.175e4
98	2.487e4
99	4.966e3
100	1.113e3
101	6.580e2
102	3.810e2
103	3.840e2
104	4.910e2
105	7.960e2
106	1.553e3
107	3.320e3
108	5.353e3
109	6.034e3
110	1.000e4
111	9.241e3
112	8.802e3
113	3.308e3
114	1.674e3
115	7.370e2
116	1.361e3
117	9.260e2
118	9.770e2
119	2.576e3
120	2.899e3
121	4.272e3
122	5.642e3
123	5.848e3
124	7.991e3
125	5.523e3
126	5.536e3
127	3.085e3
128	9.910e2
129	3.161e3
130	7.400e2
131	1.004e3
132	1.160e3
133	2.955e3
134	4.048e3
135	5.214e3
136	5.801e3
137	6.547e3
138	6.665e3
139	5.483e3
140	3.000e3
141	2.761e3
142	1.050e3
143	1.060e3
144	8.640e2
145	1.050e3
146	1.358e3
147	2.795e3
148	3.939e3
149	4.649e3
150	6.137e3
151	7.536e3
152	7.973e3
153	4.046e3
154	3.766e3
155	3.607e3
156	1.135e3
157	1.036e3
158	1.009e3
159	1.155e3
160	1.370e3
161	2.487e3
162	2.978e3
163	3.534e3
164	5.050e3
165	4.934e3
166	5.561e3
167	3.520e3
168	2.705e3
169	1.945e3
170	1.091e3
171	1.483e3
172	1.822e3
173	1.315e3
174	1.343e3
175	2.285e3
176	2.551e3
177	2.866e3
178	4.041e3
179	3.325e3
180	3.794e3
181	2.569e3
182	2.338e3
183	1.611e3
184	1.265e3
185	2.865e3
186	1.649e3
187	1.248e3
188	1.225e3
189	2.064e3
190	2.215e3
191	2.735e3
192	2.902e3
193	2.843e3
194	3.108e3
195	1.998e3
196	2.028e3
197	1.152e3
198	1.059e3
199	1.230e3
200	1.119e3
201	1.043e3
202	1.053e3
203	1.382e3
204	1.566e3
205	2.299e3
206	2.581e3
207	4.490e3
208	3.370e3
209	2.623e3
210	1.743e3
211	1.068e3
212	9.000e2
213	1.074e3
214	1.114e3
215	9.370e2
216	9.930e2
217	1.135e3
218	1.699e3
219	2.173e3
220	3.435e3
221	3.015e3
222	3.044e3
223	1.817e3
224	1.170e3
225	9.830e2
226	9.280e2
227	9.950e2
228	9.680e2
229	8.840e2
230	8.730e2
231	9.560e2
232	1.438e3
233	1.360e3
234	2.941e3
235	2.937e3
236	3.442e3
237	1.874e3
238	1.769e3
239	1.539e3
240	1.279e3
241	1.062e3
242	1.283e3
243	9.560e2
244	1.022e3
245	1.230e3
246	2.568e3
247	2.177e3
248	1.419e3
249	1.927e3
250	1.134e3
251	1.075e3
252	9.080e2
253	9.440e2
254	9.060e2
255	7.590e2
256	1.277e3
257	8.080e2
258	8.770e2
259	1.304e3
260	3.355e3
261	3.001e3
262	1.497e4
263	7.042e3
264	1.569e4
265	6.344e3
266	1.667e3
267	9.560e2
268	7.160e2
269	6.980e2
270	7.160e2
271	7.440e2
272	7.650e2
273	8.950e2
274	9.390e2
275	1.216e3
276	1.176e3
277	2.171e3
278	2.745e3
279	3.555e3
280	5.413e3
281	4.364e3
282	3.068e3
283	8.780e2
284	7.400e2
285	6.030e2
286	6.410e2
287	5.910e2
288	6.970e2
289	6.400e2
290	7.710e2
291	6.870e2
292	8.530e2
293	6.650e2
294	7.450e2
295	7.690e2
296	5.280e2
297	4.950e2
298	4.270e2
299	4.410e2
300	4.260e2
301	4.420e2
302	3.970e2
303	4.360e2
304	4.190e2
305	4.490e2
306	4.340e2
307	4.580e2
308	4.060e2
309	3.730e2
310	3.680e2
311	3.650e2
312	3.620e2
313	6.880e2
314	4.050e2
315	3.300e2
316	3.950e2
317	3.450e2
318	6.640e2
319	4.190e2
320	5.090e2
321	3.870e2
322	3.920e2
323	4.160e2
324	3.250e2
325	3.380e2
326	2.760e2
327	2.550e2
328	2.500e2
329	2.600e2
330	2.570e2
331	2.950e2
332	3.470e2
333	3.580e2
334	6.380e2
335	5.210e2
336	2.251e3
337	7.450e2
338	3.112e3
339	3.243e3
340	6.210e2
341	5.020e2
342	2.970e2
343	2.510e2
344	2.240e2
345	2.410e2
346	2.260e2
347	2.690e2
348	2.510e2
349	2.930e2
350	2.350e2
351	3.180e2
352	2.630e2
353	2.750e2
354	2.960e2
355	4.220e2
356	3.400e2
357	2.920e2
358	2.270e2
359	2.050e2
360	2.020e2
361	1.970e2
362	2.140e2
363	1.980e2
364	1.910e2
365	2.220e2
366	2.010e2
367	2.570e2
368	2.110e2
369	1.870e2
370	1.740e2
371	1.800e2
372	1.950e2
373	1.830e2
374	1.740e2
375	1.790e2
376	1.940e2
377	1.860e2
378	2.050e2
379	2.110e2
380	3.220e2
381	3.020e2
382	2.640e2
383	2.120e2
384	1.710e2
385	1.600e2
386	1.550e2
387	1.670e2
388	1.720e2
389	1.720e2
390	1.790e2
391	2.170e2
392	1.930e2
393	5.230e2
394	3.280e2
395	2.580e2
396	3.330e2
397	2.660e2
398	2.190e2
399	1.750e2
400	1.660e2
401	1.690e2
402	1.740e2
403	1.650e2
404	1.750e2
405	1.750e2
406	1.690e2
407	1.960e2
408	1.880e2
409	1.830e2
410	2.240e2
411	1.790e2
412	1.760e2
413	1.610e2
414	1.770e2
415	1.960e2
416	1.730e2
417	1.680e2
418	1.630e2
419	1.710e2
420	1.620e2
421	1.970e2
422	1.810e2
423	2.140e2
424	2.060e2
425	1.660e2
426	1.550e2
427	1.350e2
428	1.470e2
429	2.600e2
430	2.170e2
431	2.080e2
432	1.710e2
433	1.990e2
434	1.950e2
435	2.050e2
436	2.830e2
437	2.130e2
438	1.830e2
439	1.610e2
440	1.370e2
441	1.310e2
442	1.380e2
443	1.370e2
444	1.400e2
445	1.460e2
446	1.690e2
447	3.310e2
448	2.560e2
449	5.530e2
450	3.530e2
451	2.380e2
452	1.810e2
453	1.500e2
454	1.350e2
455	1.290e2
456	1.240e2
457	1.310e2
458	1.320e2
459	1.340e2
460	1.430e2
461	1.690e2
462	1.810e2
463	2.180e2
464	2.350e2
465	2.020e2
466	1.910e2
467	1.590e2
468	1.300e2
469	1.310e2
470	1.190e2
471	1.290e2
472	1.380e2
473	1.470e2
474	1.640e2
475	2.030e2
476	2.330e2
477	2.460e2
478	2.640e2
479	2.330e2
480	2.210e2
481	1.860e2
482	1.410e2
483	1.300e2
484	1.250e2
485	1.390e2
486	1.310e2
487	1.570e2
488	1.680e2
489	2.080e2
490	2.530e2
491	2.660e2
492	2.800e2
493	2.460e2
494	2.080e2
495	1.760e2
496	1.440e2
497	1.360e2
498	1.300e2
499	1.440e2
500	1.510e2
501	1.800e2
502	2.440e2
503	2.590e2
504	2.740e2
505	3.120e2
506	4.830e2
507	4.090e2
508	2.600e2
509	1.800e2
510	1.440e2
511	1.340e2
512	1.240e2
513	1.370e2
514	1.410e2
515	1.420e2
516	1.470e2
517	1.600e2
518	2.010e2
519	2.210e2
520	3.220e2
521	3.940e2
522	2.610e2
523	1.840e2
524	1.460e2
525	1.380e2
526	1.410e2
527	1.590e2
528	1.590e2
529	1.720e2
530	1.820e2
531	1.680e2
532	1.740e2
533	1.820e2
534	1.990e2
535	1.950e2
536	1.550e2
537	1.350e2
538	1.230e2
539	1.180e2
540	1.220e2
541	1.280e2
542	1.340e2
543	1.370e2
544	1.450e2
545	1.540e2
546	1.500e2
547	1.610e2
548	1.540e2
549	1.580e2
550	1.450e2
551	1.450e2
552	1.560e2
553	1.210e2
554	1.110e2
555	1.110e2
556	1.160e2
557	1.140e2
558	1.230e2
559	1.380e2
560	1.580e2
561	1.530e2
562	1.360e2
563	1.360e2
564	1.380e2
565	1.200e2
566	1.070e2
567	1.030e2
568	1.010e2
569	1.110e2
570	1.090e2
571	1.200e2
572	1.630e2
573	2.140e2
574	3.890e2
575	7.310e2
576	8.340e2
577	1.321e3
578	1.087e3
579	6.050e2
580	2.840e2
581	1.500e2
582	1.050e2
583	1.060e2
584	1.030e2
585	1.030e2
586	1.170e2
587	1.310e2
588	1.440e2
589	1.750e2
590	1.980e2
591	1.730e2
592	1.490e2
593	1.290e2
594	1.120e2
595	1.390e2
596	1.570e2
597	2.220e2
598	5.210e2
599	7.730e2
600	1.994e3
601	2.354e3
602	4.283e3
603	5.533e3
604	3.736e3
605	1.669e3
606	8.570e2
607	4.170e2
608	2.140e2
609	1.390e2
610	1.150e2
611	1.100e2
612	1.160e2
613	1.240e2
614	1.560e2
615	2.380e2
616	3.530e2
617	4.070e2
618	4.210e2
619	3.960e2
620	3.030e2
621	3.280e2
622	1.940e2
623	1.240e2
624	9.300e1
625	8.700e1
626	8.900e1
627	9.000e1
628	9.900e1
629	1.010e2
630	1.140e2
631	1.220e2
632	1.330e2
633	1.170e2
634	1.180e2
635	9.300e1
636	8.800e1
637	8.400e1
638	7.900e1
639	7.900e1
640	7.700e1
641	7.900e1
642	8.100e1
643	8.500e1
644	9.100e1
645	1.080e2
646	1.060e2
647	1.040e2
648	1.000e2
649	9.300e1
650	8.600e1
651	8.500e1
652	8.500e1
653	8.500e1
654	8.200e1
655	8.600e1
656	8.700e1
657	9.800e1
658	1.010e2
659	1.150e2
660	1.040e2
661	1.040e2
662	1.010e2
663	9.800e1
664	8.200e1
665	8.200e1
666	7.200e1
667	7.800e1
668	7.300e1
669	7.600e1
670	8.600e1
671	8.700e1
672	8.900e1
673	1.010e2
674	9.500e1
675	1.020e2
676	9.100e1
677	9.300e1
678	7.900e1
679	7.100e1
680	6.800e1
681	6.800e1
682	6.900e1
683	7.100e1
684	8.000e1
685	9.600e1
686	9.300e1
687	1.020e2
688	9.300e1
689	9.300e1
690	8.500e1
691	7.800e1
692	7.500e1
693	7.000e1
694	6.800e1
695	7.000e1
696	6.800e1
697	7.500e1
698	7.900e1
699	9.300e1
700	9.200e1
701	1.060e2
702	1.010e2
703	9.900e1
704	8.700e1
705	7.900e1
706	6.700e1
707	6.900e1
708	6.700e1
709	6.400e1
710	7.200e1
711	7.600e1
712	7.900e1
713	9.700e1
714	1.000e2
715	1.130e2
716	1.120e2
717	1.150e2
718	9.400e1
719	8.800e1
720	7.300e1
721	7.200e1
722	6.500e1
723	7.100e1
724	7.200e1
725	7.100e1
726	8.500e1
727	1.090e2
728	1.110e2
729	1.330e2
730	1.400e2
731	1.540e2
732	1.130e2
733	1.010e2
734	8.200e1
735	7.200e1
736	6.900e1
737	7.000e1
738	6.900e1
739	7.500e1
740	9.200e1
741	1.150e2
742	1.350e2
743	1.540e2
744	1.660e2
745	2.000e2
746	1.410e2
747	1.230e2
748	9.000e1
749	7.500e1
750	7.200e1
751	7.000e1
752	7.200e1
753	8.500e1
754	1.120e2
755	1.460e2
756	1.900e2
757	2.060e2
758	2.010e2
759	2.550e2
760	1.730e2
761	1.250e2
762	9.000e1
763	7.400e1
764	7.100e1
765	7.200e1
766	7.700e1
767	9.200e1
768	1.300e2
769	1.710e2
770	2.490e2
771	2.350e2
772	2.130e2
773	2.330e2
774	1.630e2
775	1.180e2
776	8.800e1
777	7.500e1
778	7.300e1
779	7.200e1
780	8.100e1
781	9.100e1
782	1.220e2
783	1.610e2
784	1.990e2
785	2.030e2
786	1.840e2
787	2.040e2
788	1.380e2
789	1.110e2
790	8.600e1
791	7.200e1
792	6.900e1
793	6.900e1
794	8.800e1
795	9.500e1
796	1.340e2
797	1.490e2
798	1.670e2
799	1.580e2
800	1.410e2
801	1.450e2
802	1.040e2
803	8.500e1
804	7.400e1
805	6.600e1
806	6.500e1
807	7.100e1
808	8.900e1
809	9.400e1
810	1.320e2
811	1.400e2
812	1.490e2
813	1.240e2
814	1.060e2
815	1.080e2
816	8.300e1
817	7.400e1
818	7.000e1
819	6.600e1
820	7.000e1
821	7.000e1
822	7.800e1
823	8.100e1
824	9.500e1
825	1.010e2
826	1.070e2
827	1.080e2
828	9.500e1
829	1.070e2
830	8.800e1
831	8.100e1
832	7.200e1
833	6.600e1
834	6.200e1
835	6.600e1
836	6.800e1
837	7.700e1
838	8.400e1
839	1.200e2
840	1.130e2
841	1.420e2
842	1.130e2
843	9.100e1
844	7.400e1
845	7.000e1
846	6.600e1
847	6.200e1
848	6.500e1
849	6.100e1
850	6.500e1
851	7.400e1
852	8.400e1
853	1.580e2
854	1.650e2
855	4.420e2
856	3.320e2
857	5.000e2
858	3.630e2
859	3.520e2
860	2.090e2
861	1.160e2
862	8.100e1
863	8.900e1
864	9.400e1
865	1.790e2
866	1.630e2
867	3.520e2
868	2.530e2
869	1.640e2
870	1.260e2
871	1.070e2
872	1.010e2
873	8.700e1
874	9.100e1
875	8.300e1
876	8.000e1
877	1.000e2
878	1.320e2
879	4.310e2
880	4.430e2
881	1.103e3
882	9.320e2
883	1.281e3
884	1.003e3
885	1.110e3
886	7.750e2
887	4.250e2
888	2.000e2
889	1.030e2
890	8.000e1
891	6.600e1
892	7.400e1
893	7.000e1
894	8.800e1
895	8.900e1
896	1.110e2
897	1.070e2
898	1.290e2
899	1.010e2
900	1.130e2
901	8.300e1
902	6.200e1
903	5.600e1
904	5.200e1
905	5.000e1
906	4.800e1
907	5.200e1
908	5.200e1
909	5.300e1
910	5.000e1
911	5.500e1
912	5.300e1
913	5.600e1
914	5.400e1
915	5.000e1
916	4.600e1
917	4.600e1
918	4.200e1
919	4.600e1
920	4.600e1
921	4.500e1
922	4.800e1
923	4.300e1
924	4.400e1
925	4.700e1
926	4.600e1
927	4.900e1
928	4.600e1
929	4.500e1
930	4.700e1
931	4.300e1
932	4.800e1
933	4.500e1
934	4.400e1
935	4.700e1
936	4.500e1
937	4.500e1
938	4.800e1
939	4.400e1
940	4.500e1
941	4.300e1
942	4.400e1
943	4.400e1
944	4.300e1
945	4.500e1
946	4.400e1
947	4.400e1
948	4.500e1
949	4.400e1
950	4.500e1
951	4.200e1
952	4.300e1
953	4.400e1
954	4.400e1
955	4.500e1
956	4.200e1
957	4.400e1
958	4.400e1
959	4.300e1
960	4.200e1
961	4.100e1
962	4.100e1
963	4.300e1
964	4.200e1
965	4.500e1
966	4.400e1
967	4.500e1
968	4.500e1
969	4.200e1
970	4.600e1
971	4.500e1
972	4.300e1
973	4.400e1
974	4.200e1
975	4.300e1
976	4.200e1
977	4.600e1
978	4.100e1
979	4.100e1
980	4.400e1
981	4.400e1
982	4.500e1
983	4.100e1
984	4.000e1
985	4.300e1
986	4.100e1
987	4.400e1
988	4.100e1
989	3.900e1
990	4.000e1
991	3.900e1
992	4.100e1
993	4.200e1
994	4.400e1
995	4.200e1
996	4.200e1
997	4.300e1
998	4.400e1
999	4.400e1
