60	1.340e3
61	4.260e2
62	3.000e2
63	2.700e2
64	2.480e2
65	3.520e2
66	6.290e2
67	5.020e3
68	5.605e3
69	1.204e4
70	6.319e3
71	1.227e4
72	4.871e3
73	1.008e3
74	4.590e2
75	2.770e2
76	2.400e2
77	3.720e2
78	5.300e2
79	1.449e3
80	4.064e3
81	7.027e3
82	9.990e3
83	1.098e4
84	7.769e3
85	6.578e3
86	1.083e3
87	6.350e2
88	3.270e2
89	2.660e2
90	2.620e2
91	5.790e2
92	7.430e2
93	3.237e3
94	5.310e3
95	7.200e3
96	1.135e4
97	1.196e4
98	2.122e4
99	4.739e3
100	1.197e3
101	6.450e2
102	3.680e2
103	3.490e2
104	4.210e2
105	6.520e2
106	1.097e3
107	2.463e3
108	4.801e3
109	5.690e3
110	9.291e3
111	9.578e3
112	8.218e3
113	3.394e3
114	1.747e3
115	7.410e2
116	1.112e3
117	6.900e2
118	7.510e2
119	1.420e3
120	1.785e3
121	3.886e3
122	5.370e3
123	5.589e3
124	7.652e3
125	5.822e3
126	5.511e3
127	3.173e3
128	1.114e3
129	2.156e3
130	6.080e2
131	7.900e2
132	8.730e2
133	2.049e3
134	3.583e3
135	4.715e3
136	5.560e3
137	6.333e3
138	6.573e3
139	5.854e3
140	3.079e3
141	2.767e3
142	1.102e3
143	8.380e2
144	6.720e2
145	8.180e2
146	1.000e3
147	1.903e3
148	3.552e3
149	4.224e3
150	5.839e3
151	6.953e3
152	7.653e3
153	4.254e3
154	3.953e3
155	3.350e3
156	1.160e3
157	8.610e2
158	7.920e2
159	8.810e2
160	1.032e3
161	1.625e3
162	2.665e3
163	3.284e3
164	4.938e3
165	4.816e3
166	5.434e3
167	3.551e3
168	2.680e3
169	1.499e3
170	9.160e2
171	1.175e3
172	1.217e3
173	1.057e3
174	1.033e3
175	1.568e3
176	2.138e3
177	2.703e3
178	4.014e3
179	3.239e3
180	3.715e3
181	2.548e3
182	2.050e3
183	1.337e3
184	1.213e3
185	2.042e3
186	1.261e3
187	9.900e2
188	9.840e2
189	1.395e3
190	1.725e3
191	2.551e3
192	2.854e3
193	2.744e3
194	3.107e3
195	1.778e3
196	1.748e3
197	1.024e3
198	8.910e2
199	1.053e3
200	9.100e2
201	8.850e2
202	9.080e2
203	1.228e3
204	1.382e3
205	1.958e3
206	2.607e3
207	4.081e3
208	3.237e3
209	2.354e3
210	1.354e3
211	8.870e2
212	7.780e2
213	9.400e2
214	8.950e2
215	8.140e2
216	8.770e2
217	9.730e2
218	1.420e3
219	1.689e3
220	3.473e3
221	2.836e3
222	3.015e3
223	1.606e3
224	1.107e3
225	8.290e2
226	8.120e2
227	8.410e2
228	7.900e2
229	7.680e2
230	7.670e2
231	8.490e2
232	1.257e3
233	1.219e3
234	3.053e3
235	3.134e3
236	3.580e3
237	2.086e3
238	1.578e3
239	1.255e3
240	1.079e3
241	8.810e2
242	1.043e3
243	8.070e2
244	9.540e2
245	1.043e3
246	2.376e3
247	1.806e3
248	1.297e3
249	1.641e3
250	1.117e3
251	1.070e3
252	8.240e2
253	8.380e2
254	7.670e2
255	6.590e2
256	1.204e3
257	7.150e2
258	7.720e2
259	1.256e3
260	3.942e3
261	3.585e3
262	2.121e4
263	9.280e3
264	1.797e4
265	7.202e3
266	1.509e3
267	9.560e2
268	6.550e2
269	5.990e2
270	6.290e2
271	6.360e2
272	6.900e2
273	7.710e2
274	8.550e2
275	1.081e3
276	1.059e3
277	1.874e3
278	2.268e3
279	4.035e3
280	5.451e3
281	5.031e3
282	3.334e3
283	8.030e2
284	7.160e2
285	5.570e2
286	5.650e2
287	5.340e2
288	6.310e2
289	5.660e2
290	7.150e2
291	6.030e2
292	8.240e2
293	5.950e2
294	6.850e2
295	6.250e2
296	4.840e2
297	4.480e2
298	3.930e2
299	4.010e2
300	3.970e2
301	4.140e2
302	3.690e2
303	4.040e2
304	4.000e2
305	4.090e2
306	4.020e2
307	4.160e2
308	3.640e2
309	3.350e2
310	3.370e2
311	3.420e2
312	3.270e2
313	8.090e2
314	4.020e2
315	3.240e2
316	3.920e2
317	3.370e2
318	7.180e2
319	4.140e2
320	4.960e2
321	3.830e2
322	3.850e2
323	4.170e2
324	3.180e2
325	3.370e2
326	2.700e2
327	2.470e2
328	2.400e2
329	2.480e2
330	2.450e2
331	2.940e2
332	3.190e2
333	3.530e2
334	4.680e2
335	4.920e2
336	1.762e3
337	7.610e2
338	2.859e3
339	3.727e3
340	7.810e2
341	5.280e2
342	3.070e2
343	2.470e2
344	2.200e2
345	2.270e2
346	2.220e2
347	2.550e2
348	2.440e2
349	2.610e2
350	2.280e2
351	3.150e2
352	2.630e2
353	2.780e2
354	3.060e2
355	3.840e2
356	3.440e2
357	2.970e2
358	2.280e2
359	2.090e2
360	2.030e2
361	2.010e2
362	2.130e2
363	2.020e2
364	1.950e2
365	2.330e2
366	2.100e2
367	2.640e2
368	2.160e2
369	1.930e2
370	1.860e2
371	1.880e2
372	2.050e2
373	1.860e2
374	1.840e2
375	1.870e2
376	2.080e2
377	2.010e2
378	2.180e2
379	2.300e2
380	3.550e2
381	3.320e2
382	2.890e2
383	2.390e2
384	1.880e2
385	1.730e2
386	1.670e2
387	1.790e2
388	1.900e2
389	1.850e2
390	1.940e2
391	2.300e2
392	2.110e2
393	5.760e2
394	3.520e2
395	2.890e2
396	3.720e2
397	3.330e2
398	2.690e2
399	2.000e2
400	1.830e2
401	1.860e2
402	1.950e2
403	1.840e2
404	1.970e2
405	2.000e2
406	1.890e2
407	2.130e2
408	2.040e2
409	2.000e2
410	2.560e2
411	2.050e2
412	2.070e2
413	1.860e2
414	1.930e2
415	2.080e2
416	1.920e2
417	1.890e2
418	1.870e2
419	1.920e2
420	1.840e2
421	2.260e2
422	2.090e2
423	2.370e2
424	2.390e2
425	1.960e2
426	1.780e2
427	1.570e2
428	1.680e2
429	2.490e2
430	2.400e2
431	2.520e2
432	2.030e2
433	2.310e2
434	2.280e2
435	2.360e2
436	3.350e2
437	2.560e2
438	2.210e2
439	1.930e2
440	1.610e2
441	1.550e2
442	1.590e2
443	1.560e2
444	1.630e2
445	1.690e2
446	2.260e2
447	4.000e2
448	3.190e2
449	6.100e2
450	3.930e2
451	2.800e2
452	2.200e2
453	1.800e2
454	1.580e2
455	1.500e2
456	1.420e2
457	1.560e2
458	1.540e2
459	1.540e2
460	1.660e2
461	1.960e2
462	2.240e2
463	2.690e2
464	2.880e2
465	2.570e2
466	2.400e2
467	1.950e2
468	1.600e2
469	1.550e2
470	1.370e2
471	1.530e2
472	1.670e2
473	1.780e2
474	1.990e2
475	2.460e2
476	2.920e2
477	3.240e2
478	3.360e2
479	3.080e2
480	2.890e2
481	2.480e2
482	1.820e2
483	1.570e2
484	1.500e2
485	1.680e2
486	1.630e2
487	1.840e2
488	2.030e2
489	2.340e2
490	3.030e2
491	3.420e2
492	3.550e2
493	3.210e2
494	2.790e2
495	2.380e2
496	1.860e2
497	1.680e2
498	1.590e2
499	1.800e2
500	1.880e2
501	2.260e2
502	2.820e2
503	3.000e2
504	3.390e2
505	3.910e2
506	6.680e2
507	5.800e2
508	3.690e2
509	2.480e2
510	1.850e2
511	1.690e2
512	1.560e2
513	1.740e2
514	1.780e2
515	1.750e2
516	1.830e2
517	1.990e2
518	2.570e2
519	2.940e2
520	4.400e2
521	5.810e2
522	3.720e2
523	2.510e2
524	1.910e2
525	1.810e2
526	1.800e2
527	2.070e2
528	2.100e2
529	2.270e2
530	2.420e2
531	2.200e2
532	2.310e2
533	2.440e2
534	2.590e2
535	2.730e2
536	2.080e2
537	1.790e2
538	1.600e2
539	1.530e2
540	1.530e2
541	1.700e2
542	1.730e2
543	1.840e2
544	1.920e2
545	2.030e2
546	2.010e2
547	2.240e2
548	2.160e2
549	2.150e2
550	2.070e2
551	1.940e2
552	2.320e2
553	1.650e2
554	1.470e2
555	1.390e2
556	1.470e2
557	1.500e2
558	1.560e2
559	1.730e2
560	1.950e2
561	1.990e2
562	1.860e2
563	1.790e2
564	1.850e2
565	1.520e2
566	1.370e2
567	1.290e2
568	1.270e2
569	1.410e2
570	1.440e2
571	1.580e2
572	2.250e2
573	3.110e2
574	6.060e2
575	1.079e3
576	1.255e3
577	2.021e3
578	1.761e3
579	9.000e2
580	4.590e2
581	2.240e2
582	1.460e2
583	1.380e2
584	1.330e2
585	1.380e2
586	1.570e2
587	1.810e2
588	2.040e2
589	2.560e2
590	3.110e2
591	2.540e2
592	2.180e2
593	1.850e2
594	1.500e2
595	1.950e2
596	2.220e2
597	3.160e2
598	7.960e2
599	1.131e3
600	2.814e3
601	3.528e3
602	6.353e3
603	9.899e3
604	6.195e3
605	2.706e3
606	1.379e3
607	6.810e2
608	3.380e2
609	2.030e2
610	1.610e2
611	1.460e2
612	1.460e2
613	1.570e2
614	1.980e2
615	3.230e2
616	4.890e2
617	5.700e2
618	6.250e2
619	5.840e2
620	4.700e2
621	5.430e2
622	3.250e2
623	1.840e2
624	1.290e2
625	1.120e2
626	1.160e2
627	1.160e2
628	1.280e2
629	1.360e2
630	1.520e2
631	1.760e2
632	1.890e2
633	1.690e2
634	1.670e2
635	1.250e2
636	1.160e2
637	1.050e2
638	9.900e1
639	9.600e1
640	9.700e1
641	9.800e1
642	1.040e2
643	1.140e2
644	1.220e2
645	1.580e2
646	1.510e2
647	1.510e2
648	1.430e2
649	1.310e2
650	1.190e2
651	1.130e2
652	1.150e2
653	1.170e2
654	1.140e2
655	1.170e2
656	1.200e2
657	1.400e2
658	1.450e2
659	1.730e2
660	1.510e2
661	1.570e2
662	1.440e2
663	1.430e2
664	1.110e2
665	1.090e2
666	9.400e1
667	1.010e2
668	9.800e1
669	9.900e1
670	1.120e2
671	1.230e2
672	1.250e2
673	1.520e2
674	1.360e2
675	1.510e2
676	1.280e2
677	1.330e2
678	1.060e2
679	9.300e1
680	8.900e1
681	8.600e1
682	8.900e1
683	9.300e1
684	1.060e2
685	1.300e2
686	1.300e2
687	1.510e2
688	1.370e2
689	1.390e2
690	1.190e2
691	1.070e2
692	9.700e1
693	9.000e1
694	8.800e1
695	9.000e1
696	9.000e1
697	9.500e1
698	1.060e2
699	1.330e2
700	1.290e2
701	1.570e2
702	1.470e2
703	1.500e2
704	1.230e2
705	1.110e2
706	9.000e1
707	8.700e1
708	8.400e1
709	8.100e1
710	9.200e1
711	9.700e1
712	1.030e2
713	1.390e2
714	1.380e2
715	1.750e2
716	1.690e2
717	1.810e2
718	1.420e2
719	1.300e2
720	1.020e2
721	9.400e1
722	8.400e1
723	9.000e1
724	9.100e1
725	9.100e1
726	1.140e2
727	1.590e2
728	1.650e2
729	2.120e2
730	2.260e2
731	2.660e2
732	1.850e2
733	1.650e2
734	1.200e2
735	9.600e1
736	9.000e1
737	9.100e1
738	9.100e1
739	9.900e1
740	1.290e2
741	1.770e2
742	2.170e2
743	2.590e2
744	2.830e2
745	3.600e2
746	2.390e2
747	2.010e2
748	1.370e2
749	1.010e2
750	9.100e1
751	9.000e1
752	1.000e2
753	1.120e2
754	1.660e2
755	2.310e2
756	3.180e2
757	3.650e2
758	3.460e2
759	4.550e2
760	3.040e2
761	2.110e2
762	1.380e2
763	1.050e2
764	9.700e1
765	9.700e1
766	1.070e2
767	1.260e2
768	1.990e2
769	2.780e2
770	4.250e2
771	4.030e2
772	3.710e2
773	4.150e2
774	2.870e2
775	1.930e2
776	1.330e2
777	1.060e2
778	9.800e1
779	9.600e1
780	1.110e2
781	1.250e2
782	1.840e2
783	2.580e2
784	3.400e2
785	3.450e2
786	3.120e2
787	3.590e2
788	2.360e2
789	1.780e2
790	1.240e2
791	1.000e2
792	9.100e1
793	9.100e1
794	1.220e2
795	1.350e2
796	2.090e2
797	2.420e2
798	2.820e2
799	2.610e2
800	2.340e2
801	2.470e2
802	1.700e2
803	1.300e2
804	1.050e2
805	8.500e1
806	8.500e1
807	9.500e1
808	1.330e2
809	1.360e2
810	2.040e2
811	2.250e2
812	2.440e2
813	2.010e2
814	1.670e2
815	1.710e2
816	1.230e2
817	1.030e2
818	9.300e1
819	8.600e1
820	9.300e1
821	9.300e1
822	1.080e2
823	1.100e2
824	1.310e2
825	1.480e2
826	1.630e2
827	1.670e2
828	1.450e2
829	1.710e2
830	1.350e2
831	1.210e2
832	1.000e2
833	8.900e1
834	8.100e1
835	8.600e1
836	8.800e1
837	1.030e2
838	1.150e2
839	1.950e2
840	1.780e2
841	2.460e2
842	1.850e2
843	1.380e2
844	1.070e2
845	9.600e1
846	8.800e1
847	8.200e1
848	8.200e1
849	8.200e1
850	8.300e1
851	1.040e2
852	1.150e2
853	2.760e2
854	2.720e2
855	7.320e2
856	6.090e2
857	8.900e2
858	6.840e2
859	6.480e2
860	3.980e2
861	2.010e2
862	1.180e2
863	1.270e2
864	1.270e2
865	2.870e2
866	2.500e2
867	5.590e2
868	4.290e2
869	2.780e2
870	1.980e2
871	1.670e2
872	1.580e2
873	1.320e2
874	1.380e2
875	1.200e2
876	1.140e2
877	1.590e2
878	1.990e2
879	7.430e2
880	8.180e2
881	2.208e3
882	1.852e3
883	2.663e3
884	2.005e3
885	2.205e3
886	1.470e3
887	7.570e2
888	3.760e2
889	1.730e2
890	1.210e2
891	9.200e1
892	9.700e1
893	9.100e1
894	1.140e2
895	1.210e2
896	1.540e2
897	1.520e2
898	1.860e2
899	1.440e2
900	1.650e2
901	1.170e2
902	8.100e1
903	6.600e1
904	6.100e1
905	5.500e1
906	5.200e1
907	5.800e1
908	5.800e1
909	6.200e1
910	5.900e1
911	6.900e1
912	6.500e1
913	7.200e1
914	6.400e1
915	5.600e1
916	5.000e1
917	4.900e1
918	4.700e1
919	4.800e1
920	5.000e1
921	4.700e1
922	5.200e1
923	4.800e1
924	4.900e1
925	5.300e1
926	5.200e1
927	5.200e1
928	4.800e1
929	4.800e1
930	4.800e1
931	4.700e1
932	5.100e1
933	4.700e1
934	4.600e1
935	4.800e1
936	4.700e1
937	4.800e1
938	5.200e1
939	4.700e1
940	4.800e1
941	4.700e1
942	4.700e1
943	4.700e1
944	4.600e1
945	4.700e1
946	4.700e1
947	4.800e1
948	4.600e1
949	4.600e1
950	4.400e1
951	4.500e1
952	4.600e1
953	4.600e1
954	4.700e1
955	4.800e1
956	4.400e1
957	4.700e1
958	4.700e1
959	4.600e1
960	4.400e1
961	4.300e1
962	4.300e1
963	4.500e1
964	4.300e1
965	4.700e1
966	4.600e1
967	4.700e1
968	4.700e1
969	4.400e1
970	4.600e1
971	4.700e1
972	4.400e1
973	4.600e1
974	4.500e1
975	4.500e1
976	4.500e1
977	4.800e1
978	4.100e1
979	4.400e1
980	4.700e1
981	4.600e1
982	4.800e1
983	4.200e1
984	4.100e1
985	4.500e1
986	4.200e1
987	4.400e1
988	4.300e1
989	4.200e1
990	4.100e1
991	4.100e1
992	4.300e1
993	4.400e1
994	4.700e1
995	4.400e1
996	4.300e1
997	4.500e1
998	4.500e1
999	4.600e1
