60	9.210e2
61	3.700e2
62	2.680e2
63	2.480e2
64	2.280e2
65	3.170e2
66	5.820e2
67	4.330e3
68	4.690e3
69	9.900e3
70	5.214e3
71	9.434e3
72	3.442e3
73	8.470e2
74	4.270e2
75	2.600e2
76	2.300e2
77	3.360e2
78	5.220e2
79	1.544e3
80	3.688e3
81	6.115e3
82	9.133e3
83	9.441e3
84	7.198e3
85	5.270e3
86	8.790e2
87	5.630e2
88	3.040e2
89	2.490e2
90	2.470e2
91	5.770e2
92	7.710e2
93	3.069e3
94	4.807e3
95	6.546e3
96	1.070e4
97	1.047e4
98	2.066e4
99	4.183e3
100	1.011e3
101	5.940e2
102	3.470e2
103	3.480e2
104	4.320e2
105	6.760e2
106	1.295e3
107	2.700e3
108	4.352e3
109	5.113e3
110	8.547e3
111	8.182e3
112	7.345e3
113	2.771e3
114	1.526e3
115	6.780e2
116	1.214e3
117	8.050e2
118	8.010e2
119	1.544e3
120	2.290e3
121	3.462e3
122	4.426e3
123	4.948e3
124	6.800e3
125	4.818e3
126	4.661e3
127	2.692e3
128	8.980e2
129	2.670e3
130	6.430e2
131	8.330e2
132	9.190e2
133	2.371e3
134	3.279e3
135	4.325e3
136	4.608e3
137	5.428e3
138	5.624e3
139	4.745e3
140	2.490e3
141	2.412e3
142	9.250e2
143	8.970e2
144	7.120e2
145	8.520e2
146	1.046e3
147	2.246e3
148	3.230e3
149	3.871e3
150	5.149e3
151	6.345e3
152	6.779e3
153	3.500e3
154	3.132e3
155	2.940e3
156	9.790e2
157	8.970e2
158	8.450e2
159	9.310e2
160	1.085e3
161	1.996e3
162	2.407e3
163	2.926e3
164	4.347e3
165	4.164e3
166	4.775e3
167	3.045e3
168	2.300e3
169	1.634e3
170	8.980e2
171	1.192e3
172	1.316e3
173	1.103e3
174	1.085e3
175	1.853e3
176	2.068e3
177	2.362e3
178	3.464e3
179	2.771e3
180	3.213e3
181	2.220e3
182	2.028e3
183	1.392e3
184	1.080e3
185	2.367e3
186	1.303e3
187	1.057e3
188	9.730e2
189	1.536e3
190	1.769e3
191	2.197e3
192	2.352e3
193	2.354e3
194	2.608e3
195	1.715e3
196	1.806e3
197	1.007e3
198	8.910e2
199	1.063e3
200	9.580e2
201	8.790e2
202	8.670e2
203	1.132e3
204	1.211e3
205	1.822e3
206	2.079e3
207	4.320e3
208	2.946e3
209	2.280e3
210	1.552e3
211	9.230e2
212	7.550e2
213	9.230e2
214	9.670e2
215	7.800e2
216	8.130e2
217	9.480e2
218	1.352e3
219	1.685e3
220	2.917e3
221	2.551e3
222	2.628e3
223	1.610e3
224	1.042e3
225	8.530e2
226	8.030e2
227	8.610e2
228	8.200e2
229	7.340e2
230	7.220e2
231	7.850e2
232	1.167e3
233	1.081e3
234	2.550e3
235	2.610e3
236	3.082e3
237	1.763e3
238	1.463e3
239	1.311e3
240	1.099e3
241	9.030e2
242	1.121e3
243	8.100e2
244	8.930e2
245	9.940e2
246	2.306e3
247	1.783e3
248	1.206e3
249	1.529e3
250	9.650e2
251	9.150e2
252	7.780e2
253	7.860e2
254	7.690e2
255	6.230e2
256	1.059e3
257	6.650e2
258	7.180e2
259	9.870e2
260	3.484e3
261	2.557e3
262	1.742e4
263	7.190e3
264	1.545e4
265	6.651e3
266	1.659e3
267	8.720e2
268	6.110e2
269	5.890e2
270	5.860e2
271	6.110e2
272	6.050e2
273	7.130e2
274	7.420e2
275	1.004e3
276	1.018e3
277	1.811e3
278	2.596e3
279	3.114e3
280	5.316e3
281	3.774e3
282	2.772e3
283	8.220e2
284	6.350e2
285	4.980e2
286	5.230e2
287	4.850e2
288	5.740e2
289	5.410e2
290	6.520e2
291	6.080e2
292	7.170e2
293	5.900e2
294	6.310e2
295	6.750e2
296	4.630e2
297	4.370e2
298	3.650e2
299	3.780e2
300	3.620e2
301	3.730e2
302	3.410e2
303	3.710e2
304	3.680e2
305	3.880e2
306	3.710e2
307	3.930e2
308	3.520e2
309	3.220e2
310	3.230e2
311	3.290e2
312	3.160e2
313	8.530e2
314	3.760e2
315	2.950e2
316	3.670e2
317	3.100e2
318	6.600e2
319	3.890e2
320	4.670e2
321	3.580e2
322	3.560e2
323	3.860e2
324	2.930e2
325	3.230e2
326	2.540e2
327	2.300e2
328	2.240e2
329	2.330e2
330	2.290e2
331	2.710e2
332	3.120e2
333	3.370e2
334	5.470e2
335	4.760e2
336	2.181e3
337	7.700e2
338	3.141e3
339	3.954e3
340	8.120e2
341	5.340e2
342	2.940e2
343	2.360e2
344	2.060e2
345	2.220e2
346	2.110e2
347	2.450e2
348	2.280e2
349	2.590e2
350	2.150e2
351	2.980e2
352	2.520e2
353	2.700e2
354	2.960e2
355	4.750e2
356	3.660e2
357	3.060e2
358	2.200e2
359	1.940e2
360	1.920e2
361	1.890e2
362	2.010e2
363	1.900e2
364	1.860e2
365	2.190e2
366	1.970e2
367	2.560e2
368	2.030e2
369	1.820e2
370	1.710e2
371	1.840e2
372	1.930e2
373	1.750e2
374	1.670e2
375	1.700e2
376	1.890e2
377	1.830e2
378	2.000e2
379	2.130e2
380	3.320e2
381	3.110e2
382	2.630e2
383	2.130e2
384	1.690e2
385	1.560e2
386	1.540e2
387	1.630e2
388	1.690e2
389	1.700e2
390	1.770e2
391	2.160e2
392	1.940e2
393	5.930e2
394	3.380e2
395	2.670e2
396	3.480e2
397	2.860e2
398	2.300e2
399	1.780e2
400	1.670e2
401	1.710e2
402	1.770e2
403	1.670e2
404	1.780e2
405	1.770e2
406	1.710e2
407	2.000e2
408	1.900e2
409	1.850e2
410	2.310e2
411	1.820e2
412	1.760e2
413	1.650e2
414	1.750e2
415	2.030e2
416	1.780e2
417	1.770e2
418	1.660e2
419	1.750e2
420	1.670e2
421	2.070e2
422	1.860e2
423	2.250e2
424	2.210e2
425	1.750e2
426	1.600e2
427	1.410e2
428	1.530e2
429	2.880e2
430	2.300e2
431	2.280e2
432	1.800e2
433	2.160e2
434	2.110e2
435	2.200e2
436	3.060e2
437	2.300e2
438	1.970e2
439	1.700e2
440	1.470e2
441	1.430e2
442	1.450e2
443	1.450e2
444	1.480e2
445	1.570e2
446	1.810e2
447	3.680e2
448	2.870e2
449	6.700e2
450	3.800e2
451	2.590e2
452	1.980e2
453	1.620e2
454	1.430e2
455	1.350e2
456	1.310e2
457	1.370e2
458	1.390e2
459	1.410e2
460	1.520e2
461	1.850e2
462	2.030e2
463	2.470e2
464	2.630e2
465	2.260e2
466	2.120e2
467	1.720e2
468	1.420e2
469	1.360e2
470	1.250e2
471	1.380e2
472	1.510e2
473	1.620e2
474	1.800e2
475	2.290e2
476	2.630e2
477	2.840e2
478	3.020e2
479	2.700e2
480	2.510e2
481	2.130e2
482	1.590e2
483	1.430e2
484	1.310e2
485	1.510e2
486	1.430e2
487	1.730e2
488	1.830e2
489	2.280e2
490	2.790e2
491	3.070e2
492	3.210e2
493	2.830e2
494	2.390e2
495	2.030e2
496	1.630e2
497	1.480e2
498	1.410e2
499	1.570e2
500	1.630e2
501	1.920e2
502	2.480e2
503	2.850e2
504	3.090e2
505	3.620e2
506	6.420e2
507	4.890e2
508	3.110e2
509	2.130e2
510	1.620e2
511	1.490e2
512	1.350e2
513	1.500e2
514	1.530e2
515	1.550e2
516	1.600e2
517	1.760e2
518	2.290e2
519	2.580e2
520	3.750e2
521	4.700e2
522	3.100e2
523	2.140e2
524	1.660e2
525	1.550e2
526	1.550e2
527	1.790e2
528	1.830e2
529	1.960e2
530	2.090e2
531	1.930e2
532	2.000e2
533	2.120e2
534	2.280e2
535	2.310e2
536	1.780e2
537	1.520e2
538	1.360e2
539	1.300e2
540	1.330e2
541	1.400e2
542	1.450e2
543	1.490e2
544	1.620e2
545	1.730e2
546	1.690e2
547	1.840e2
548	1.810e2
549	1.810e2
550	1.680e2
551	1.660e2
552	1.850e2
553	1.370e2
554	1.250e2
555	1.210e2
556	1.290e2
557	1.280e2
558	1.360e2
559	1.550e2
560	1.780e2
561	1.740e2
562	1.550e2
563	1.580e2
564	1.570e2
565	1.360e2
566	1.220e2
567	1.140e2
568	1.120e2
569	1.240e2
570	1.240e2
571	1.360e2
572	1.880e2
573	2.540e2
574	4.530e2
575	8.390e2
576	1.010e3
577	1.579e3
578	1.341e3
579	6.830e2
580	3.510e2
581	1.790e2
582	1.230e2
583	1.180e2
584	1.160e2
585	1.160e2
586	1.320e2
587	1.500e2
588	1.700e2
589	2.080e2
590	2.450e2
591	2.120e2
592	1.740e2
593	1.510e2
594	1.260e2
595	1.620e2
596	1.810e2
597	2.570e2
598	7.720e2
599	9.300e2
600	2.401e3
601	2.854e3
602	5.385e3
603	7.474e3
604	4.805e3
605	2.099e3
606	1.055e3
607	5.200e2
608	2.600e2
609	1.650e2
610	1.360e2
611	1.250e2
612	1.280e2
613	1.370e2
614	1.770e2
615	2.820e2
616	4.240e2
617	4.970e2
618	5.050e2
619	4.740e2
620	3.770e2
621	4.170e2
622	2.400e2
623	1.460e2
624	1.080e2
625	9.600e1
626	9.900e1
627	9.800e1
628	1.110e2
629	1.150e2
630	1.280e2
631	1.430e2
632	1.560e2
633	1.390e2
634	1.380e2
635	1.080e2
636	1.000e2
637	9.400e1
638	8.600e1
639	8.600e1
640	8.500e1
641	8.500e1
642	9.100e1
643	9.500e1
644	1.030e2
645	1.250e2
646	1.230e2
647	1.190e2
648	1.130e2
649	1.040e2
650	9.800e1
651	9.800e1
652	9.600e1
653	9.800e1
654	9.300e1
655	9.600e1
656	1.000e2
657	1.110e2
658	1.180e2
659	1.340e2
660	1.200e2
661	1.220e2
662	1.160e2
663	1.110e2
664	9.200e1
665	9.200e1
666	8.000e1
667	8.500e1
668	8.300e1
669	8.400e1
670	9.400e1
671	9.900e1
672	1.030e2
673	1.180e2
674	1.090e2
675	1.170e2
676	1.050e2
677	1.060e2
678	8.700e1
679	7.800e1
680	7.400e1
681	7.400e1
682	7.400e1
683	7.700e1
684	8.900e1
685	1.060e2
686	1.060e2
687	1.190e2
688	1.090e2
689	1.090e2
690	9.500e1
691	8.900e1
692	8.000e1
693	7.700e1
694	7.500e1
695	7.700e1
696	7.800e1
697	8.300e1
698	9.100e1
699	1.080e2
700	1.060e2
701	1.230e2
702	1.170e2
703	1.150e2
704	9.900e1
705	9.000e1
706	7.500e1
707	7.500e1
708	7.200e1
709	6.900e1
710	7.700e1
711	8.300e1
712	8.700e1
713	1.120e2
714	1.120e2
715	1.340e2
716	1.310e2
717	1.360e2
718	1.080e2
719	1.000e2
720	8.100e1
721	7.700e1
722	7.100e1
723	7.700e1
724	7.800e1
725	7.800e1
726	9.500e1
727	1.280e2
728	1.310e2
729	1.610e2
730	1.690e2
731	1.900e2
732	1.340e2
733	1.220e2
734	9.500e1
735	7.900e1
736	7.500e1
737	7.600e1
738	8.000e1
739	8.200e1
740	1.070e2
741	1.390e2
742	1.640e2
743	1.910e2
744	2.030e2
745	2.490e2
746	1.740e2
747	1.460e2
748	1.040e2
749	8.400e1
750	7.800e1
751	7.500e1
752	8.200e1
753	9.500e1
754	1.330e2
755	1.750e2
756	2.360e2
757	2.590e2
758	2.500e2
759	3.250e2
760	2.150e2
761	1.540e2
762	1.080e2
763	8.400e1
764	7.900e1
765	8.000e1
766	8.800e1
767	1.050e2
768	1.550e2
769	2.100e2
770	3.200e2
771	2.940e2
772	2.660e2
773	2.960e2
774	2.050e2
775	1.420e2
776	1.040e2
777	8.600e1
778	8.200e1
779	8.000e1
780	9.000e1
781	1.030e2
782	1.480e2
783	1.990e2
784	2.510e2
785	2.510e2
786	2.300e2
787	2.560e2
788	1.690e2
789	1.320e2
790	9.800e1
791	8.100e1
792	7.700e1
793	7.700e1
794	1.000e2
795	1.100e2
796	1.620e2
797	1.830e2
798	2.100e2
799	1.960e2
800	1.730e2
801	1.770e2
802	1.260e2
803	9.900e1
804	8.300e1
805	7.100e1
806	7.300e1
807	7.900e1
808	1.070e2
809	1.100e2
810	1.590e2
811	1.710e2
812	1.860e2
813	1.490e2
814	1.240e2
815	1.300e2
816	9.200e1
817	8.300e1
818	7.900e1
819	7.200e1
820	7.900e1
821	7.800e1
822	9.000e1
823	9.100e1
824	1.100e2
825	1.200e2
826	1.270e2
827	1.280e2
828	1.100e2
829	1.280e2
830	1.020e2
831	9.400e1
832	8.100e1
833	7.300e1
834	6.800e1
835	7.400e1
836	7.700e1
837	8.800e1
838	9.700e1
839	1.470e2
840	1.380e2
841	1.780e2
842	1.340e2
843	1.070e2
844	8.400e1
845	7.700e1
846	7.200e1
847	7.000e1
848	7.000e1
849	7.000e1
850	7.100e1
851	8.400e1
852	9.200e1
853	1.950e2
854	1.980e2
855	4.750e2
856	4.140e2
857	5.780e2
858	4.490e2
859	4.450e2
860	2.580e2
861	1.410e2
862	9.400e1
863	1.050e2
864	1.070e2
865	2.240e2
866	1.990e2
867	3.970e2
868	3.180e2
869	2.020e2
870	1.540e2
871	1.280e2
872	1.220e2
873	1.040e2
874	1.060e2
875	9.600e1
876	9.200e1
877	1.210e2
878	1.530e2
879	5.060e2
880	5.680e2
881	1.443e3
882	1.202e3
883	1.710e3
884	1.307e3
885	1.405e3
886	9.480e2
887	4.850e2
888	2.520e2
889	1.240e2
890	9.100e1
891	7.400e1
892	8.400e1
893	8.100e1
894	1.000e2
895	1.040e2
896	1.350e2
897	1.260e2
898	1.570e2
899	1.220e2
900	1.340e2
901	9.800e1
902	7.000e1
903	6.000e1
904	5.600e1
905	5.100e1
906	4.800e1
907	5.400e1
908	5.300e1
909	5.600e1
910	5.300e1
911	6.000e1
912	5.700e1
913	6.200e1
914	5.700e1
915	5.000e1
916	4.600e1
917	4.800e1
918	4.400e1
919	4.500e1
920	4.600e1
921	4.600e1
922	4.700e1
923	4.600e1
924	4.600e1
925	4.800e1
926	4.600e1
927	5.000e1
928	4.600e1
929	4.600e1
930	4.700e1
931	4.400e1
932	4.800e1
933	4.600e1
934	4.400e1
935	4.600e1
936	4.500e1
937	4.500e1
938	4.800e1
939	4.500e1
940	4.500e1
941	4.400e1
942	4.500e1
943	4.500e1
944	4.400e1
945	4.600e1
946	4.500e1
947	4.500e1
948	4.500e1
949	4.500e1
950	4.400e1
951	4.400e1
952	4.400e1
953	4.600e1
954	4.500e1
955	4.600e1
956	4.200e1
957	4.600e1
958	4.500e1
959	4.300e1
960	4.400e1
961	4.400e1
962	4.200e1
963	4.400e1
964	4.000e1
965	4.500e1
966	4.400e1
967	4.600e1
968	4.500e1
969	4.300e1
970	4.400e1
971	4.400e1
972	4.300e1
973	4.400e1
974	4.300e1
975	4.400e1
976	4.500e1
977	4.600e1
978	4.000e1
979	4.100e1
980	4.500e1
981	4.300e1
982	4.600e1
983	4.000e1
984	4.000e1
985	4.400e1
986	4.100e1
987	4.300e1
988	4.000e1
989	4.000e1
990	3.900e1
991	4.000e1
992	4.200e1
993	4.300e1
994	4.400e1
995	4.200e1
996	4.200e1
997	4.300e1
998	4.400e1
999	4.400e1
