60	1.573e3
61	5.010e2
62	3.330e2
63	3.040e2
64	2.820e2
65	3.200e2
66	6.720e2
67	7.678e3
68	8.726e3
69	2.290e4
70	9.556e3
71	1.856e4
72	5.861e3
73	8.870e2
74	4.770e2
75	2.930e2
76	2.600e2
77	3.310e2
78	6.820e2
79	1.767e3
80	6.976e3
81	1.046e4
82	1.741e4
83	1.509e4
84	1.071e4
85	1.054e4
86	1.301e3
87	6.630e2
88	3.580e2
89	2.840e2
90	2.640e2
91	6.130e2
92	8.570e2
93	5.210e3
94	7.727e3
95	1.089e4
96	1.783e4
97	1.702e4
98	3.040e4
99	7.208e3
100	1.363e3
101	6.980e2
102	3.830e2
103	3.700e2
104	4.680e2
105	7.340e2
106	1.764e3
107	4.445e3
108	7.616e3
109	8.549e3
110	1.400e4
111	1.635e4
112	1.104e4
113	5.337e3
114	2.786e3
115	7.590e2
116	1.690e3
117	8.130e2
118	8.320e2
119	1.918e3
120	3.115e3
121	5.545e3
122	7.199e3
123	8.354e3
124	1.108e4
125	8.312e3
126	6.618e3
127	4.256e3
128	9.730e2
129	2.925e3
130	6.820e2
131	8.810e2
132	1.056e3
133	3.402e3
134	5.145e3
135	8.337e3
136	8.026e3
137	9.300e3
138	1.758e4
139	1.102e4
140	4.561e3
141	3.098e3
142	9.050e2
143	9.310e2
144	7.670e2
145	9.450e2
146	1.113e3
147	4.032e3
148	7.435e3
149	8.424e3
150	1.147e4
151	1.093e4
152	1.075e4
153	5.807e3
154	4.686e3
155	3.902e3
156	1.156e3
157	9.950e2
158	8.860e2
159	1.127e3
160	1.998e3
161	4.541e3
162	4.249e3
163	5.137e3
164	7.667e3
165	6.869e3
166	7.049e3
167	4.575e3
168	3.603e3
169	1.675e3
170	9.850e2
171	1.566e3
172	1.586e3
173	1.570e3
174	1.398e3
175	2.294e3
176	3.668e3
177	4.166e3
178	6.928e3
179	4.559e3
180	4.631e3
181	3.419e3
182	3.124e3
183	1.539e3
184	1.305e3
185	3.247e3
186	1.671e3
187	2.208e3
188	1.452e3
189	2.044e3
190	2.710e3
191	3.930e3
192	3.925e3
193	3.553e3
194	4.155e3
195	2.232e3
196	2.546e3
197	1.291e3
198	9.340e2
199	1.329e3
200	1.038e3
201	1.030e3
202	2.464e3
203	3.196e3
204	2.689e3
205	3.216e3
206	3.709e3
207	1.260e4
208	5.636e3
209	4.339e3
210	2.299e3
211	1.197e3
212	8.550e2
213	1.139e3
214	1.553e3
215	1.058e3
216	9.820e2
217	1.094e3
218	1.833e3
219	2.791e3
220	4.392e3
221	3.053e3
222	3.424e3
223	1.729e3
224	1.440e3
225	8.900e2
226	8.320e2
227	8.940e2
228	8.330e2
229	8.520e2
230	8.240e2
231	8.950e2
232	3.551e3
233	6.408e3
234	5.988e3
235	4.617e3
236	4.476e3
237	1.764e3
238	1.623e3
239	1.536e3
240	1.110e3
241	8.870e2
242	9.580e2
243	8.220e2
244	8.190e2
245	9.210e2
246	1.752e3
247	1.571e3
248	1.215e3
249	1.523e3
250	8.660e2
251	8.300e2
252	7.190e2
253	8.120e2
254	7.370e2
255	6.790e2
256	1.530e3
257	6.970e2
258	8.070e2
259	1.285e3
260	7.360e3
261	4.324e3
262	3.744e4
263	1.324e4
264	1.843e4
265	6.699e3
266	1.074e3
267	1.214e3
268	6.590e2
269	6.300e2
270	5.930e2
271	7.430e2
272	6.670e2
273	7.210e2
274	7.160e2
275	8.770e2
276	1.089e3
277	1.599e3
278	4.036e3
279	5.219e3
280	1.132e4
281	7.463e3
282	3.005e3
283	9.760e2
284	7.180e2
285	5.440e2
286	4.950e2
287	4.900e2
288	5.110e2
289	5.370e2
290	5.430e2
291	6.010e2
292	7.160e2
293	5.970e2
294	5.730e2
295	5.680e2
296	6.070e2
297	5.140e2
298	4.240e2
299	3.620e2
300	3.830e2
301	3.600e2
302	3.510e2
303	3.820e2
304	3.710e2
305	3.900e2
306	3.990e2
307	3.780e2
308	4.540e2
309	3.490e2
310	3.340e2
311	3.350e2
312	3.530e2
313	9.500e2
314	5.060e2
315	3.700e2
316	4.000e2
317	3.390e2
318	5.610e2
319	4.190e2
320	4.550e2
321	3.790e2
322	3.840e2
323	8.450e2
324	4.510e2
325	3.570e2
326	2.960e2
327	2.920e2
328	2.800e2
329	2.920e2
330	2.860e2
331	2.820e2
332	3.430e2
333	3.890e2
334	5.400e2
335	5.390e2
336	2.916e3
337	9.080e2
338	1.697e3
339	2.714e3
340	8.310e2
341	8.350e2
342	4.710e2
343	3.380e2
344	2.570e2
345	2.510e2
346	4.310e2
347	2.800e2
348	2.510e2
349	2.980e2
350	2.830e2
351	3.840e2
352	3.330e2
353	3.190e2
354	2.050e4
355	5.517e3
356	8.420e2
357	5.450e2
358	3.200e2
359	2.570e2
360	2.320e2
361	2.230e2
362	2.210e2
363	2.120e2
364	2.120e2
365	2.870e2
366	2.360e2
367	3.020e2
368	2.690e2
369	2.490e2
370	2.595e3
371	5.210e2
372	2.790e2
373	2.190e2
374	2.050e2
375	2.080e2
376	2.100e2
377	2.080e2
378	2.320e2
379	2.550e2
380	3.420e2
381	3.560e2
382	4.170e2
383	4.610e2
384	3.530e2
385	2.320e2
386	2.000e2
387	1.910e2
388	1.990e2
389	1.930e2
390	1.950e2
391	2.320e2
392	2.300e2
393	3.700e2
394	4.060e2
395	4.580e2
396	5.960e2
397	9.080e2
398	5.800e2
399	3.080e2
400	2.620e2
401	2.850e2
402	2.450e2
403	2.120e2
404	2.110e2
405	1.980e2
406	2.000e2
407	2.280e2
408	2.620e2
409	2.840e2
410	3.330e2
411	2.910e2
412	2.810e2
413	3.060e2
414	3.180e2
415	6.060e2
416	4.090e2
417	3.590e2
418	2.410e2
419	2.090e2
420	2.000e2
421	2.230e2
422	2.380e2
423	2.600e2
424	2.720e2
425	2.310e2
426	2.090e2
427	1.930e2
428	1.850e2
429	6.060e2
430	3.750e2
431	3.240e2
432	2.290e2
433	2.190e2
434	2.180e2
435	2.210e2
436	2.370e2
437	2.430e2
438	2.280e2
439	2.240e2
440	1.960e2
441	1.690e2
442	1.620e2
443	1.750e2
444	1.680e2
445	1.900e2
446	2.170e2
447	2.800e2
448	3.090e2
449	3.360e2
450	3.840e2
451	2.820e2
452	2.680e2
453	2.200e2
454	1.760e2
455	1.610e2
456	1.580e2
457	1.630e2
458	1.680e2
459	1.680e2
460	1.740e2
461	1.990e2
462	2.230e2
463	2.870e2
464	2.900e2
465	2.910e2
466	2.700e2
467	2.310e2
468	1.890e2
469	1.610e2
470	1.600e2
471	1.660e2
472	1.830e2
473	1.920e2
474	2.020e2
475	2.610e2
476	2.800e2
477	3.520e2
478	3.450e2
479	3.430e2
480	3.310e2
481	3.170e2
482	2.140e2
483	1.770e2
484	1.650e2
485	1.810e2
486	2.010e2
487	2.110e2
488	2.470e2
489	3.350e2
490	3.490e2
491	4.070e2
492	3.950e2
493	3.470e2
494	2.890e2
495	3.110e2
496	2.180e2
497	1.890e2
498	1.820e2
499	2.200e2
500	2.370e2
501	2.620e2
502	2.950e2
503	4.510e2
504	4.470e2
505	4.930e2
506	4.730e2
507	5.500e2
508	3.620e2
509	3.060e2
510	2.140e2
511	1.880e2
512	1.930e2
513	1.960e2
514	2.380e2
515	2.090e2
516	2.150e2
517	2.270e2
518	2.680e2
519	3.570e2
520	3.460e2
521	4.510e2
522	3.140e2
523	2.850e2
524	2.300e2
525	2.340e2
526	2.310e2
527	2.630e2
528	2.800e2
529	2.470e2
530	2.480e2
531	2.440e2
532	2.720e2
533	2.810e2
534	2.930e2
535	2.850e2
536	2.190e2
537	1.960e2
538	1.680e2
539	1.660e2
540	1.780e2
541	1.770e2
542	2.080e2
543	2.020e2
544	2.160e2
545	2.370e2
546	2.650e2
547	2.680e2
548	2.490e2
549	2.490e2
550	2.410e2
551	2.960e2
552	6.320e2
553	3.450e2
554	1.980e2
555	1.610e2
556	1.720e2
557	1.700e2
558	1.770e2
559	1.860e2
560	2.230e2
561	2.200e2
562	2.440e2
563	2.390e2
564	2.310e2
565	2.050e2
566	1.620e2
567	1.520e2
568	1.420e2
569	1.650e2
570	1.800e2
571	1.940e2
572	2.780e2
573	5.020e2
574	7.000e2
575	2.527e3
576	1.871e3
577	2.977e3
578	3.825e3
579	1.784e3
580	1.009e3
581	4.210e2
582	2.170e2
583	1.650e2
584	1.520e2
585	1.620e2
586	2.020e2
587	2.050e2
588	2.500e2
589	2.820e2
590	4.040e2
591	3.460e2
592	3.280e2
593	2.760e2
594	2.210e2
595	2.620e2
596	3.100e2
597	5.330e2
598	1.116e3
599	2.798e3
600	2.487e3
601	6.691e3
602	4.857e3
603	6.979e3
604	6.745e3
605	3.736e3
606	2.651e3
607	1.164e3
608	5.620e2
609	2.860e2
610	2.020e2
611	1.810e2
612	2.070e2
613	2.420e2
614	3.990e2
615	5.360e2
616	1.044e3
617	1.441e3
618	1.141e3
619	1.065e3
620	5.710e2
621	4.800e2
622	2.920e2
623	1.810e2
624	1.520e2
625	1.330e2
626	1.510e2
627	1.370e2
628	1.680e2
629	1.850e2
630	2.030e2
631	2.810e2
632	2.760e2
633	2.820e2
634	2.850e2
635	1.950e2
636	1.600e2
637	1.470e2
638	1.310e2
639	1.220e2
640	1.190e2
641	1.200e2
642	1.240e2
643	1.400e2
644	1.510e2
645	1.980e2
646	1.780e2
647	1.920e2
648	1.640e2
649	1.490e2
650	1.300e2
651	1.320e2
652	1.310e2
653	1.310e2
654	1.290e2
655	1.360e2
656	1.520e2
657	1.880e2
658	1.850e2
659	2.530e2
660	2.160e2
661	2.110e2
662	1.840e2
663	1.980e2
664	1.550e2
665	1.330e2
666	1.190e2
667	1.170e2
668	1.140e2
669	1.210e2
670	1.360e2
671	1.670e2
672	1.640e2
673	2.000e2
674	1.900e2
675	2.360e2
676	1.870e2
677	2.000e2
678	1.500e2
679	1.160e2
680	1.030e2
681	9.900e1
682	1.140e2
683	1.150e2
684	1.340e2
685	1.620e2
686	1.580e2
687	1.800e2
688	1.660e2
689	2.020e2
690	1.620e2
691	1.410e2
692	1.210e2
693	1.040e2
694	9.900e1
695	1.020e2
696	1.110e2
697	1.240e2
698	1.390e2
699	1.690e2
700	1.550e2
701	1.780e2
702	1.560e2
703	1.590e2
704	1.320e2
705	1.210e2
706	1.040e2
707	9.400e1
708	9.700e1
709	9.800e1
710	1.120e2
711	1.240e2
712	1.460e2
713	1.690e2
714	1.680e2
715	1.900e2
716	1.720e2
717	1.790e2
718	1.460e2
719	1.390e2
720	1.150e2
721	1.040e2
722	9.600e1
723	1.010e2
724	1.050e2
725	1.270e2
726	1.470e2
727	1.840e2
728	2.020e2
729	2.130e2
730	2.230e2
731	2.490e2
732	1.820e2
733	1.690e2
734	1.270e2
735	1.090e2
736	1.040e2
737	9.800e1
738	1.110e2
739	1.270e2
740	1.750e2
741	2.210e2
742	2.490e2
743	3.060e2
744	3.300e2
745	3.240e2
746	2.250e2
747	1.910e2
748	1.340e2
749	1.080e2
750	1.010e2
751	1.040e2
752	1.270e2
753	1.500e2
754	2.600e2
755	3.570e2
756	3.840e2
757	4.140e2
758	3.490e2
759	3.710e2
760	2.440e2
761	1.910e2
762	1.450e2
763	1.160e2
764	1.090e2
765	1.130e2
766	1.530e2
767	1.910e2
768	3.760e2
769	4.180e2
770	5.220e2
771	4.660e2
772	3.680e2
773	3.260e2
774	2.220e2
775	1.720e2
776	1.380e2
777	1.140e2
778	1.110e2
779	1.120e2
780	1.730e2
781	2.030e2
782	2.870e2
783	3.570e2
784	4.040e2
785	3.830e2
786	3.000e2
787	2.810e2
788	1.980e2
789	1.640e2
790	1.310e2
791	1.070e2
792	1.030e2
793	1.100e2
794	2.170e2
795	2.340e2
796	3.050e2
797	3.160e2
798	3.170e2
799	2.840e2
800	2.390e2
801	2.040e2
802	1.550e2
803	1.340e2
804	1.300e2
805	1.130e2
806	1.160e2
807	1.220e2
808	2.530e2
809	2.590e2
810	3.080e2
811	2.940e2
812	2.640e2
813	2.240e2
814	1.860e2
815	1.640e2
816	1.230e2
817	1.100e2
818	1.090e2
819	1.040e2
820	1.070e2
821	1.220e2
822	1.610e2
823	1.770e2
824	1.770e2
825	1.800e2
826	1.740e2
827	1.760e2
828	1.570e2
829	1.630e2
830	1.390e2
831	1.550e2
832	1.340e2
833	1.180e2
834	1.020e2
835	1.040e2
836	1.140e2
837	1.330e2
838	1.420e2
839	1.910e2
840	1.810e2
841	2.040e2
842	1.670e2
843	1.390e2
844	1.180e2
845	1.080e2
846	1.080e2
847	1.040e2
848	1.000e2
849	1.000e2
850	1.060e2
851	1.590e2
852	1.610e2
853	3.050e2
854	3.780e2
855	1.888e3
856	1.437e3
857	1.604e3
858	9.910e2
859	7.110e2
860	4.310e2
861	2.460e2
862	1.540e2
863	1.530e2
864	1.400e2
865	2.060e2
866	1.940e2
867	2.510e2
868	2.300e2
869	1.970e2
870	1.840e2
871	1.690e2
872	1.740e2
873	2.120e2
874	1.910e2
875	1.900e2
876	1.740e2
877	3.090e2
878	4.410e2
879	2.512e3
880	2.162e3
881	4.891e3
882	3.433e3
883	3.997e3
884	2.509e3
885	2.103e3
886	1.252e3
887	5.960e2
888	3.480e2
889	1.820e2
890	1.310e2
891	9.700e1
892	1.060e2
893	9.900e1
894	1.390e2
895	1.300e2
896	1.650e2
897	1.450e2
898	1.540e2
899	1.260e2
900	1.140e2
901	9.600e1
902	7.600e1
903	6.400e1
904	5.900e1
905	5.500e1
906	5.200e1
907	6.100e1
908	5.600e1
909	7.200e1
910	7.900e1
911	1.110e2
912	1.000e2
913	9.600e1
914	7.600e1
915	7.500e1
916	6.500e1
917	5.500e1
918	5.100e1
919	4.800e1
920	4.900e1
921	4.900e1
922	5.000e1
923	4.900e1
924	5.000e1
925	4.700e1
926	4.900e1
927	4.900e1
928	4.800e1
929	4.800e1
930	4.600e1
931	4.700e1
932	4.700e1
933	4.600e1
934	4.700e1
935	4.500e1
936	4.500e1
937	4.600e1
938	4.900e1
939	4.800e1
940	4.800e1
941	4.900e1
942	4.800e1
943	4.700e1
944	4.600e1
945	4.400e1
946	4.400e1
947	4.500e1
948	5.000e1
949	5.000e1
950	4.700e1
951	4.800e1
952	4.600e1
953	4.600e1
954	4.500e1
955	4.400e1
956	4.100e1
957	4.400e1
958	4.500e1
959	4.400e1
960	4.400e1
961	4.300e1
962	4.300e1
963	4.400e1
964	4.400e1
965	4.200e1
966	4.400e1
967	4.400e1
968	4.600e1
969	4.500e1
970	4.300e1
971	4.400e1
972	4.200e1
973	4.400e1
974	4.400e1
975	4.000e1
976	4.200e1
977	4.200e1
978	4.100e1
979	4.500e1
980	4.300e1
981	4.200e1
982	4.400e1
983	4.500e1
984	4.400e1
985	4.100e1
986	4.000e1
987	4.400e1
988	4.300e1
989	4.300e1
990	3.900e1
991	4.000e1
992	4.200e1
993	4.600e1
994	4.500e1
995	4.500e1
996	4.400e1
997	4.400e1
998	4.300e1
999	4.100e1
