60	2.407e3
61	6.160e2
62	4.000e2
63	3.560e2
64	3.240e2
65	3.550e2
66	7.570e2
67	8.792e3
68	9.971e3
69	3.100e4
70	1.126e4
71	2.346e4
72	5.925e3
73	9.720e2
74	5.440e2
75	3.230e2
76	2.690e2
77	3.490e2
78	7.730e2
79	1.598e3
80	7.307e3
81	1.202e4
82	1.927e4
83	1.848e4
84	1.253e4
85	1.323e4
86	2.248e3
87	7.360e2
88	4.120e2
89	3.190e2
90	2.820e2
91	6.430e2
92	8.660e2
93	5.183e3
94	7.835e3
95	1.249e4
96	1.944e4
97	2.046e4
98	2.907e4
99	8.147e3
100	1.330e3
101	7.920e2
102	4.280e2
103	3.870e2
104	4.810e2
105	7.380e2
106	1.515e3
107	4.471e3
108	8.000e3
109	9.701e3
110	1.565e4
111	2.097e4
112	1.138e4
113	6.183e3
114	4.270e3
115	8.130e2
116	1.340e3
117	8.520e2
118	8.040e2
119	1.646e3
120	3.397e3
121	5.593e3
122	7.288e3
123	8.964e3
124	1.246e4
125	9.960e3
126	6.779e3
127	4.829e3
128	1.015e3
129	3.222e3
130	7.060e2
131	9.000e2
132	1.036e3
133	3.429e3
134	5.137e3
135	9.622e3
136	8.502e3
137	1.015e4
138	2.628e4
139	1.341e4
140	5.216e3
141	4.237e3
142	9.870e2
143	9.360e2
144	7.990e2
145	9.490e2
146	1.099e3
147	3.631e3
148	8.725e3
149	9.733e3
150	1.241e4
151	1.150e4
152	1.158e4
153	6.543e3
154	4.965e3
155	4.030e3
156	1.059e3
157	9.790e2
158	9.400e2
159	1.122e3
160	2.393e3
161	5.919e3
162	4.770e3
163	5.408e3
164	8.496e3
165	7.474e3
166	7.741e3
167	5.190e3
168	3.952e3
169	2.094e3
170	1.002e3
171	1.514e3
172	1.475e3
173	1.446e3
174	1.293e3
175	3.049e3
176	3.839e3
177	4.343e3
178	8.213e3
179	4.980e3
180	5.052e3
181	3.915e3
182	3.686e3
183	1.553e3
184	1.209e3
185	3.275e3
186	2.063e3
187	2.506e3
188	1.507e3
189	2.545e3
190	3.268e3
191	3.854e3
192	4.070e3
193	3.689e3
194	4.739e3
195	3.077e3
196	3.346e3
197	1.207e3
198	9.910e2
199	1.212e3
200	1.104e3
201	1.190e3
202	3.205e3
203	4.643e3
204	3.405e3
205	3.457e3
206	3.889e3
207	1.517e4
208	6.528e3
209	4.847e3
210	3.320e3
211	1.207e3
212	9.310e2
213	1.090e3
214	2.026e3
215	1.455e3
216	1.026e3
217	1.076e3
218	2.317e3
219	3.927e3
220	4.719e3
221	3.728e3
222	4.059e3
223	2.035e3
224	1.545e3
225	9.940e2
226	9.370e2
227	9.980e2
228	9.020e2
229	9.580e2
230	8.910e2
231	9.680e2
232	6.012e3
233	1.247e4
234	7.538e3
235	6.591e3
236	5.441e3
237	3.114e3
238	1.861e3
239	1.783e3
240	1.071e3
241	9.680e2
242	1.059e3
243	8.980e2
244	9.210e2
245	9.690e2
246	2.271e3
247	1.498e3
248	1.271e3
249	1.462e3
250	1.054e3
251	9.570e2
252	8.150e2
253	9.050e2
254	8.160e2
255	7.720e2
256	1.548e3
257	7.440e2
258	9.460e2
259	9.680e2
260	1.149e4
261	5.364e3
262	6.374e4
263	2.023e4
264	2.414e4
265	1.015e4
266	1.115e3
267	1.195e3
268	7.540e2
269	6.940e2
270	6.680e2
271	1.158e3
272	7.510e2
273	9.340e2
274	7.700e2
275	9.610e2
276	1.088e3
277	1.458e3
278	5.824e3
279	5.682e3
280	1.345e4
281	8.272e3
282	4.279e3
283	1.133e3
284	8.160e2
285	6.280e2
286	5.470e2
287	5.340e2
288	5.670e2
289	6.150e2
290	6.150e2
291	7.120e2
292	7.670e2
293	7.260e2
294	6.540e2
295	7.160e2
296	7.740e2
297	6.390e2
298	5.030e2
299	4.640e2
300	4.940e2
301	4.240e2
302	4.290e2
303	4.680e2
304	4.500e2
305	4.590e2
306	4.710e2
307	4.380e2
308	5.840e2
309	4.180e2
310	3.990e2
311	4.080e2
312	4.230e2
313	2.124e3
314	9.630e2
315	5.080e2
316	5.330e2
317	4.220e2
318	7.570e2
319	5.320e2
320	5.610e2
321	4.690e2
322	4.660e2
323	1.330e3
324	6.140e2
325	4.820e2
326	3.850e2
327	3.640e2
328	3.740e2
329	4.190e2
330	3.840e2
331	3.650e2
332	4.070e2
333	5.050e2
334	6.310e2
335	6.470e2
336	5.024e3
337	1.320e3
338	3.245e3
339	6.051e3
340	1.635e3
341	1.841e3
342	6.820e2
343	4.480e2
344	3.310e2
345	3.150e2
346	6.090e2
347	3.340e2
348	3.060e2
349	3.360e2
350	3.420e2
351	5.150e2
352	4.390e2
353	4.470e2
354	3.690e4
355	1.025e4
356	2.195e3
357	7.960e2
358	4.810e2
359	3.490e2
360	3.050e2
361	2.910e2
362	2.790e2
363	2.660e2
364	2.690e2
365	3.680e2
366	3.050e2
367	4.030e2
368	3.570e2
369	3.630e2
370	4.650e3
371	1.374e3
372	4.120e2
373	2.950e2
374	2.670e2
375	2.680e2
376	2.740e2
377	2.690e2
378	3.090e2
379	3.420e2
380	4.710e2
381	5.090e2
382	5.990e2
383	6.510e2
384	5.040e2
385	3.150e2
386	2.690e2
387	2.530e2
388	2.660e2
389	2.570e2
390	2.590e2
391	3.160e2
392	3.090e2
393	5.460e2
394	5.830e2
395	6.540e2
396	8.690e2
397	1.338e3
398	8.440e2
399	4.440e2
400	4.140e2
401	4.650e2
402	3.600e2
403	2.910e2
404	2.870e2
405	2.650e2
406	2.640e2
407	3.030e2
408	3.510e2
409	3.860e2
410	4.400e2
411	3.750e2
412	3.810e2
413	4.580e2
414	7.320e2
415	1.101e3
416	7.950e2
417	6.210e2
418	3.700e2
419	2.870e2
420	2.710e2
421	3.110e2
422	3.320e2
423	3.600e2
424	3.760e2
425	3.150e2
426	2.770e2
427	2.660e2
428	2.460e2
429	1.169e3
430	5.970e2
431	5.110e2
432	3.380e2
433	3.190e2
434	3.150e2
435	3.190e2
436	3.440e2
437	3.540e2
438	3.260e2
439	3.140e2
440	2.700e2
441	2.290e2
442	2.150e2
443	2.400e2
444	2.320e2
445	2.730e2
446	3.110e2
447	4.190e2
448	4.710e2
449	5.210e2
450	5.940e2
451	4.260e2
452	3.980e2
453	3.140e2
454	2.450e2
455	2.190e2
456	2.130e2
457	2.230e2
458	2.250e2
459	2.270e2
460	2.420e2
461	2.790e2
462	3.280e2
463	4.410e2
464	4.470e2
465	4.430e2
466	4.100e2
467	3.450e2
468	2.710e2
469	2.240e2
470	2.220e2
471	2.290e2
472	2.610e2
473	2.680e2
474	2.910e2
475	3.750e2
476	4.290e2
477	5.610e2
478	5.520e2
479	5.480e2
480	5.210e2
481	5.000e2
482	3.170e2
483	2.500e2
484	2.300e2
485	2.560e2
486	2.930e2
487	3.080e2
488	3.710e2
489	4.920e2
490	5.310e2
491	6.350e2
492	6.430e2
493	5.550e2
494	4.560e2
495	4.900e2
496	3.260e2
497	2.690e2
498	2.590e2
499	3.030e2
500	3.500e2
501	3.750e2
502	4.260e2
503	8.590e2
504	7.800e2
505	8.560e2
506	8.200e2
507	9.150e2
508	5.980e2
509	4.910e2
510	3.250e2
511	2.730e2
512	2.800e2
513	2.850e2
514	3.540e2
515	3.060e2
516	3.140e2
517	3.530e2
518	4.230e2
519	5.890e2
520	5.750e2
521	7.590e2
522	5.110e2
523	4.630e2
524	3.520e2
525	3.560e2
526	3.550e2
527	4.100e2
528	4.460e2
529	3.830e2
530	3.890e2
531	3.790e2
532	4.430e2
533	4.580e2
534	4.740e2
535	4.600e2
536	3.400e2
537	3.000e2
538	2.420e2
539	2.330e2
540	2.520e2
541	2.520e2
542	3.000e2
543	2.950e2
544	3.240e2
545	3.680e2
546	4.340e2
547	4.410e2
548	4.010e2
549	3.850e2
550	3.690e2
551	4.530e2
552	9.500e2
553	5.240e2
554	2.930e2
555	2.320e2
556	2.570e2
557	2.550e2
558	2.710e2
559	2.910e2
560	3.530e2
561	3.490e2
562	3.890e2
563	3.580e2
564	3.500e2
565	3.020e2
566	2.370e2
567	2.190e2
568	2.080e2
569	2.410e2
570	2.730e2
571	2.960e2
572	4.400e2
573	8.260e2
574	1.196e3
575	4.196e3
576	3.130e3
577	5.084e3
578	6.702e3
579	2.971e3
580	1.696e3
581	6.680e2
582	3.340e2
583	2.460e2
584	2.250e2
585	2.430e2
586	3.180e2
587	3.250e2
588	4.060e2
589	4.630e2
590	6.670e2
591	5.780e2
592	5.380e2
593	4.460e2
594	3.440e2
595	4.090e2
596	4.910e2
597	1.022e3
598	1.960e3
599	4.912e3
600	4.454e3
601	1.253e4
602	9.004e3
603	1.300e4
604	1.251e4
605	6.808e3
606	4.853e3
607	2.134e3
608	1.066e3
609	4.710e2
610	3.190e2
611	2.800e2
612	3.120e2
613	3.880e2
614	6.630e2
615	9.450e2
616	1.746e3
617	2.652e3
618	2.129e3
619	1.971e3
620	1.087e3
621	8.820e2
622	5.030e2
623	2.910e2
624	2.260e2
625	1.960e2
626	2.270e2
627	2.050e2
628	2.650e2
629	3.010e2
630	3.350e2
631	4.950e2
632	4.830e2
633	4.910e2
634	5.070e2
635	3.240e2
636	2.650e2
637	2.160e2
638	1.880e2
639	1.690e2
640	1.660e2
641	1.690e2
642	1.790e2
643	2.130e2
644	2.310e2
645	3.230e2
646	2.840e2
647	3.090e2
648	2.550e2
649	2.300e2
650	1.940e2
651	2.140e2
652	2.130e2
653	2.050e2
654	2.050e2
655	2.080e2
656	2.380e2
657	2.910e2
658	2.930e2
659	4.110e2
660	3.420e2
661	3.310e2
662	2.900e2
663	3.000e2
664	2.310e2
665	1.940e2
666	1.720e2
667	1.650e2
668	1.640e2
669	1.800e2
670	2.060e2
671	2.590e2
672	2.550e2
673	3.120e2
674	2.910e2
675	3.590e2
676	2.820e2
677	2.920e2
678	2.160e2
679	1.660e2
680	1.400e2
681	1.380e2
682	1.610e2
683	1.670e2
684	1.980e2
685	2.540e2
686	2.460e2
687	2.840e2
688	2.540e2
689	3.100e2
690	2.430e2
691	2.100e2
692	1.720e2
693	1.440e2
694	1.400e2
695	1.420e2
696	1.620e2
697	1.810e2
698	2.040e2
699	2.590e2
700	2.410e2
701	2.770e2
702	2.410e2
703	2.440e2
704	1.970e2
705	1.780e2
706	1.470e2
707	1.300e2
708	1.340e2
709	1.360e2
710	1.620e2
711	1.840e2
712	2.160e2
713	2.630e2
714	2.630e2
715	2.990e2
716	2.660e2
717	2.790e2
718	2.200e2
719	2.080e2
720	1.650e2
721	1.480e2
722	1.350e2
723	1.440e2
724	1.520e2
725	1.970e2
726	2.430e2
727	3.040e2
728	3.330e2
729	3.450e2
730	3.590e2
731	4.010e2
732	2.860e2
733	2.590e2
734	1.890e2
735	1.530e2
736	1.460e2
737	1.390e2
738	1.630e2
739	1.900e2
740	2.820e2
741	3.670e2
742	4.140e2
743	5.090e2
744	5.390e2
745	5.330e2
746	3.620e2
747	3.000e2
748	2.050e2
749	1.600e2
750	1.460e2
751	1.500e2
752	1.910e2
753	2.380e2
754	4.380e2
755	6.080e2
756	6.470e2
757	7.010e2
758	5.820e2
759	6.180e2
760	3.950e2
761	3.090e2
762	2.210e2
763	1.710e2
764	1.600e2
765	1.630e2
766	2.410e2
767	3.130e2
768	6.510e2
769	7.150e2
770	8.880e2
771	8.050e2
772	6.160e2
773	5.430e2
774	3.610e2
775	2.790e2
776	2.100e2
777	1.710e2
778	1.600e2
779	1.650e2
780	2.780e2
781	3.330e2
782	4.840e2
783	6.040e2
784	6.870e2
785	6.460e2
786	5.040e2
787	4.690e2
788	3.240e2
789	2.550e2
790	1.990e2
791	1.590e2
792	1.470e2
793	1.660e2
794	3.590e2
795	3.930e2
796	5.140e2
797	5.370e2
798	5.360e2
799	4.830e2
800	4.090e2
801	3.370e2
802	2.560e2
803	2.070e2
804	1.940e2
805	1.640e2
806	1.710e2
807	1.870e2
808	4.220e2
809	4.340e2
810	5.240e2
811	5.010e2
812	4.460e2
813	3.700e2
814	3.030e2
815	2.610e2
816	1.890e2
817	1.630e2
818	1.580e2
819	1.530e2
820	1.600e2
821	1.840e2
822	2.570e2
823	2.850e2
824	2.870e2
825	2.930e2
826	2.860e2
827	2.880e2
828	2.510e2
829	2.540e2
830	2.110e2
831	2.380e2
832	2.010e2
833	1.710e2
834	1.490e2
835	1.500e2
836	1.690e2
837	2.060e2
838	2.260e2
839	3.090e2
840	2.910e2
841	3.320e2
842	2.710e2
843	2.160e2
844	1.810e2
845	1.600e2
846	1.590e2
847	1.500e2
848	1.420e2
849	1.440e2
850	1.550e2
851	2.440e2
852	2.490e2
853	5.020e2
854	6.480e2
855	3.119e3
856	2.412e3
857	2.676e3
858	1.710e3
859	1.246e3
860	7.020e2
861	3.990e2
862	2.430e2
863	2.450e2
864	2.250e2
865	3.470e2
866	3.280e2
867	4.280e2
868	3.820e2
869	3.260e2
870	3.030e2
871	2.720e2
872	2.840e2
873	3.380e2
874	3.120e2
875	2.970e2
876	2.760e2
877	5.090e2
878	7.690e2
879	4.457e3
880	4.022e3
881	9.118e3
882	6.387e3
883	7.468e3
884	4.743e3
885	3.840e3
886	2.255e3
887	1.136e3
888	5.950e2
889	3.010e2
890	2.040e2
891	1.470e2
892	1.600e2
893	1.450e2
894	2.160e2
895	2.070e2
896	2.710e2
897	2.370e2
898	2.590e2
899	2.060e2
900	1.790e2
901	1.450e2
902	1.060e2
903	8.500e1
904	7.100e1
905	6.500e1
906	6.200e1
907	7.300e1
908	6.900e1
909	1.020e2
910	1.130e2
911	1.780e2
912	1.630e2
913	1.560e2
914	1.170e2
915	1.100e2
916	8.900e1
917	6.800e1
918	5.800e1
919	5.500e1
920	5.400e1
921	5.300e1
922	5.500e1
923	5.600e1
924	5.500e1
925	5.400e1
926	5.500e1
927	5.400e1
928	5.300e1
929	5.300e1
930	5.100e1
931	5.100e1
932	5.000e1
933	4.900e1
934	5.100e1
935	4.900e1
936	4.800e1
937	4.900e1
938	5.300e1
939	5.600e1
940	5.600e1
941	5.500e1
942	5.300e1
943	5.100e1
944	5.000e1
945	4.500e1
946	4.700e1
947	5.200e1
948	6.500e1
949	6.500e1
950	6.100e1
951	5.800e1
952	5.300e1
953	5.100e1
954	4.800e1
955	4.600e1
956	4.300e1
957	4.500e1
958	4.700e1
959	4.600e1
960	4.400e1
961	4.500e1
962	4.500e1
963	4.600e1
964	4.500e1
965	4.400e1
966	4.600e1
967	4.700e1
968	4.900e1
969	4.900e1
970	4.600e1
971	4.700e1
972	4.200e1
973	4.500e1
974	4.500e1
975	4.100e1
976	4.300e1
977	4.400e1
978	4.300e1
979	4.600e1
980	4.400e1
981	4.400e1
982	4.700e1
983	4.500e1
984	4.600e1
985	4.100e1
986	4.000e1
987	4.400e1
988	4.400e1
989	4.400e1
990	4.100e1
991	4.200e1
992	4.200e1
993	4.600e1
994	4.400e1
995	4.500e1
996	4.500e1
997	4.500e1
998	4.400e1
999	4.100e1
