60	1.462e3
61	5.290e2
62	3.490e2
63	3.190e2
64	2.960e2
65	3.350e2
66	6.980e2
67	8.000e3
68	9.139e3
69	2.623e4
70	1.037e4
71	2.094e4
72	5.794e3
73	9.010e2
74	5.170e2
75	3.060e2
76	2.570e2
77	3.310e2
78	7.120e2
79	1.624e3
80	7.007e3
81	1.100e4
82	1.832e4
83	1.651e4
84	1.157e4
85	1.172e4
86	1.235e3
87	6.970e2
88	3.810e2
89	2.930e2
90	2.700e2
91	6.160e2
92	8.440e2
93	4.965e3
94	7.658e3
95	1.142e4
96	1.856e4
97	1.840e4
98	2.932e4
99	7.623e3
100	1.307e3
101	7.190e2
102	4.020e2
103	3.660e2
104	4.620e2
105	7.140e2
106	1.624e3
107	4.263e3
108	7.559e3
109	8.898e3
110	1.470e4
111	1.821e4
112	1.100e4
113	5.730e3
114	3.489e3
115	7.770e2
116	1.550e3
117	8.070e2
118	7.950e2
119	1.711e3
120	2.952e3
121	5.535e3
122	6.959e3
123	8.465e3
124	1.156e4
125	9.073e3
126	6.655e3
127	4.483e3
128	9.660e2
129	3.216e3
130	6.700e2
131	8.590e2
132	1.009e3
133	3.181e3
134	5.111e3
135	8.648e3
136	8.048e3
137	9.607e3
138	1.937e4
139	1.239e4
140	4.957e3
141	3.835e3
142	9.390e2
143	9.080e2
144	7.630e2
145	9.180e2
146	1.070e3
147	3.317e3
148	7.583e3
149	8.660e3
150	1.149e4
151	1.097e4
152	1.106e4
153	6.110e3
154	4.821e3
155	3.838e3
156	1.054e3
157	9.700e2
158	8.950e2
159	1.085e3
160	2.002e3
161	4.809e3
162	4.307e3
163	5.189e3
164	7.842e3
165	7.025e3
166	7.285e3
167	4.820e3
168	3.681e3
169	1.658e3
170	9.630e2
171	1.524e3
172	1.521e3
173	1.462e3
174	1.283e3
175	2.682e3
176	3.470e3
177	4.032e3
178	7.216e3
179	4.596e3
180	4.714e3
181	3.584e3
182	3.383e3
183	1.534e3
184	1.271e3
185	3.094e3
186	1.748e3
187	2.195e3
188	1.355e3
189	1.969e3
190	2.881e3
191	3.676e3
192	3.865e3
193	3.418e3
194	4.314e3
195	2.611e3
196	3.054e3
197	1.291e3
198	9.400e2
199	1.278e3
200	1.081e3
201	1.092e3
202	2.529e3
203	3.410e3
204	2.659e3
205	3.001e3
206	3.514e3
207	1.271e4
208	5.764e3
209	4.411e3
210	2.685e3
211	1.210e3
212	8.670e2
213	1.074e3
214	1.613e3
215	1.088e3
216	9.780e2
217	1.060e3
218	1.719e3
219	2.901e3
220	4.361e3
221	3.287e3
222	3.647e3
223	1.741e3
224	1.492e3
225	9.250e2
226	8.660e2
227	9.360e2
228	8.480e2
229	8.590e2
230	8.350e2
231	8.970e2
232	3.950e3
233	7.728e3
234	6.307e3
235	5.378e3
236	4.789e3
237	2.267e3
238	1.630e3
239	1.577e3
240	1.122e3
241	9.410e2
242	9.950e2
243	8.450e2
244	8.480e2
245	9.240e2
246	1.762e3
247	1.524e3
248	1.205e3
249	1.532e3
250	9.270e2
251	8.850e2
252	7.590e2
253	8.480e2
254	7.630e2
255	7.000e2
256	1.489e3
257	6.970e2
258	8.460e2
259	9.420e2
260	8.684e3
261	4.255e3
262	4.682e4
263	1.535e4
264	2.119e4
265	8.388e3
266	1.098e3
267	1.204e3
268	6.890e2
269	6.450e2
270	6.060e2
271	7.890e2
272	6.720e2
273	7.580e2
274	7.230e2
275	9.830e2
276	1.201e3
277	1.623e3
278	5.419e3
279	5.381e3
280	1.291e4
281	7.563e3
282	3.279e3
283	1.002e3
284	7.550e2
285	5.680e2
286	5.140e2
287	5.100e2
288	5.430e2
289	5.860e2
290	5.830e2
291	6.900e2
292	7.500e2
293	6.870e2
294	6.190e2
295	6.190e2
296	6.570e2
297	5.540e2
298	4.510e2
299	3.990e2
300	4.240e2
301	3.860e2
302	3.870e2
303	4.210e2
304	4.070e2
305	4.250e2
306	4.370e2
307	4.080e2
308	4.980e2
309	3.760e2
310	3.580e2
311	3.620e2
312	3.870e2
313	1.349e3
314	6.020e2
315	4.170e2
316	4.520e2
317	3.720e2
318	6.410e2
319	4.660e2
320	4.960e2
321	4.100e2
322	4.110e2
323	9.710e2
324	4.980e2
325	4.080e2
326	3.270e2
327	3.170e2
328	3.090e2
329	3.310e2
330	3.140e2
331	3.180e2
332	3.710e2
333	4.350e2
334	5.900e2
335	5.830e2
336	3.984e3
337	1.183e3
338	2.388e3
339	4.260e3
340	1.053e3
341	1.045e3
342	5.470e2
343	3.710e2
344	2.840e2
345	2.770e2
346	4.870e2
347	3.000e2
348	2.730e2
349	3.150e2
350	3.060e2
351	4.300e2
352	3.850e2
353	3.700e2
354	2.373e4
355	6.024e3
356	1.163e3
357	6.080e2
358	3.670e2
359	2.870e2
360	2.610e2
361	2.510e2
362	2.440e2
363	2.330e2
364	2.370e2
365	3.180e2
366	2.640e2
367	3.350e2
368	3.020e2
369	2.790e2
370	2.981e3
371	6.850e2
372	3.150e2
373	2.440e2
374	2.290e2
375	2.320e2
376	2.350e2
377	2.290e2
378	2.630e2
379	2.860e2
380	3.910e2
381	4.090e2
382	4.750e2
383	5.060e2
384	3.910e2
385	2.570e2
386	2.260e2
387	2.160e2
388	2.240e2
389	2.180e2
390	2.180e2
391	2.650e2
392	2.570e2
393	4.390e2
394	4.690e2
395	5.130e2
396	6.720e2
397	1.005e3
398	6.290e2
399	3.430e2
400	3.070e2
401	3.330e2
402	2.780e2
403	2.380e2
404	2.390e2
405	2.210e2
406	2.200e2
407	2.550e2
408	2.900e2
409	3.110e2
410	3.580e2
411	3.130e2
412	3.060e2
413	3.390e2
414	3.880e2
415	7.160e2
416	4.840e2
417	4.140e2
418	2.720e2
419	2.310e2
420	2.260e2
421	2.550e2
422	2.750e2
423	2.950e2
424	3.050e2
425	2.620e2
426	2.320e2
427	2.180e2
428	2.060e2
429	6.570e2
430	4.000e2
431	3.530e2
432	2.570e2
433	2.530e2
434	2.520e2
435	2.580e2
436	2.780e2
437	2.850e2
438	2.650e2
439	2.590e2
440	2.190e2
441	1.940e2
442	1.810e2
443	1.990e2
444	1.900e2
445	2.140e2
446	2.450e2
447	3.290e2
448	3.680e2
449	4.080e2
450	4.660e2
451	3.380e2
452	3.140e2
453	2.530e2
454	2.040e2
455	1.820e2
456	1.780e2
457	1.860e2
458	1.890e2
459	1.920e2
460	2.020e2
461	2.290e2
462	2.610e2
463	3.450e2
464	3.510e2
465	3.490e2
466	3.220e2
467	2.710e2
468	2.180e2
469	1.840e2
470	1.820e2
471	1.870e2
472	2.110e2
473	2.190e2
474	2.340e2
475	3.000e2
476	3.360e2
477	4.340e2
478	4.260e2
479	4.180e2
480	4.020e2
481	3.830e2
482	2.530e2
483	2.050e2
484	1.890e2
485	2.070e2
486	2.340e2
487	2.470e2
488	2.910e2
489	3.850e2
490	4.170e2
491	4.950e2
492	4.940e2
493	4.260e2
494	3.500e2
495	3.730e2
496	2.570e2
497	2.200e2
498	2.100e2
499	2.500e2
500	2.780e2
501	3.010e2
502	3.410e2
503	5.120e2
504	5.230e2
505	6.060e2
506	5.960e2
507	6.880e2
508	4.490e2
509	3.740e2
510	2.560e2
511	2.230e2
512	2.250e2
513	2.280e2
514	2.810e2
515	2.430e2
516	2.500e2
517	2.740e2
518	3.290e2
519	4.490e2
520	4.370e2
521	5.700e2
522	3.910e2
523	3.560e2
524	2.750e2
525	2.800e2
526	2.740e2
527	3.150e2
528	3.420e2
529	2.950e2
530	2.970e2
531	2.950e2
532	3.410e2
533	3.500e2
534	3.630e2
535	3.540e2
536	2.650e2
537	2.370e2
538	1.970e2
539	1.870e2
540	2.030e2
541	2.020e2
542	2.390e2
543	2.370e2
544	2.550e2
545	2.860e2
546	3.300e2
547	3.330e2
548	3.050e2
549	2.980e2
550	2.820e2
551	3.500e2
552	7.250e2
553	3.980e2
554	2.300e2
555	1.870e2
556	2.020e2
557	2.010e2
558	2.130e2
559	2.280e2
560	2.750e2
561	2.680e2
562	3.000e2
563	2.820e2
564	2.700e2
565	2.350e2
566	1.870e2
567	1.740e2
568	1.640e2
569	1.910e2
570	2.140e2
571	2.310e2
572	3.330e2
573	5.990e2
574	8.930e2
575	3.062e3
576	2.274e3
577	3.586e3
578	4.597e3
579	2.094e3
580	1.227e3
581	4.980e2
582	2.560e2
583	1.920e2
584	1.760e2
585	1.890e2
586	2.420e2
587	2.480e2
588	3.050e2
589	3.480e2
590	4.930e2
591	4.340e2
592	4.030e2
593	3.360e2
594	2.660e2
595	3.070e2
596	3.720e2
597	6.580e2
598	1.450e3
599	3.554e3
600	3.161e3
601	8.698e3
602	6.313e3
603	9.101e3
604	8.732e3
605	4.896e3
606	3.423e3
607	1.557e3
608	7.120e2
609	3.560e2
610	2.480e2
611	2.160e2
612	2.460e2
613	3.010e2
614	4.980e2
615	7.030e2
616	1.320e3
617	1.994e3
618	1.563e3
619	1.498e3
620	7.720e2
621	6.440e2
622	3.800e2
623	2.220e2
624	1.780e2
625	1.560e2
626	1.790e2
627	1.630e2
628	2.070e2
629	2.330e2
630	2.590e2
631	3.710e2
632	3.670e2
633	3.700e2
634	3.830e2
635	2.480e2
636	2.000e2
637	1.700e2
638	1.490e2
639	1.380e2
640	1.330e2
641	1.350e2
642	1.430e2
643	1.660e2
644	1.790e2
645	2.430e2
646	2.170e2
647	2.340e2
648	1.950e2
649	1.800e2
650	1.510e2
651	1.490e2
652	1.470e2
653	1.470e2
654	1.480e2
655	1.580e2
656	1.800e2
657	2.220e2
658	2.240e2
659	3.060e2
660	2.600e2
661	2.540e2
662	2.220e2
663	2.320e2
664	1.800e2
665	1.520e2
666	1.370e2
667	1.350e2
668	1.330e2
669	1.430e2
670	1.600e2
671	1.970e2
672	1.930e2
673	2.390e2
674	2.250e2
675	2.690e2
676	2.180e2
677	2.240e2
678	1.690e2
679	1.320e2
680	1.150e2
681	1.140e2
682	1.280e2
683	1.340e2
684	1.580e2
685	1.920e2
686	1.880e2
687	2.170e2
688	1.950e2
689	2.350e2
690	1.890e2
691	1.620e2
692	1.380e2
693	1.170e2
694	1.140e2
695	1.160e2
696	1.290e2
697	1.420e2
698	1.600e2
699	1.990e2
700	1.840e2
701	2.090e2
702	1.810e2
703	1.890e2
704	1.540e2
705	1.390e2
706	1.180e2
707	1.050e2
708	1.090e2
709	1.120e2
710	1.300e2
711	1.430e2
712	1.690e2
713	2.020e2
714	2.000e2
715	2.260e2
716	2.050e2
717	2.110e2
718	1.710e2
719	1.600e2
720	1.320e2
721	1.180e2
722	1.080e2
723	1.150e2
724	1.200e2
725	1.450e2
726	1.730e2
727	2.210e2
728	2.410e2
729	2.550e2
730	2.670e2
731	2.970e2
732	2.180e2
733	1.970e2
734	1.470e2
735	1.220e2
736	1.170e2
737	1.130e2
738	1.300e2
739	1.480e2
740	2.110e2
741	2.710e2
742	3.100e2
743	3.760e2
744	4.010e2
745	3.940e2
746	2.690e2
747	2.290e2
748	1.580e2
749	1.240e2
750	1.160e2
751	1.190e2
752	1.490e2
753	1.800e2
754	3.240e2
755	4.460e2
756	4.750e2
757	5.170e2
758	4.260e2
759	4.570e2
760	2.980e2
761	2.310e2
762	1.690e2
763	1.340e2
764	1.260e2
765	1.300e2
766	1.850e2
767	2.360e2
768	4.710e2
769	5.320e2
770	6.570e2
771	5.810e2
772	4.530e2
773	4.030e2
774	2.720e2
775	2.080e2
776	1.620e2
777	1.340e2
778	1.260e2
779	1.290e2
780	2.080e2
781	2.520e2
782	3.560e2
783	4.440e2
784	5.020e2
785	4.770e2
786	3.700e2
787	3.490e2
788	2.420e2
789	1.970e2
790	1.540e2
791	1.250e2
792	1.170e2
793	1.290e2
794	2.670e2
795	2.880e2
796	3.770e2
797	3.970e2
798	3.930e2
799	3.490e2
800	2.910e2
801	2.430e2
802	1.860e2
803	1.560e2
804	1.460e2
805	1.280e2
806	1.330e2
807	1.430e2
808	3.090e2
809	3.180e2
810	3.860e2
811	3.670e2
812	3.280e2
813	2.740e2
814	2.260e2
815	1.990e2
816	1.440e2
817	1.280e2
818	1.260e2
819	1.210e2
820	1.250e2
821	1.420e2
822	1.920e2
823	2.170e2
824	2.160e2
825	2.210e2
826	2.170e2
827	2.140e2
828	1.860e2
829	1.930e2
830	1.600e2
831	1.780e2
832	1.540e2
833	1.340e2
834	1.180e2
835	1.190e2
836	1.350e2
837	1.620e2
838	1.690e2
839	2.300e2
840	2.190e2
841	2.440e2
842	2.030e2
843	1.650e2
844	1.390e2
845	1.240e2
846	1.230e2
847	1.170e2
848	1.110e2
849	1.140e2
850	1.210e2
851	1.840e2
852	1.880e2
853	3.680e2
854	4.730e2
855	2.215e3
856	1.703e3
857	1.910e3
858	1.219e3
859	8.570e2
860	5.140e2
861	2.920e2
862	1.830e2
863	1.840e2
864	1.730e2
865	2.560e2
866	2.440e2
867	3.190e2
868	2.870e2
869	2.440e2
870	2.260e2
871	2.040e2
872	2.100e2
873	2.470e2
874	2.190e2
875	2.150e2
876	1.990e2
877	3.710e2
878	5.630e2
879	3.205e3
880	2.750e3
881	6.197e3
882	4.410e3
883	5.187e3
884	3.238e3
885	2.667e3
886	1.629e3
887	7.520e2
888	4.370e2
889	2.240e2
890	1.590e2
891	1.140e2
892	1.280e2
893	1.170e2
894	1.690e2
895	1.580e2
896	2.070e2
897	1.800e2
898	1.960e2
899	1.560e2
900	1.380e2
901	1.130e2
902	8.600e1
903	7.100e1
904	6.300e1
905	6.000e1
906	5.500e1
907	6.500e1
908	6.100e1
909	8.400e1
910	9.300e1
911	1.390e2
912	1.250e2
913	1.190e2
914	9.200e1
915	9.000e1
916	7.400e1
917	6.000e1
918	5.400e1
919	5.200e1
920	5.100e1
921	5.100e1
922	5.200e1
923	5.200e1
924	5.200e1
925	5.000e1
926	5.100e1
927	5.000e1
928	5.000e1
929	4.900e1
930	4.800e1
931	4.800e1
932	4.900e1
933	4.700e1
934	4.900e1
935	4.600e1
936	4.600e1
937	4.700e1
938	5.000e1
939	5.200e1
940	5.200e1
941	5.300e1
942	4.900e1
943	4.900e1
944	4.600e1
945	4.600e1
946	4.500e1
947	4.600e1
948	5.000e1
949	5.200e1
950	4.800e1
951	4.900e1
952	4.700e1
953	4.700e1
954	4.600e1
955	4.500e1
956	4.300e1
957	4.600e1
958	4.600e1
959	4.400e1
960	4.300e1
961	4.500e1
962	4.400e1
963	4.400e1
964	4.400e1
965	4.200e1
966	4.300e1
967	4.600e1
968	4.700e1
969	4.700e1
970	4.500e1
971	4.400e1
972	4.200e1
973	4.400e1
974	4.400e1
975	3.900e1
976	4.200e1
977	4.300e1
978	4.100e1
979	4.500e1
980	4.300e1
981	4.300e1
982	4.500e1
983	4.400e1
984	4.500e1
985	4.000e1
986	4.000e1
987	4.300e1
988	4.400e1
989	4.400e1
990	4.000e1
991	4.200e1
992	4.200e1
993	4.500e1
994	4.500e1
995	4.400e1
996	4.400e1
997	4.400e1
998	4.400e1
999	4.200e1
