60	2.397e3
61	5.870e2
62	3.830e2
63	3.450e2
64	3.190e2
65	3.590e2
66	7.640e2
67	9.038e3
68	9.920e3
69	2.875e4
70	1.093e4
71	2.211e4
72	6.330e3
73	9.640e2
74	5.350e2
75	3.210e2
76	2.720e2
77	3.580e2
78	7.730e2
79	2.455e3
80	7.798e3
81	1.230e4
82	1.978e4
83	1.798e4
84	1.229e4
85	1.238e4
86	2.018e3
87	7.400e2
88	4.010e2
89	3.050e2
90	2.890e2
91	6.770e2
92	9.270e2
93	5.600e3
94	8.456e3
95	1.273e4
96	2.036e4
97	2.021e4
98	3.342e4
99	8.182e3
100	1.541e3
101	7.670e2
102	4.290e2
103	3.940e2
104	5.010e2
105	7.850e2
106	1.747e3
107	4.817e3
108	8.438e3
109	9.792e3
110	1.602e4
111	2.007e4
112	1.234e4
113	6.107e3
114	3.915e3
115	8.410e2
116	1.666e3
117	8.650e2
118	8.590e2
119	1.975e3
120	3.867e3
121	6.052e3
122	7.756e3
123	9.353e3
124	1.258e4
125	9.712e3
126	7.279e3
127	4.832e3
128	1.074e3
129	4.060e3
130	7.160e2
131	9.300e2
132	1.097e3
133	3.736e3
134	5.626e3
135	9.464e3
136	8.724e3
137	1.071e4
138	2.245e4
139	1.287e4
140	5.220e3
141	4.087e3
142	1.007e3
143	9.940e2
144	8.250e2
145	9.990e2
146	1.162e3
147	4.030e3
148	8.256e3
149	9.526e3
150	1.274e4
151	1.225e4
152	1.225e4
153	6.672e3
154	5.227e3
155	4.279e3
156	1.255e3
157	1.123e3
158	9.740e2
159	1.156e3
160	2.196e3
161	5.539e3
162	4.717e3
163	5.667e3
164	8.756e3
165	7.924e3
166	8.140e3
167	5.310e3
168	4.153e3
169	2.358e3
170	1.063e3
171	1.853e3
172	1.600e3
173	1.558e3
174	1.399e3
175	3.230e3
176	3.908e3
177	4.543e3
178	8.032e3
179	5.129e3
180	5.304e3
181	4.069e3
182	3.868e3
183	2.057e3
184	1.440e3
185	3.697e3
186	1.979e3
187	2.407e3
188	1.467e3
189	2.720e3
190	3.352e3
191	4.165e3
192	4.257e3
193	3.871e3
194	4.766e3
195	3.009e3
196	3.535e3
197	1.417e3
198	1.035e3
199	1.413e3
200	1.203e3
201	1.219e3
202	2.871e3
203	4.263e3
204	3.518e3
205	3.565e3
206	4.013e3
207	1.371e4
208	6.205e3
209	4.749e3
210	3.318e3
211	1.347e3
212	9.490e2
213	1.246e3
214	1.801e3
215	1.256e3
216	1.059e3
217	1.172e3
218	2.508e3
219	3.866e3
220	4.962e3
221	3.772e3
222	4.153e3
223	2.442e3
224	1.819e3
225	1.022e3
226	9.440e2
227	1.103e3
228	9.220e2
229	9.330e2
230	9.080e2
231	9.780e2
232	5.121e3
233	8.937e3
234	7.029e3
235	6.647e3
236	5.505e3
237	3.122e3
238	2.311e3
239	2.216e3
240	1.297e3
241	1.107e3
242	1.190e3
243	9.300e2
244	9.660e2
245	1.033e3
246	2.599e3
247	1.837e3
248	1.411e3
249	2.152e3
250	1.161e3
251	9.660e2
252	8.300e2
253	9.330e2
254	8.430e2
255	7.770e2
256	1.824e3
257	7.640e2
258	9.350e2
259	1.199e3
260	1.044e4
261	5.236e3
262	5.591e4
263	1.790e4
264	2.360e4
265	9.887e3
266	1.550e3
267	1.413e3
268	7.570e2
269	7.100e2
270	6.680e2
271	9.120e2
272	7.410e2
273	8.170e2
274	7.910e2
275	1.075e3
276	1.248e3
277	1.794e3
278	6.115e3
279	6.252e3
280	1.470e4
281	8.514e3
282	4.510e3
283	1.087e3
284	8.320e2
285	6.150e2
286	5.580e2
287	5.520e2
288	5.890e2
289	6.360e2
290	6.360e2
291	7.410e2
292	8.440e2
293	7.460e2
294	6.750e2
295	6.650e2
296	7.230e2
297	6.120e2
298	4.920e2
299	4.290e2
300	4.560e2
301	4.130e2
302	4.100e2
303	4.490e2
304	4.390e2
305	4.610e2
306	4.770e2
307	4.480e2
308	5.460e2
309	4.090e2
310	3.900e2
311	3.970e2
312	4.240e2
313	1.908e3
314	6.460e2
315	4.440e2
316	4.980e2
317	4.110e2
318	7.490e2
319	5.170e2
320	5.740e2
321	4.600e2
322	4.730e2
323	1.116e3
324	5.620e2
325	4.580e2
326	3.590e2
327	3.430e2
328	3.330e2
329	3.510e2
330	3.330e2
331	3.440e2
332	4.060e2
333	4.900e2
334	6.640e2
335	6.620e2
336	4.975e3
337	1.390e3
338	3.070e3
339	4.984e3
340	1.425e3
341	1.623e3
342	5.960e2
343	4.040e2
344	3.030e2
345	2.980e2
346	5.430e2
347	3.340e2
348	2.950e2
349	3.480e2
350	3.380e2
351	4.870e2
352	4.190e2
353	4.080e2
354	2.762e4
355	6.942e3
356	1.305e3
357	6.370e2
358	3.850e2
359	3.030e2
360	2.760e2
361	2.690e2
362	2.670e2
363	2.540e2
364	2.580e2
365	3.590e2
366	2.920e2
367	3.800e2
368	3.350e2
369	2.980e2
370	3.475e3
371	8.670e2
372	3.400e2
373	2.580e2
374	2.430e2
375	2.510e2
376	2.560e2
377	2.520e2
378	2.900e2
379	3.180e2
380	4.430e2
381	4.580e2
382	5.300e2
383	5.550e2
384	4.270e2
385	2.790e2
386	2.420e2
387	2.320e2
388	2.440e2
389	2.380e2
390	2.390e2
391	2.920e2
392	2.870e2
393	4.990e2
394	5.290e2
395	5.710e2
396	7.490e2
397	1.103e3
398	6.930e2
399	3.730e2
400	3.300e2
401	3.470e2
402	2.980e2
403	2.600e2
404	2.610e2
405	2.410e2
406	2.440e2
407	2.820e2
408	3.240e2
409	3.430e2
410	3.990e2
411	3.450e2
412	3.360e2
413	3.640e2
414	4.120e2
415	7.350e2
416	4.970e2
417	4.310e2
418	2.930e2
419	2.560e2
420	2.520e2
421	2.860e2
422	3.060e2
423	3.320e2
424	3.410e2
425	2.910e2
426	2.580e2
427	2.390e2
428	2.250e2
429	6.160e2
430	3.920e2
431	3.540e2
432	2.670e2
433	2.720e2
434	2.810e2
435	2.860e2
436	3.120e2
437	3.190e2
438	2.930e2
439	2.840e2
440	2.440e2
441	2.110e2
442	1.990e2
443	2.140e2
444	2.080e2
445	2.330e2
446	2.650e2
447	3.720e2
448	4.130e2
449	4.680e2
450	5.180e2
451	3.810e2
452	3.530e2
453	2.810e2
454	2.220e2
455	2.030e2
456	1.940e2
457	2.020e2
458	2.100e2
459	2.120e2
460	2.250e2
461	2.550e2
462	2.920e2
463	3.820e2
464	3.950e2
465	3.890e2
466	3.560e2
467	3.010e2
468	2.380e2
469	2.020e2
470	2.010e2
471	2.080e2
472	2.350e2
473	2.420e2
474	2.660e2
475	3.330e2
476	3.770e2
477	4.790e2
478	4.780e2
479	4.700e2
480	4.500e2
481	4.210e2
482	2.770e2
483	2.290e2
484	2.070e2
485	2.300e2
486	2.610e2
487	2.810e2
488	3.320e2
489	4.290e2
490	4.670e2
491	5.480e2
492	5.510e2
493	4.760e2
494	3.940e2
495	4.130e2
496	2.850e2
497	2.400e2
498	2.320e2
499	2.780e2
500	3.110e2
501	3.390e2
502	3.790e2
503	5.110e2
504	5.460e2
505	6.490e2
506	6.530e2
507	7.490e2
508	5.000e2
509	4.160e2
510	2.830e2
511	2.430e2
512	2.500e2
513	2.580e2
514	3.110e2
515	2.710e2
516	2.810e2
517	3.060e2
518	3.700e2
519	4.990e2
520	4.910e2
521	6.340e2
522	4.340e2
523	3.950e2
524	3.060e2
525	3.150e2
526	3.090e2
527	3.600e2
528	3.830e2
529	3.380e2
530	3.380e2
531	3.310e2
532	3.840e2
533	3.910e2
534	4.030e2
535	3.920e2
536	2.930e2
537	2.610e2
538	2.140e2
539	2.090e2
540	2.260e2
541	2.240e2
542	2.700e2
543	2.630e2
544	2.860e2
545	3.190e2
546	3.640e2
547	3.720e2
548	3.400e2
549	3.310e2
550	3.150e2
551	3.920e2
552	8.030e2
553	4.430e2
554	2.570e2
555	2.080e2
556	2.270e2
557	2.250e2
558	2.380e2
559	2.560e2
560	3.060e2
561	3.010e2
562	3.340e2
563	3.100e2
564	2.960e2
565	2.590e2
566	2.060e2
567	1.900e2
568	1.850e2
569	2.130e2
570	2.390e2
571	2.570e2
572	3.820e2
573	6.770e2
574	1.085e3
575	3.452e3
576	2.602e3
577	4.122e3
578	5.234e3
579	2.369e3
580	1.371e3
581	5.500e2
582	2.840e2
583	2.120e2
584	1.960e2
585	2.110e2
586	2.680e2
587	2.810e2
588	3.430e2
589	3.940e2
590	5.610e2
591	4.790e2
592	4.510e2
593	3.730e2
594	3.000e2
595	3.490e2
596	4.300e2
597	8.640e2
598	1.707e3
599	4.111e3
600	3.781e3
601	1.012e4
602	7.392e3
603	1.048e4
604	9.984e3
605	5.614e3
606	3.971e3
607	1.741e3
608	8.930e2
609	4.000e2
610	2.760e2
611	2.420e2
612	2.760e2
613	3.420e2
614	5.720e2
615	8.020e2
616	1.496e3
617	2.191e3
618	1.740e3
619	1.609e3
620	8.700e2
621	7.120e2
622	4.100e2
623	2.430e2
624	1.950e2
625	1.730e2
626	1.980e2
627	1.810e2
628	2.270e2
629	2.570e2
630	2.890e2
631	4.140e2
632	4.100e2
633	4.110e2
634	4.220e2
635	2.750e2
636	2.260e2
637	1.870e2
638	1.630e2
639	1.520e2
640	1.460e2
641	1.470e2
642	1.600e2
643	1.840e2
644	2.020e2
645	2.720e2
646	2.430e2
647	2.630e2
648	2.200e2
649	1.990e2
650	1.690e2
651	1.560e2
652	1.560e2
653	1.570e2
654	1.630e2
655	1.740e2
656	2.000e2
657	2.480e2
658	2.520e2
659	3.470e2
660	2.960e2
661	2.850e2
662	2.510e2
663	2.580e2
664	2.010e2
665	1.690e2
666	1.520e2
667	1.490e2
668	1.460e2
669	1.580e2
670	1.790e2
671	2.220e2
672	2.180e2
673	2.690e2
674	2.520e2
675	3.010e2
676	2.440e2
677	2.490e2
678	1.890e2
679	1.460e2
680	1.260e2
681	1.250e2
682	1.450e2
683	1.490e2
684	1.770e2
685	2.170e2
686	2.120e2
687	2.440e2
688	2.190e2
689	2.650e2
690	2.110e2
691	1.820e2
692	1.540e2
693	1.290e2
694	1.240e2
695	1.270e2
696	1.420e2
697	1.580e2
698	1.800e2
699	2.240e2
700	2.070e2
701	2.380e2
702	2.110e2
703	2.090e2
704	1.710e2
705	1.550e2
706	1.310e2
707	1.160e2
708	1.210e2
709	1.210e2
710	1.430e2
711	1.590e2
712	1.900e2
713	2.260e2
714	2.230e2
715	2.560e2
716	2.300e2
717	2.400e2
718	1.900e2
719	1.790e2
720	1.470e2
721	1.310e2
722	1.210e2
723	1.270e2
724	1.350e2
725	1.600e2
726	1.900e2
727	2.460e2
728	2.700e2
729	2.860e2
730	3.020e2
731	3.370e2
732	2.430e2
733	2.250e2
734	1.640e2
735	1.370e2
736	1.290e2
737	1.250e2
738	1.450e2
739	1.670e2
740	2.420e2
741	3.080e2
742	3.500e2
743	4.280e2
744	4.550e2
745	4.500e2
746	3.090e2
747	2.580e2
748	1.780e2
749	1.390e2
750	1.290e2
751	1.330e2
752	1.690e2
753	2.060e2
754	3.740e2
755	5.080e2
756	5.430e2
757	5.840e2
758	4.860e2
759	5.180e2
760	3.340e2
761	2.620e2
762	1.920e2
763	1.490e2
764	1.420e2
765	1.440e2
766	2.070e2
767	2.730e2
768	5.440e2
769	6.090e2
770	7.510e2
771	6.660e2
772	5.170e2
773	4.540e2
774	3.070e2
775	2.350e2
776	1.810e2
777	1.500e2
778	1.410e2
779	1.460e2
780	2.390e2
781	2.870e2
782	4.130e2
783	5.120e2
784	5.780e2
785	5.450e2
786	4.200e2
787	3.950e2
788	2.760e2
789	2.220e2
790	1.730e2
791	1.390e2
792	1.330e2
793	1.460e2
794	3.070e2
795	3.360e2
796	4.360e2
797	4.500e2
798	4.500e2
799	3.990e2
800	3.250e2
801	2.770e2
802	2.050e2
803	1.730e2
804	1.690e2
805	1.440e2
806	1.480e2
807	1.630e2
808	3.600e2
809	3.660e2
810	4.460e2
811	4.200e2
812	3.780e2
813	3.130e2
814	2.550e2
815	2.240e2
816	1.630e2
817	1.430e2
818	1.410e2
819	1.320e2
820	1.410e2
821	1.620e2
822	2.240e2
823	2.480e2
824	2.490e2
825	2.530e2
826	2.450e2
827	2.470e2
828	2.140e2
829	2.220e2
830	1.810e2
831	2.020e2
832	1.740e2
833	1.490e2
834	1.310e2
835	1.350e2
836	1.480e2
837	1.790e2
838	1.930e2
839	2.640e2
840	2.470e2
841	2.810e2
842	2.320e2
843	1.830e2
844	1.550e2
845	1.390e2
846	1.410e2
847	1.310e2
848	1.270e2
849	1.260e2
850	1.380e2
851	2.140e2
852	2.150e2
853	4.240e2
854	5.480e2
855	2.630e3
856	2.012e3
857	2.223e3
858	1.391e3
859	1.043e3
860	5.760e2
861	3.270e2
862	2.040e2
863	2.110e2
864	1.940e2
865	2.980e2
866	2.780e2
867	3.640e2
868	3.220e2
869	2.770e2
870	2.610e2
871	2.370e2
872	2.440e2
873	2.890e2
874	2.530e2
875	2.440e2
876	2.300e2
877	4.290e2
878	6.520e2
879	3.748e3
880	3.322e3
881	7.447e3
882	5.230e3
883	6.182e3
884	3.846e3
885	3.133e3
886	1.887e3
887	9.160e2
888	4.840e2
889	2.490e2
890	1.760e2
891	1.270e2
892	1.440e2
893	1.310e2
894	1.990e2
895	1.830e2
896	2.420e2
897	2.110e2
898	2.340e2
899	1.870e2
900	1.630e2
901	1.310e2
902	9.700e1
903	7.800e1
904	6.700e1
905	6.200e1
906	5.900e1
907	7.000e1
908	6.500e1
909	9.100e1
910	1.040e2
911	1.580e2
912	1.390e2
913	1.360e2
914	1.030e2
915	9.900e1
916	8.000e1
917	6.400e1
918	5.600e1
919	5.400e1
920	5.300e1
921	5.200e1
922	5.400e1
923	5.300e1
924	5.600e1
925	5.100e1
926	5.200e1
927	5.400e1
928	5.300e1
929	5.300e1
930	4.900e1
931	5.000e1
932	4.900e1
933	4.900e1
934	5.100e1
935	4.800e1
936	4.800e1
937	4.800e1
938	5.200e1
939	5.400e1
940	5.500e1
941	5.400e1
942	5.300e1
943	5.000e1
944	4.800e1
945	4.600e1
946	4.500e1
947	4.600e1
948	4.800e1
949	4.900e1
950	4.700e1
951	4.800e1
952	4.700e1
953	4.800e1
954	4.800e1
955	4.500e1
956	4.300e1
957	4.500e1
958	4.700e1
959	4.600e1
960	4.400e1
961	4.600e1
962	4.600e1
963	4.700e1
964	4.600e1
965	4.500e1
966	4.500e1
967	4.700e1
968	4.900e1
969	4.800e1
970	4.600e1
971	4.600e1
972	4.400e1
973	4.500e1
974	4.500e1
975	4.200e1
976	4.300e1
977	4.300e1
978	4.200e1
979	4.600e1
980	4.500e1
981	4.500e1
982	4.700e1
983	4.700e1
984	4.600e1
985	4.100e1
986	4.200e1
987	4.400e1
988	4.500e1
989	4.600e1
990	4.000e1
991	4.300e1
992	4.400e1
993	4.500e1
994	4.600e1
995	4.600e1
996	4.600e1
997	4.500e1
998	4.500e1
999	4.200e1
