60	1.697e3
61	4.570e2
62	3.090e2
63	2.860e2
64	2.660e2
65	3.080e2
66	6.120e2
67	7.295e3
68	7.580e3
69	2.194e4
70	8.340e3
71	1.656e4
72	5.715e3
73	7.730e2
74	4.020e2
75	2.700e2
76	2.380e2
77	3.180e2
78	6.370e2
79	1.430e3
80	6.159e3
81	9.351e3
82	1.457e4
83	1.301e4
84	9.063e3
85	8.964e3
86	1.011e3
87	5.920e2
88	3.220e2
89	2.560e2
90	2.470e2
91	5.550e2
92	7.470e2
93	3.490e3
94	6.733e3
95	9.576e3
96	1.516e4
97	1.508e4
98	2.520e4
99	6.187e3
100	1.005e3
101	5.900e2
102	3.420e2
103	3.300e2
104	4.130e2
105	6.340e2
106	1.261e3
107	2.620e3
108	7.316e3
109	7.666e3
110	1.204e4
111	1.435e4
112	9.707e3
113	4.494e3
114	2.464e3
115	6.730e2
116	1.049e3
117	6.340e2
118	6.760e2
119	1.359e3
120	1.900e3
121	4.848e3
122	6.906e3
123	7.532e3
124	9.672e3
125	7.563e3
126	6.038e3
127	2.863e3
128	9.560e2
129	1.911e3
130	5.320e2
131	7.080e2
132	8.380e2
133	1.765e3
134	4.378e3
135	6.670e3
136	7.380e3
137	8.170e3
138	1.195e4
139	9.338e3
140	3.646e3
141	2.100e3
142	8.080e2
143	7.430e2
144	6.000e2
145	7.520e2
146	8.870e2
147	2.322e3
148	5.571e3
149	6.625e3
150	9.697e3
151	9.172e3
152	9.215e3
153	5.128e3
154	3.742e3
155	2.754e3
156	1.017e3
157	8.860e2
158	6.960e2
159	8.110e2
160	1.146e3
161	2.414e3
162	3.005e3
163	4.507e3
164	6.581e3
165	6.054e3
166	6.161e3
167	3.645e3
168	2.201e3
169	1.257e3
170	8.300e2
171	1.121e3
172	1.030e3
173	1.128e3
174	9.280e2
175	1.567e3
176	2.099e3
177	3.255e3
178	5.737e3
179	3.722e3
180	3.730e3
181	2.496e3
182	1.770e3
183	1.088e3
184	9.860e2
185	1.731e3
186	1.091e3
187	1.360e3
188	9.460e2
189	1.460e3
190	1.887e3
191	3.119e3
192	3.111e3
193	2.414e3
194	3.169e3
195	1.489e3
196	1.559e3
197	8.620e2
198	7.540e2
199	9.470e2
200	7.740e2
201	8.040e2
202	1.518e3
203	1.994e3
204	1.995e3
205	1.997e3
206	2.755e3
207	1.063e4
208	4.762e3
209	3.339e3
210	1.377e3
211	8.030e2
212	6.810e2
213	8.590e2
214	8.790e2
215	8.090e2
216	8.170e2
217	8.670e2
218	1.605e3
219	1.915e3
220	3.620e3
221	1.979e3
222	2.366e3
223	1.261e3
224	9.930e2
225	6.990e2
226	6.640e2
227	7.170e2
228	6.540e2
229	6.870e2
230	7.000e2
231	7.370e2
232	2.214e3
233	3.232e3
234	4.556e3
235	3.958e3
236	3.520e3
237	1.338e3
238	1.212e3
239	1.049e3
240	7.370e2
241	7.090e2
242	7.110e2
243	6.640e2
244	6.850e2
245	7.760e2
246	1.316e3
247	1.209e3
248	9.760e2
249	1.192e3
250	7.430e2
251	6.970e2
252	5.850e2
253	6.830e2
254	5.980e2
255	5.570e2
256	1.237e3
257	6.340e2
258	7.080e2
259	1.448e3
260	6.185e3
261	4.958e3
262	3.399e4
263	1.240e4
264	1.543e4
265	5.071e3
266	9.010e2
267	8.220e2
268	5.480e2
269	5.100e2
270	5.010e2
271	5.580e2
272	5.990e2
273	6.080e2
274	6.510e2
275	7.860e2
276	7.430e2
277	1.259e3
278	1.906e3
279	4.292e3
280	7.695e3
281	6.456e3
282	1.871e3
283	8.520e2
284	6.250e2
285	4.680e2
286	4.260e2
287	4.120e2
288	4.310e2
289	4.280e2
290	4.590e2
291	4.660e2
292	5.950e2
293	4.770e2
294	4.590e2
295	4.360e2
296	4.890e2
297	4.240e2
298	3.490e2
299	2.870e2
300	3.160e2
301	2.990e2
302	2.850e2
303	3.110e2
304	3.040e2
305	3.110e2
306	3.190e2
307	3.070e2
308	3.280e2
309	2.820e2
310	2.700e2
311	2.770e2
312	2.840e2
313	6.180e2
314	3.870e2
315	2.890e2
316	3.370e2
317	2.850e2
318	4.780e2
319	3.580e2
320	3.960e2
321	3.210e2
322	3.310e2
323	5.460e2
324	3.320e2
325	2.920e2
326	2.420e2
327	2.370e2
328	2.150e2
329	2.240e2
330	2.260e2
331	2.370e2
332	2.830e2
333	3.390e2
334	4.160e2
335	4.540e2
336	1.626e3
337	6.370e2
338	1.040e3
339	1.961e3
340	5.790e2
341	6.810e2
342	3.760e2
343	2.740e2
344	2.110e2
345	2.080e2
346	2.770e2
347	2.380e2
348	2.150e2
349	2.440e2
350	2.310e2
351	2.780e2
352	2.500e2
353	2.380e2
354	7.000e3
355	2.329e3
356	5.870e2
357	4.190e2
358	2.500e2
359	2.110e2
360	1.930e2
361	1.920e2
362	1.880e2
363	1.850e2
364	1.840e2
365	2.330e2
366	1.950e2
367	2.370e2
368	2.150e2
369	1.940e2
370	9.840e2
371	2.960e2
372	2.000e2
373	1.790e2
374	1.800e2
375	1.860e2
376	1.910e2
377	1.850e2
378	2.090e2
379	2.240e2
380	3.070e2
381	3.090e2
382	3.560e2
383	3.680e2
384	2.880e2
385	2.010e2
386	1.780e2
387	1.760e2
388	1.820e2
389	1.790e2
390	1.790e2
391	2.080e2
392	2.050e2
393	3.180e2
394	3.520e2
395	3.810e2
396	4.870e2
397	6.690e2
398	4.490e2
399	2.460e2
400	2.090e2
401	2.180e2
402	2.040e2
403	1.890e2
404	1.970e2
405	1.820e2
406	1.780e2
407	2.080e2
408	2.320e2
409	2.500e2
410	2.820e2
411	2.410e2
412	2.230e2
413	2.180e2
414	2.190e2
415	3.870e2
416	2.950e2
417	2.850e2
418	2.110e2
419	1.880e2
420	1.830e2
421	2.020e2
422	2.140e2
423	2.330e2
424	2.370e2
425	2.100e2
426	1.860e2
427	1.710e2
428	1.700e2
429	4.620e2
430	2.960e2
431	2.650e2
432	2.010e2
433	1.970e2
434	1.960e2
435	1.970e2
436	2.110e2
437	2.190e2
438	2.060e2
439	2.020e2
440	1.790e2
441	1.530e2
442	1.510e2
443	1.610e2
444	1.580e2
445	1.690e2
446	1.870e2
447	2.470e2
448	2.650e2
449	2.930e2
450	3.230e2
451	2.450e2
452	2.390e2
453	1.950e2
454	1.650e2
455	1.510e2
456	1.460e2
457	1.550e2
458	1.560e2
459	1.550e2
460	1.610e2
461	1.790e2
462	2.020e2
463	2.540e2
464	2.600e2
465	2.580e2
466	2.460e2
467	2.070e2
468	1.710e2
469	1.540e2
470	1.520e2
471	1.580e2
472	1.760e2
473	1.790e2
474	1.870e2
475	2.370e2
476	2.540e2
477	3.160e2
478	3.070e2
479	3.080e2
480	3.040e2
481	2.890e2
482	1.970e2
483	1.680e2
484	1.580e2
485	1.760e2
486	1.960e2
487	2.000e2
488	2.240e2
489	2.940e2
490	3.100e2
491	3.570e2
492	3.490e2
493	3.020e2
494	2.630e2
495	2.800e2
496	2.030e2
497	1.830e2
498	1.810e2
499	2.330e2
500	2.420e2
501	2.710e2
502	2.760e2
503	3.570e2
504	3.630e2
505	4.160e2
506	4.020e2
507	4.820e2
508	3.280e2
509	2.790e2
510	2.010e2
511	1.820e2
512	1.910e2
513	1.950e2
514	2.330e2
515	2.010e2
516	2.050e2
517	2.140e2
518	2.450e2
519	3.180e2
520	3.120e2
521	4.050e2
522	2.900e2
523	2.640e2
524	2.180e2
525	2.330e2
526	2.360e2
527	2.600e2
528	2.760e2
529	2.390e2
530	2.350e2
531	2.300e2
532	2.460e2
533	2.530e2
534	2.560e2
535	2.580e2
536	2.050e2
537	1.850e2
538	1.630e2
539	1.650e2
540	1.760e2
541	1.800e2
542	2.030e2
543	1.990e2
544	2.080e2
545	2.240e2
546	2.380e2
547	2.420e2
548	2.220e2
549	2.250e2
550	2.220e2
551	2.680e2
552	5.700e2
553	3.210e2
554	1.920e2
555	1.590e2
556	1.690e2
557	1.660e2
558	1.720e2
559	1.820e2
560	2.010e2
561	2.000e2
562	2.220e2
563	2.170e2
564	2.140e2
565	1.940e2
566	1.560e2
567	1.450e2
568	1.410e2
569	1.580e2
570	1.770e2
571	1.900e2
572	2.810e2
573	4.840e2
574	6.880e2
575	2.251e3
576	1.695e3
577	2.645e3
578	3.489e3
579	1.619e3
580	9.650e2
581	4.070e2
582	2.120e2
583	1.600e2
584	1.510e2
585	1.580e2
586	1.990e2
587	2.030e2
588	2.400e2
589	2.700e2
590	3.860e2
591	3.150e2
592	3.110e2
593	2.600e2
594	2.320e2
595	3.060e2
596	3.610e2
597	5.730e2
598	1.163e3
599	2.594e3
600	2.436e3
601	6.037e3
602	4.525e3
603	6.285e3
604	6.234e3
605	3.562e3
606	2.569e3
607	1.137e3
608	5.660e2
609	2.900e2
610	2.090e2
611	1.890e2
612	2.260e2
613	2.610e2
614	3.950e2
615	5.060e2
616	9.400e2
617	1.093e3
618	9.570e2
619	8.210e2
620	4.770e2
621	4.120e2
622	2.700e2
623	1.760e2
624	1.510e2
625	1.340e2
626	1.540e2
627	1.390e2
628	1.650e2
629	1.840e2
630	1.950e2
631	2.770e2
632	2.610e2
633	2.750e2
634	2.780e2
635	1.920e2
636	1.620e2
637	1.420e2
638	1.280e2
639	1.190e2
640	1.190e2
641	1.180e2
642	1.250e2
643	1.430e2
644	1.520e2
645	1.970e2
646	1.810e2
647	1.900e2
648	1.630e2
649	1.470e2
650	1.290e2
651	1.270e2
652	1.250e2
653	1.270e2
654	1.320e2
655	1.430e2
656	1.610e2
657	1.980e2
658	1.940e2
659	2.640e2
660	2.250e2
661	2.170e2
662	1.890e2
663	1.960e2
664	1.590e2
665	1.350e2
666	1.250e2
667	1.240e2
668	1.220e2
669	1.290e2
670	1.410e2
671	1.760e2
672	1.720e2
673	2.090e2
674	1.910e2
675	2.230e2
676	1.790e2
677	1.840e2
678	1.450e2
679	1.180e2
680	1.060e2
681	1.060e2
682	1.210e2
683	1.210e2
684	1.410e2
685	1.700e2
686	1.660e2
687	1.890e2
688	1.690e2
689	1.980e2
690	1.590e2
691	1.410e2
692	1.220e2
693	1.050e2
694	1.050e2
695	1.080e2
696	1.200e2
697	1.300e2
698	1.430e2
699	1.780e2
700	1.630e2
701	1.850e2
702	1.630e2
703	1.660e2
704	1.380e2
705	1.260e2
706	1.090e2
707	9.800e1
708	1.040e2
709	1.050e2
710	1.200e2
711	1.280e2
712	1.500e2
713	1.770e2
714	1.760e2
715	2.000e2
716	1.780e2
717	1.890e2
718	1.530e2
719	1.430e2
720	1.190e2
721	1.110e2
722	1.030e2
723	1.100e2
724	1.140e2
725	1.300e2
726	1.490e2
727	1.900e2
728	2.070e2
729	2.250e2
730	2.340e2
731	2.600e2
732	1.900e2
733	1.780e2
734	1.360e2
735	1.140e2
736	1.120e2
737	1.070e2
738	1.200e2
739	1.350e2
740	1.850e2
741	2.390e2
742	2.710e2
743	3.290e2
744	3.480e2
745	3.430e2
746	2.380e2
747	2.020e2
748	1.430e2
749	1.180e2
750	1.130e2
751	1.170e2
752	1.410e2
753	1.680e2
754	2.830e2
755	3.930e2
756	4.180e2
757	4.500e2
758	3.730e2
759	4.010e2
760	2.610e2
761	2.040e2
762	1.560e2
763	1.250e2
764	1.290e2
765	1.350e2
766	1.750e2
767	2.170e2
768	4.100e2
769	4.630e2
770	5.650e2
771	5.130e2
772	3.980e2
773	3.500e2
774	2.370e2
775	1.850e2
776	1.510e2
777	1.310e2
778	1.250e2
779	1.270e2
780	1.940e2
781	2.270e2
782	3.220e2
783	3.870e2
784	4.390e2
785	4.120e2
786	3.190e2
787	3.010e2
788	2.130e2
789	1.770e2
790	1.500e2
791	1.270e2
792	1.200e2
793	1.290e2
794	2.430e2
795	2.620e2
796	3.310e2
797	3.440e2
798	3.430e2
799	3.050e2
800	2.530e2
801	2.150e2
802	1.660e2
803	1.490e2
804	1.830e2
805	1.540e2
806	1.570e2
807	1.550e2
808	3.020e2
809	2.970e2
810	3.490e2
811	3.250e2
812	2.910e2
813	2.430e2
814	2.020e2
815	1.800e2
816	1.350e2
817	1.250e2
818	1.250e2
819	1.200e2
820	1.210e2
821	1.380e2
822	1.800e2
823	1.970e2
824	1.910e2
825	1.950e2
826	1.890e2
827	1.900e2
828	1.650e2
829	1.720e2
830	1.490e2
831	1.610e2
832	1.420e2
833	1.230e2
834	1.110e2
835	1.130e2
836	1.210e2
837	1.420e2
838	1.570e2
839	2.020e2
840	1.850e2
841	2.160e2
842	1.760e2
843	1.470e2
844	1.300e2
845	1.180e2
846	1.190e2
847	1.140e2
848	1.080e2
849	1.120e2
850	1.200e2
851	2.270e2
852	2.110e2
853	3.720e2
854	4.280e2
855	2.059e3
856	1.559e3
857	1.737e3
858	1.088e3
859	7.900e2
860	4.400e2
861	2.540e2
862	1.610e2
863	1.580e2
864	1.470e2
865	2.200e2
866	2.040e2
867	2.720e2
868	2.400e2
869	2.120e2
870	1.950e2
871	1.840e2
872	1.980e2
873	3.620e2
874	3.040e2
875	3.320e2
876	2.820e2
877	5.110e2
878	5.970e2
879	3.033e3
880	2.590e3
881	5.814e3
882	4.018e3
883	4.782e3
884	2.957e3
885	2.421e3
886	1.446e3
887	6.610e2
888	3.770e2
889	1.950e2
890	1.390e2
891	1.010e2
892	1.100e2
893	1.010e2
894	1.400e2
895	1.290e2
896	1.650e2
897	1.450e2
898	1.590e2
899	1.270e2
900	1.180e2
901	9.700e1
902	7.500e1
903	6.600e1
904	5.800e1
905	5.600e1
906	5.200e1
907	6.100e1
908	5.500e1
909	7.600e1
910	8.200e1
911	1.230e2
912	1.080e2
913	1.050e2
914	8.000e1
915	7.900e1
916	6.800e1
917	5.600e1
918	4.900e1
919	4.900e1
920	4.700e1
921	4.800e1
922	4.700e1
923	4.800e1
924	4.900e1
925	4.700e1
926	4.700e1
927	4.700e1
928	4.700e1
929	4.800e1
930	4.500e1
931	4.700e1
932	4.600e1
933	4.400e1
934	4.600e1
935	4.400e1
936	4.300e1
937	4.400e1
938	4.700e1
939	4.900e1
940	4.700e1
941	4.900e1
942	4.700e1
943	4.600e1
944	4.400e1
945	4.200e1
946	4.200e1
947	4.300e1
948	4.400e1
949	4.400e1
950	4.300e1
951	4.300e1
952	4.500e1
953	4.500e1
954	4.300e1
955	4.100e1
956	4.000e1
957	4.200e1
958	4.400e1
959	4.300e1
960	4.100e1
961	4.400e1
962	4.200e1
963	4.300e1
964	4.200e1
965	4.200e1
966	4.200e1
967	4.300e1
968	4.400e1
969	4.500e1
970	4.200e1
971	4.200e1
972	4.100e1
973	4.400e1
974	4.100e1
975	3.800e1
976	4.100e1
977	4.100e1
978	3.900e1
979	4.300e1
980	4.100e1
981	4.100e1
982	4.300e1
983	4.300e1
984	4.300e1
985	3.800e1
986	3.900e1
987	4.100e1
988	4.200e1
989	4.100e1
990	3.700e1
991	3.900e1
992	4.000e1
993	4.300e1
994	4.300e1
995	4.300e1
996	4.300e1
997	4.300e1
998	4.000e1
999	3.900e1
