60	1.161e3
61	5.020e2
62	3.250e2
63	3.020e2
64	2.820e2
65	3.130e2
66	6.370e2
67	7.153e3
68	8.188e3
69	7.000e4
70	9.608e3
71	1.962e4
72	4.906e3
73	7.910e2
74	4.830e2
75	3.030e2
76	2.500e2
77	3.080e2
78	6.650e2
79	1.157e3
80	5.962e3
81	9.730e3
82	1.617e4
83	1.520e4
84	1.061e4
85	1.136e4
86	1.202e3
87	6.420e2
88	3.600e2
89	2.790e2
90	2.510e2
91	5.400e2
92	7.260e2
93	3.862e3
94	6.471e3
95	1.010e4
96	1.576e4
97	1.659e4
98	2.221e4
99	7.051e3
100	1.106e3
101	6.480e2
102	3.710e2
103	3.330e2
104	4.090e2
105	6.090e2
106	1.064e3
107	2.701e3
108	6.422e3
109	8.089e3
110	1.296e4
111	1.765e4
112	9.110e3
113	5.473e3
114	3.012e3
115	6.890e2
116	8.880e2
117	6.860e2
118	6.580e2
119	1.119e3
120	1.629e3
121	4.591e3
122	5.939e3
123	7.432e3
124	1.033e4
125	8.851e3
126	5.697e3
127	4.008e3
128	8.600e2
129	1.864e3
130	5.700e2
131	7.350e2
132	8.370e2
133	1.683e3
134	4.257e3
135	8.034e3
136	7.197e3
137	8.372e3
138	2.258e4
139	1.268e4
140	4.664e3
141	3.519e3
142	8.330e2
143	7.720e2
144	6.560e2
145	7.660e2
146	8.900e2
147	2.094e3
148	7.509e3
149	8.163e3
150	1.022e4
151	9.460e3
152	9.292e3
153	5.501e3
154	4.062e3
155	2.795e3
156	8.890e2
157	8.000e2
158	7.640e2
159	9.340e2
160	1.789e3
161	4.321e3
162	3.778e3
163	4.341e3
164	6.768e3
165	6.010e3
166	6.270e3
167	4.391e3
168	2.796e3
169	1.226e3
170	8.060e2
171	1.036e3
172	1.029e3
173	1.108e3
174	1.040e3
175	1.756e3
176	2.427e3
177	3.691e3
178	6.808e3
179	4.136e3
180	4.175e3
181	2.807e3
182	2.379e3
183	1.091e3
184	9.070e2
185	1.867e3
186	1.501e3
187	1.938e3
188	1.294e3
189	1.643e3
190	1.838e3
191	2.842e3
192	3.007e3
193	2.578e3
194	3.746e3
195	1.786e3
196	1.827e3
197	9.070e2
198	7.940e2
199	9.680e2
200	9.090e2
201	9.680e2
202	2.635e3
203	3.709e3
204	2.625e3
205	1.759e3
206	2.510e3
207	1.106e4
208	5.000e3
209	3.761e3
210	1.520e3
211	9.400e2
212	7.500e2
213	8.780e2
214	1.520e3
215	1.203e3
216	8.590e2
217	8.980e2
218	1.291e3
219	2.600e3
220	3.565e3
221	1.909e3
222	2.467e3
223	1.196e3
224	1.058e3
225	7.940e2
226	7.570e2
227	8.030e2
228	7.460e2
229	7.960e2
230	7.430e2
231	8.120e2
232	4.075e3
233	1.051e4
234	5.794e3
235	4.398e3
236	3.809e3
237	1.810e3
238	1.125e3
239	1.110e3
240	8.070e2
241	7.740e2
242	8.370e2
243	7.230e2
244	7.340e2
245	7.750e2
246	1.270e3
247	1.043e3
248	9.560e2
249	1.056e3
250	8.490e2
251	7.770e2
252	6.550e2
253	7.490e2
254	6.600e2
255	6.280e2
256	1.133e3
257	6.150e2
258	7.540e2
259	7.420e2
260	8.195e3
261	3.054e3
262	4.742e4
263	1.558e4
264	1.934e4
265	6.435e3
266	8.680e2
267	9.220e2
268	6.120e2
269	5.660e2
270	5.420e2
271	9.960e2
272	6.240e2
273	8.180e2
274	6.310e2
275	7.880e2
276	8.690e2
277	9.940e2
278	3.647e3
279	3.372e3
280	1.034e4
281	6.053e3
282	1.702e3
283	8.690e2
284	6.420e2
285	5.050e2
286	4.520e2
287	4.330e2
288	4.590e2
289	4.970e2
290	4.960e2
291	5.710e2
292	5.980e2
293	5.830e2
294	5.310e2
295	5.370e2
296	6.050e2
297	5.000e2
298	4.120e2
299	3.850e2
300	4.110e2
301	3.500e2
302	3.580e2
303	3.840e2
304	3.680e2
305	3.720e2
306	3.860e2
307	3.610e2
308	5.180e2
309	3.430e2
310	3.270e2
311	3.300e2
312	3.480e2
313	1.038e3
314	9.290e2
315	4.260e2
316	4.240e2
317	3.390e2
318	5.690e2
319	4.240e2
320	4.440e2
321	3.800e2
322	3.810e2
323	1.076e3
324	5.490e2
325	3.900e2
326	3.220e2
327	3.010e2
328	3.120e2
329	3.500e2
330	3.170e2
331	3.020e2
332	3.310e2
333	3.970e2
334	4.770e2
335	4.920e2
336	2.617e3
337	9.310e2
338	1.707e3
339	3.919e3
340	1.090e3
341	9.920e2
342	5.470e2
343	3.550e2
344	2.710e2
345	2.580e2
346	4.170e2
347	2.710e2
348	2.550e2
349	2.680e2
350	2.770e2
351	4.070e2
352	3.540e2
353	3.600e2
354	2.971e4
355	7.652e3
356	1.554e3
357	5.770e2
358	3.970e2
359	2.860e2
360	2.510e2
361	2.400e2
362	2.300e2
363	2.210e2
364	2.240e2
365	3.010e2
366	2.560e2
367	3.230e2
368	3.000e2
369	2.830e2
370	3.782e3
371	1.056e3
372	3.220e2
373	2.360e2
374	2.200e2
375	2.220e2
376	2.280e2
377	2.250e2
378	2.530e2
379	2.810e2
380	3.760e2
381	4.100e2
382	4.730e2
383	5.320e2
384	4.160e2
385	2.600e2
386	2.270e2
387	2.130e2
388	2.250e2
389	2.130e2
390	2.170e2
391	2.540e2
392	2.530e2
393	4.160e2
394	4.580e2
395	5.330e2
396	6.890e2
397	1.079e3
398	6.990e2
399	3.670e2
400	3.410e2
401	3.680e2
402	2.920e2
403	2.370e2
404	2.330e2
405	2.200e2
406	2.170e2
407	2.470e2
408	2.850e2
409	3.160e2
410	3.600e2
411	3.120e2
412	3.080e2
413	3.690e2
414	6.340e2
415	8.350e2
416	6.440e2
417	5.070e2
418	3.050e2
419	2.340e2
420	2.230e2
421	2.530e2
422	2.700e2
423	2.910e2
424	3.000e2
425	2.540e2
426	2.260e2
427	2.200e2
428	2.030e2
429	5.860e2
430	3.700e2
431	3.260e2
432	2.420e2
433	2.420e2
434	2.480e2
435	2.540e2
436	2.730e2
437	2.840e2
438	2.640e2
439	2.600e2
440	2.210e2
441	1.900e2
442	1.800e2
443	1.930e2
444	1.880e2
445	2.070e2
446	2.490e2
447	3.210e2
448	3.650e2
449	4.000e2
450	4.550e2
451	3.340e2
452	3.220e2
453	2.580e2
454	2.050e2
455	1.810e2
456	1.760e2
457	1.800e2
458	1.890e2
459	1.880e2
460	1.970e2
461	2.250e2
462	2.620e2
463	3.560e2
464	3.590e2
465	3.580e2
466	3.350e2
467	2.790e2
468	2.220e2
469	1.840e2
470	1.830e2
471	1.870e2
472	2.150e2
473	2.160e2
474	2.340e2
475	2.930e2
476	3.350e2
477	4.560e2
478	4.380e2
479	4.360e2
480	4.220e2
481	4.130e2
482	2.670e2
483	2.110e2
484	1.880e2
485	2.080e2
486	2.400e2
487	2.420e2
488	2.890e2
489	3.720e2
490	4.110e2
491	5.040e2
492	5.070e2
493	4.460e2
494	3.680e2
495	4.080e2
496	2.730e2
497	2.220e2
498	2.120e2
499	2.570e2
500	2.870e2
501	3.140e2
502	3.460e2
503	4.790e2
504	5.170e2
505	6.130e2
506	6.130e2
507	7.370e2
508	4.830e2
509	4.030e2
510	2.660e2
511	2.220e2
512	2.270e2
513	2.320e2
514	2.890e2
515	2.450e2
516	2.500e2
517	2.780e2
518	3.320e2
519	4.640e2
520	4.550e2
521	6.210e2
522	4.160e2
523	3.760e2
524	2.840e2
525	2.830e2
526	2.830e2
527	3.200e2
528	3.520e2
529	3.050e2
530	3.060e2
531	3.020e2
532	3.560e2
533	3.680e2
534	3.810e2
535	3.750e2
536	2.790e2
537	2.460e2
538	2.020e2
539	1.900e2
540	2.060e2
541	2.030e2
542	2.410e2
543	2.380e2
544	2.610e2
545	2.950e2
546	3.440e2
547	3.570e2
548	3.260e2
549	3.190e2
550	3.040e2
551	3.690e2
552	8.230e2
553	4.400e2
554	2.440e2
555	1.920e2
556	2.080e2
557	2.080e2
558	2.180e2
559	2.370e2
560	2.820e2
561	2.850e2
562	3.190e2
563	2.900e2
564	2.850e2
565	2.460e2
566	1.930e2
567	1.770e2
568	1.690e2
569	1.970e2
570	2.210e2
571	2.430e2
572	3.500e2
573	6.500e2
574	9.560e2
575	3.574e3
576	2.510e3
577	4.201e3
578	5.455e3
579	2.383e3
580	1.393e3
581	5.580e2
582	2.760e2
583	2.030e2
584	1.870e2
585	2.030e2
586	2.610e2
587	2.680e2
588	3.310e2
589	3.750e2
590	5.390e2
591	4.810e2
592	4.430e2
593	3.720e2
594	2.870e2
595	3.320e2
596	3.940e2
597	7.830e2
598	1.443e3
599	3.641e3
600	3.258e3
601	9.849e3
602	6.874e3
603	1.040e4
604	9.794e3
605	5.500e3
606	3.853e3
607	1.667e3
608	8.680e2
609	3.840e2
610	2.610e2
611	2.280e2
612	2.520e2
613	3.060e2
614	4.940e2
615	7.280e2
616	1.309e3
617	2.165e3
618	1.658e3
619	1.644e3
620	8.830e2
621	7.340e2
622	4.250e2
623	2.420e2
624	1.920e2
625	1.650e2
626	1.890e2
627	1.700e2
628	2.150e2
629	2.440e2
630	2.690e2
631	3.940e2
632	3.810e2
633	3.920e2
634	4.000e2
635	2.640e2
636	2.170e2
637	1.790e2
638	1.540e2
639	1.420e2
640	1.380e2
641	1.430e2
642	1.490e2
643	1.790e2
644	1.900e2
645	2.710e2
646	2.350e2
647	2.640e2
648	2.150e2
649	1.960e2
650	1.640e2
651	1.560e2
652	1.540e2
653	1.540e2
654	1.580e2
655	1.710e2
656	1.930e2
657	2.410e2
658	2.420e2
659	3.370e2
660	2.830e2
661	2.740e2
662	2.380e2
663	2.450e2
664	1.970e2
665	1.650e2
666	1.460e2
667	1.410e2
668	1.400e2
669	1.490e2
670	1.700e2
671	2.170e2
672	2.110e2
673	2.630e2
674	2.410e2
675	2.960e2
676	2.340e2
677	2.420e2
678	1.810e2
679	1.410e2
680	1.200e2
681	1.190e2
682	1.360e2
683	1.400e2
684	1.670e2
685	2.110e2
686	2.050e2
687	2.380e2
688	2.140e2
689	2.560e2
690	2.020e2
691	1.750e2
692	1.460e2
693	1.230e2
694	1.190e2
695	1.190e2
696	1.360e2
697	1.510e2
698	1.680e2
699	2.160e2
700	1.980e2
701	2.340e2
702	2.040e2
703	2.060e2
704	1.700e2
705	1.530e2
706	1.280e2
707	1.120e2
708	1.150e2
709	1.190e2
710	1.370e2
711	1.490e2
712	1.770e2
713	2.150e2
714	2.140e2
715	2.500e2
716	2.250e2
717	2.370e2
718	1.890e2
719	1.800e2
720	1.450e2
721	1.270e2
722	1.170e2
723	1.220e2
724	1.290e2
725	1.500e2
726	1.810e2
727	2.360e2
728	2.620e2
729	2.830e2
730	2.990e2
731	3.400e2
732	2.470e2
733	2.240e2
734	1.630e2
735	1.330e2
736	1.250e2
737	1.200e2
738	1.390e2
739	1.540e2
740	2.280e2
741	2.990e2
742	3.410e2
743	4.240e2
744	4.540e2
745	4.530e2
746	3.060e2
747	2.610e2
748	1.750e2
749	1.370e2
750	1.260e2
751	1.270e2
752	1.610e2
753	1.950e2
754	3.540e2
755	4.950e2
756	5.270e2
757	5.830e2
758	4.850e2
759	5.250e2
760	3.370e2
761	2.620e2
762	1.900e2
763	1.450e2
764	1.360e2
765	1.390e2
766	1.960e2
767	2.540e2
768	5.120e2
769	5.800e2
770	7.280e2
771	6.670e2
772	5.140e2
773	4.590e2
774	3.050e2
775	2.370e2
776	1.790e2
777	1.470e2
778	1.360e2
779	1.390e2
780	2.270e2
781	2.730e2
782	3.880e2
783	4.880e2
784	5.600e2
785	5.320e2
786	4.160e2
787	3.920e2
788	2.730e2
789	2.170e2
790	1.700e2
791	1.350e2
792	1.250e2
793	1.390e2
794	2.880e2
795	3.150e2
796	4.110e2
797	4.350e2
798	4.370e2
799	3.880e2
800	3.250e2
801	2.720e2
802	2.040e2
803	1.690e2
804	1.610e2
805	1.400e2
806	1.420e2
807	1.540e2
808	3.380e2
809	3.490e2
810	4.190e2
811	4.040e2
812	3.650e2
813	3.060e2
814	2.550e2
815	2.240e2
816	1.610e2
817	1.400e2
818	1.370e2
819	1.290e2
820	1.360e2
821	1.530e2
822	2.070e2
823	2.300e2
824	2.310e2
825	2.360e2
826	2.330e2
827	2.370e2
828	2.080e2
829	2.180e2
830	1.810e2
831	2.020e2
832	1.720e2
833	1.470e2
834	1.290e2
835	1.280e2
836	1.410e2
837	1.700e2
838	1.820e2
839	2.510e2
840	2.390e2
841	2.790e2
842	2.290e2
843	1.840e2
844	1.530e2
845	1.360e2
846	1.330e2
847	1.280e2
848	1.230e2
849	1.220e2
850	1.310e2
851	2.030e2
852	2.090e2
853	4.200e2
854	5.350e2
855	2.705e3
856	2.094e3
857	2.294e3
858	1.470e3
859	1.090e3
860	6.140e2
861	3.440e2
862	2.080e2
863	1.990e2
864	1.850e2
865	2.740e2
866	2.640e2
867	3.460e2
868	3.160e2
869	2.710e2
870	2.500e2
871	2.270e2
872	2.320e2
873	2.740e2
874	2.440e2
875	2.390e2
876	2.230e2
877	4.180e2
878	6.010e2
879	3.608e3
880	3.349e3
881	7.767e3
882	5.569e3
883	6.508e3
884	4.074e3
885	3.307e3
886	1.980e3
887	1.023e3
888	5.150e2
889	2.640e2
890	1.810e2
891	1.260e2
892	1.330e2
893	1.190e2
894	1.680e2
895	1.630e2
896	2.080e2
897	1.870e2
898	2.030e2
899	1.680e2
900	1.480e2
901	1.220e2
902	9.100e1
903	7.500e1
904	6.400e1
905	5.800e1
906	5.500e1
907	6.500e1
908	6.000e1
909	8.700e1
910	9.800e1
911	1.450e2
912	1.360e2
913	1.280e2
914	1.000e2
915	9.300e1
916	7.800e1
917	6.100e1
918	5.500e1
919	5.100e1
920	4.900e1
921	4.900e1
922	5.100e1
923	5.000e1
924	5.100e1
925	4.800e1
926	5.100e1
927	5.000e1
928	4.900e1
929	4.900e1
930	4.600e1
931	4.700e1
932	4.700e1
933	4.600e1
934	4.700e1
935	4.500e1
936	4.500e1
937	4.400e1
938	4.800e1
939	5.100e1
940	5.000e1
941	5.000e1
942	4.900e1
943	4.800e1
944	4.500e1
945	4.300e1
946	4.300e1
947	4.300e1
948	4.700e1
949	4.700e1
950	4.500e1
951	4.600e1
952	4.500e1
953	4.500e1
954	4.500e1
955	4.300e1
956	4.100e1
957	4.300e1
958	4.300e1
959	4.400e1
960	4.200e1
961	4.200e1
962	4.200e1
963	4.300e1
964	4.200e1
965	4.200e1
966	4.200e1
967	4.400e1
968	4.600e1
969	4.600e1
970	4.400e1
971	4.300e1
972	4.000e1
973	4.300e1
974	4.200e1
975	3.900e1
976	4.000e1
977	4.100e1
978	4.000e1
979	4.400e1
980	4.200e1
981	4.100e1
982	4.500e1
983	4.300e1
984	4.300e1
985	3.800e1
986	3.900e1
987	4.100e1
988	4.200e1
989	4.200e1
990	3.800e1
991	3.900e1
992	4.100e1
993	4.300e1
994	4.200e1
995	4.300e1
996	4.200e1
997	4.200e1
998	4.100e1
999	4.000e1
