60	14460
61	2832
62	429
63	364
64	321
65	410
66	673
67	6807
68	8806
69	14460
70	13690
71	28210
72	13350
73	9263
74	1247
75	392
76	312
77	394
78	506
79	1108
80	4605
81	8276
82	14250
83	19840
84	42590
85	17700
86	5683
87	4264
88	633
89	382
90	302
91	550
92	795
93	4555
94	7780
95	10630
96	14840
97	24430
98	211600
99	19600
100	5531
101	4862
102	982
103	562
104	536
105	725
106	1143
107	4053
108	6040
109	8715
110	13350
111	17150
112	49100
113	8518
114	4364
115	4404
116	8541
117	2699
118	1061
119	2395
120	3950
121	5038
122	6205
123	6564
124	10520
125	8667
126	12430
127	12230
128	4260
129	9386
130	1232
131	848
132	1092
133	3294
134	4225
135	5311
136	6166
137	6756
138	8573
139	7642
140	6125
141	4671
142	1936
143	3386
144	1080
145	1102
146	1294
147	3322
148	3633
149	4408
150	5234
151	5750
152	8105
153	4818
154	5894
155	8183
156	2631
157	4437
158	4119
159	1927
160	1312
161	2460
162	3705
163	3759
164	4777
165	4945
166	5365
167	4083
168	3634
169	3239
170	2020
171	4772
172	2525
173	1817
174	1197
175	1253
176	2592
177	2391
178	3593
179	2701
180	5657
181	2869
182	6789
183	51440
184	8021
185	4950
186	3251
187	1794
188	1130
189	1163
190	1295
191	2376
192	2565
193	3517
194	2734
195	4498
196	2656
197	5693
198	2278
199	4470
200	6264
201	4864
202	1520
203	943
204	1098
205	1012
206	2036
207	4439
208	3896
209	2086
210	3343
211	9505
212	2674
213	2036
214	1416
215	946
216	765
217	761
218	831
219	1073
220	949
221	973
222	870
223	1074
224	1741
225	2170
226	871
227	3116
228	2900
229	2350
230	676
231	582
232	624
233	560
234	689
235	696
236	821
237	881
238	1977
239	3015
240	855
241	822
242	2789
243	2804
244	601
245	520
246	531
247	541
248	494
249	557
250	493
251	539
252	615
253	778
254	563
255	3649
256	3047
257	7886
258	1512
259	539
260	493
261	642
262	831
263	718
264	3802
265	735
266	609
267	589
268	447
269	543
270	1222
271	645
272	384
273	354
274	360
275	456
276	364
277	377
278	366
279	484
280	489
281	924
282	566
283	1432
284	663
285	1591
286	477
287	313
288	300
289	288
290	295
291	252
292	263
293	254
294	287
295	305
296	298
297	397
298	4879
299	3756
300	586
301	348
302	277
303	258
304	235
305	218
306	213
307	214
308	252
309	271
310	258
311	1900
312	757
313	471
314	346
315	250
316	237
317	308
318	265
319	209
320	215
321	218
322	222
323	235
324	252
325	419
326	1464
327	1085
328	444
329	261
330	238
331	198
332	187
333	197
334	210
335	209
336	289
337	324
338	352
339	1208
340	641
341	511
342	352
343	244
344	200
345	228
346	212
347	192
348	184
349	178
350	196
351	211
352	230
353	425
354	987
355	1835
356	1017
357	438
358	285
359	216
360	179
361	166
362	171
363	167
364	204
365	276
366	260
367	1097
368	1092
369	1199
370	837
371	399
372	347
373	218
374	227
375	190
376	167
377	171
378	190
379	221
380	272
381	474
382	2298
383	5539
384	3646
385	1194
386	495
387	335
388	213
389	176
390	170
391	177
392	196
393	272
394	272
395	565
396	969
397	932
398	729
399	374
400	246
401	336
402	451
403	249
404	173
405	155
406	173
407	191
408	236
409	399
410	1758
411	4197
412	2941
413	1174
414	469
415	327
416	208
417	163
418	156
419	157
420	162
421	191
422	196
423	308
424	601
425	1156
426	1242
427	600
428	294
429	363
430	462
431	259
432	172
433	152
434	176
435	207
436	214
437	417
438	2352
439	6346
440	5270
441	1737
442	713
443	392
444	212
445	151
446	166
447	178
448	169
449	170
450	170
451	192
452	430
453	889
454	919
455	479
456	254
457	262
458	503
459	231
460	143
461	132
462	161
463	234
464	265
465	782
466	1664
467	3904
468	3758
469	1359
470	492
471	406
472	196
473	131
474	118
475	119
476	118
477	123
478	139
479	152
480	317
481	829
482	715
483	364
484	223
485	201
486	329
487	175
488	121
489	114
490	124
491	157
492	170
493	464
494	539
495	1992
496	1872
497	813
498	321
499	459
500	224
501	130
502	132
503	141
504	130
505	120
506	124
507	127
508	254
509	682
510	509
511	256
512	182
513	159
514	186
515	121
516	102
517	96
518	120
519	280
520	358
521	1468
522	972
523	1147
524	896
525	400
526	192
527	405
528	195
529	108
530	90
531	87
532	85
533	91
534	91
535	102
536	144
537	497
538	348
539	186
540	132
541	136
542	120
543	93
544	87
545	88
546	88
547	158
548	151
549	563
550	352
551	358
552	321
553	165
554	117
555	253
556	138
557	111
558	86
559	85
560	82
561	78
562	79
563	94
564	119
565	364
566	280
567	164
568	110
569	111
570	91
571	75
572	74
573	74
574	84
575	147
576	138
577	401
578	288
579	226
580	149
581	112
582	94
583	176
584	111
585	77
586	68
587	70
588	67
589	75
590	71
591	81
592	96
593	294
594	216
595	129
596	93
597	105
598	82
599	81
600	79
601	129
602	111
603	261
604	186
605	151
606	115
607	125
608	93
609	85
610	77
611	136
612	98
613	76
614	70
615	69
616	66
617	73
618	74
619	81
620	92
621	261
622	184
623	110
624	82
625	87
626	74
627	67
628	62
629	67
630	64
631	69
632	66
633	69
634	69
635	87
636	79
637	81
638	76
639	134
640	94
641	68
642	64
643	65
644	61
645	67
646	70
647	90
648	87
649	194
650	140
651	99
652	85
653	76
654	73
655	69
656	64
657	61
658	63
659	64
660	61
661	65
662	69
663	88
664	71
665	104
666	83
667	111
668	85
669	67
670	65
671	61
672	59
673	63
674	63
675	80
676	79
677	130
678	103
679	78
680	64
681	68
682	64
683	58
684	60
685	58
686	62
687	61
688	61
689	68
690	67
691	70
692	68
693	78
694	69
695	84
696	74
697	62
698	60
699	58
700	55
701	61
702	66
703	79
704	72
705	87
706	78
707	65
708	59
709	63
710	59
711	59
712	58
713	57
714	60
715	59
716	58
717	64
718	64
719	72
720	71
721	78
722	74
723	68
724	62
725	60
726	59
727	57
728	62
729	64
730	58
731	67
732	63
733	66
734	63
735	60
736	56
737	51
738	56
739	58
740	56
741	55
742	56
743	56
744	59
745	67
746	66
747	76
748	69
749	71
750	66
751	61
752	53
753	53
754	58
755	56
756	52
757	58
758	53
759	61
760	61
761	57
762	58
763	55
764	56
765	53
766	58
767	52
768	54
769	54
770	56
771	58
772	57
773	57
774	57
775	64
776	60
777	60
778	58
779	52
780	57
781	54
782	56
783	52
784	58
785	56
786	59
787	59
788	52
789	53
790	54
791	56
792	53
793	54
794	57
795	54
796	56
797	53
798	54
799	59
800	57
801	61
802	60
803	65
804	63
805	60
806	54
807	53
808	50
809	50
810	52
811	49
812	53
813	57
814	55
815	50
816	55
817	52
818	55
819	56
820	51
821	57
822	49
823	48
824	53
825	53
826	52
827	56
828	55
829	58
830	59
831	57
832	60
833	57
834	53
835	53
836	49
837	48
838	51
839	50
840	53
841	55
842	55
843	52
844	50
845	52
846	53
847	53
848	51
849	54
850	49
851	52
852	51
853	51
854	54
855	56
856	57
857	57
858	60
859	58
860	60
861	58
862	51
863	47
864	49
865	52
866	55
867	51
868	55
869	49
870	53
871	54
872	51
873	50
874	52
875	51
876	49
877	52
878	54
879	55
880	61
881	60
882	60
883	63
884	61
885	65
886	59
887	59
888	52
889	56
890	50
891	52
892	50
893	47
894	50
895	54
896	51
897	48
898	49
899	47
900	47
901	50
902	51
903	46
904	46
905	52
906	47
907	48
908	48
909	54
910	50
911	50
912	50
913	49
914	51
915	48
916	51
917	54
918	51
919	53
920	48
921	49
922	49
923	53
924	52
925	51
926	51
927	51
928	48
929	50
930	46
931	47
932	49
933	48
934	51
935	48
936	49
937	49
938	49
939	49
940	46
941	49
942	47
943	50
944	51
945	46
946	50
947	49
948	52
949	50
950	50
951	50
952	49
953	51
954	51
955	47
956	52
957	46
958	51
959	50
960	49
961	49
962	47
963	48
964	48
965	48
966	47
967	49
968	51
969	47
970	48
971	47
972	45
973	49
974	50
975	44
976	51
977	50
978	49
979	48
980	48
981	48
982	47
983	46
984	47
985	48
986	49
987	49
988	53
989	50
990	46
991	45
992	49
993	46
994	47
995	45
996	45
997	46
998	46
999	44
